 frequency       loop_real       loop_imag      
 1.00000000e+00  5.64744675e+05 -1.42985876e+06 
 1.02329299e+00  5.42623364e+05 -1.40584910e+06 
 1.04712855e+00  5.21243840e+05 -1.38191184e+06 
 1.07151931e+00  5.00590947e+05 -1.35806808e+06 
 1.09647820e+00  4.80649057e+05 -1.33433769e+06 
 1.12201845e+00  4.61402144e+05 -1.31073933e+06 
 1.14815362e+00  4.42833854e+05 -1.28729048e+06 
 1.17489755e+00  4.24927581e+05 -1.26400747e+06 
 1.20226443e+00  4.07666524e+05 -1.24090547e+06 
 1.23026877e+00  3.91033757e+05 -1.21799856e+06 
 1.25892541e+00  3.75012276e+05 -1.19529976e+06 
 1.28824955e+00  3.59585058e+05 -1.17282106e+06 
 1.31825674e+00  3.44735103e+05 -1.15057342e+06 
 1.34896288e+00  3.30445483e+05 -1.12856688e+06 
 1.38038426e+00  3.16699379e+05 -1.10681052e+06 
 1.41253754e+00  3.03480118e+05 -1.08531257e+06 
 1.44543977e+00  2.90771207e+05 -1.06408039e+06 
 1.47910839e+00  2.78556361e+05 -1.04312055e+06 
 1.51356125e+00  2.66819529e+05 -1.02243883e+06 
 1.54881662e+00  2.55544917e+05 -1.00204031e+06 
 1.58489319e+00  2.44717010e+05 -9.81929353e+05 
 1.62181010e+00  2.34320588e+05 -9.62109682e+05 
 1.65958691e+00  2.24340740e+05 -9.42584395e+05 
 1.69824365e+00  2.14762880e+05 -9.23356010e+05 
 1.73780083e+00  2.05572753e+05 -9.04426492e+05 
 1.77827941e+00  1.96756446e+05 -8.85797297e+05 
 1.81970086e+00  1.88300395e+05 -8.67469392e+05 
 1.86208714e+00  1.80191388e+05 -8.49443297e+05 
 1.90546072e+00  1.72416571e+05 -8.31719108e+05 
 1.94984460e+00  1.64963447e+05 -8.14296528e+05 
 1.99526231e+00  1.57819878e+05 -7.97174896e+05 
 2.04173794e+00  1.50974082e+05 -7.80353213e+05 
 2.08929613e+00  1.44414637e+05 -7.63830164e+05 
 2.13796209e+00  1.38130471e+05 -7.47604149e+05 
 2.18776162e+00  1.32110866e+05 -7.31673298e+05 
 2.23872114e+00  1.26345447e+05 -7.16035498e+05 
 2.29086765e+00  1.20824182e+05 -7.00688413e+05 
 2.34422882e+00  1.15537374e+05 -6.85629502e+05 
 2.39883292e+00  1.10475656e+05 -6.70856040e+05 
 2.45470892e+00  1.05629985e+05 -6.56365133e+05 
 2.51188643e+00  1.00991634e+05 -6.42153735e+05 
 2.57039578e+00  9.65521859e+04 -6.28218664e+05 
 2.63026799e+00  9.23035270e+04 -6.14556620e+05 
 2.69153480e+00  8.82378384e+04 -6.01164191e+05 
 2.75422870e+00  8.43475883e+04 -5.88037874e+05 
 2.81838293e+00  8.06255253e+04 -5.75174082e+05 
 2.88403150e+00  7.70646697e+04 -5.62569156e+05 
 2.95120923e+00  7.36583069e+04 -5.50219379e+05 
 3.01995172e+00  7.03999780e+04 -5.38120980e+05 
 3.09029543e+00  6.72834733e+04 -5.26270149e+05 
 3.16227766e+00  6.43028243e+04 -5.14663042e+05 
 3.23593657e+00  6.14522958e+04 -5.03295790e+05 
 3.31131121e+00  5.87263781e+04 -4.92164506e+05 
 3.38844156e+00  5.61197807e+04 -4.81265293e+05 
 3.46736850e+00  5.36274236e+04 -4.70594248e+05 
 3.54813389e+00  5.12444306e+04 -4.60147470e+05 
 3.63078055e+00  4.89661223e+04 -4.49921064e+05 
 3.71535229e+00  4.67880092e+04 -4.39911148e+05 
 3.80189396e+00  4.47057849e+04 -4.30113853e+05 
 3.89045145e+00  4.27153190e+04 -4.20525333e+05 
 3.98107171e+00  4.08126516e+04 -4.11141765e+05 
 4.07380278e+00  3.89939859e+04 -4.01959353e+05 
 4.16869383e+00  3.72556831e+04 -3.92974330e+05 
 4.26579519e+00  3.55942556e+04 -3.84182966e+05 
 4.36515832e+00  3.40063616e+04 -3.75581562e+05 
 4.46683592e+00  3.24887998e+04 -3.67166462e+05 
 4.57088190e+00  3.10385032e+04 -3.58934046e+05 
 4.67735141e+00  2.96525349e+04 -3.50880739e+05 
 4.78630092e+00  2.83280818e+04 -3.43003007e+05 
 4.89778819e+00  2.70624505e+04 -3.35297364e+05 
 5.01187234e+00  2.58530624e+04 -3.27760367e+05 
 5.12861384e+00  2.46974487e+04 -3.20388623e+05 
 5.24807460e+00  2.35932467e+04 -3.13178785e+05 
 5.37031796e+00  2.25381947e+04 -3.06127557e+05 
 5.49540874e+00  2.15301282e+04 -2.99231692e+05 
 5.62341325e+00  2.05669764e+04 -2.92487992e+05 
 5.75439937e+00  1.96467574e+04 -2.85893311e+05 
 5.88843655e+00  1.87675754e+04 -2.79444553e+05 
 6.02559586e+00  1.79276167e+04 -2.73138674e+05 
 6.16595002e+00  1.71251460e+04 -2.66972679e+05 
 6.30957344e+00  1.63585040e+04 -2.60943627e+05 
 6.45654229e+00  1.56261032e+04 -2.55048626e+05 
 6.60693448e+00  1.49264256e+04 -2.49284836e+05 
 6.76082975e+00  1.42580194e+04 -2.43649467e+05 
 6.91830971e+00  1.36194964e+04 -2.38139780e+05 
 7.07945784e+00  1.30095291e+04 -2.32753086e+05 
 7.24435960e+00  1.24268483e+04 -2.27486745e+05 
 7.41310241e+00  1.18702406e+04 -2.22338169e+05 
 7.58577575e+00  1.13385457e+04 -2.17304817e+05 
 7.76247117e+00  1.08306545e+04 -2.12384197e+05 
 7.94328235e+00  1.03455068e+04 -2.07573864e+05 
 8.12830516e+00  9.88208901e+03 -2.02871423e+05 
 8.31763771e+00  9.43943243e+03 -1.98274525e+05 
 8.51138038e+00  9.01661106e+03 -1.93780866e+05 
 8.70963590e+00  8.61273985e+03 -1.89388189e+05 
 8.91250938e+00  8.22697288e+03 -1.85094282e+05 
 9.12010839e+00  7.85850177e+03 -1.80896979e+05 
 9.33254301e+00  7.50655389e+03 -1.76794155e+05 
 9.54992586e+00  7.17039091e+03 -1.72783732e+05 
 9.77237221e+00  6.84930725e+03 -1.68863670e+05 
 1.00000000e+01  6.54262868e+03 -1.65031976e+05 
 1.02329299e+01  6.24971087e+03 -1.61286695e+05 
 1.04712855e+01  5.96993821e+03 -1.57625914e+05 
 1.07151931e+01  5.70272240e+03 -1.54047760e+05 
 1.09647820e+01  5.44750139e+03 -1.50550398e+05 
 1.12201845e+01  5.20373813e+03 -1.47132033e+05 
 1.14815362e+01  4.97091946e+03 -1.43790908e+05 
 1.17489755e+01  4.74855516e+03 -1.40525302e+05 
 1.20226443e+01  4.53617681e+03 -1.37333533e+05 
 1.23026877e+01  4.33333692e+03 -1.34213952e+05 
 1.25892541e+01  4.13960795e+03 -1.31164947e+05 
 1.28824955e+01  3.95458146e+03 -1.28184941e+05 
 1.31825674e+01  3.77786725e+03 -1.25272390e+05 
 1.34896288e+01  3.60909253e+03 -1.22425784e+05 
 1.38038426e+01  3.44790122e+03 -1.19643645e+05 
 1.41253754e+01  3.29395310e+03 -1.16924527e+05 
 1.44543977e+01  3.14692321e+03 -1.14267018e+05 
 1.47910839e+01  3.00650111e+03 -1.11669733e+05 
 1.51356125e+01  2.87239024e+03 -1.09131319e+05 
 1.54881662e+01  2.74430732e+03 -1.06650453e+05 
 1.58489319e+01  2.62198175e+03 -1.04225841e+05 
 1.62181010e+01  2.50515507e+03 -1.01856216e+05 
 1.65958691e+01  2.39358036e+03 -9.95403412e+04 
 1.69824365e+01  2.28702178e+03 -9.72770047e+04 
 1.73780083e+01  2.18525406e+03 -9.50650228e+04 
 1.77827941e+01  2.08806202e+03 -9.29032375e+04 
 1.81970086e+01  1.99524012e+03 -9.07905165e+04 
 1.86208714e+01  1.90659205e+03 -8.87257525e+04 
 1.90546072e+01  1.82193030e+03 -8.67078628e+04 
 1.94984460e+01  1.74107575e+03 -8.47357889e+04 
 1.99526231e+01  1.66385734e+03 -8.28084955e+04 
 2.04173794e+01  1.59011167e+03 -8.09249708e+04 
 2.08929613e+01  1.51968267e+03 -7.90842252e+04 
 2.13796209e+01  1.45242129e+03 -7.72852912e+04 
 2.18776162e+01  1.38818515e+03 -7.55272231e+04 
 2.23872114e+01  1.32683827e+03 -7.38090962e+04 
 2.29086765e+01  1.26825077e+03 -7.21300063e+04 
 2.34422882e+01  1.21229861e+03 -7.04890699e+04 
 2.39883292e+01  1.15886332e+03 -6.88854228e+04 
 2.45470892e+01  1.10783174e+03 -6.73182205e+04 
 2.51188643e+01  1.05909580e+03 -6.57866373e+04 
 2.57039578e+01  1.01255227e+03 -6.42898661e+04 
 2.63026799e+01  9.68102584e+02 -6.28271178e+04 
 2.69153480e+01  9.25652579e+02 -6.13976213e+04 
 2.75422870e+01  8.85112336e+02 -6.00006224e+04 
 2.81838293e+01  8.46395971e+02 -5.86353844e+04 
 2.88403150e+01  8.09421460e+02 -5.73011868e+04 
 2.95120923e+01  7.74110465e+02 -5.59973255e+04 
 3.01995172e+01  7.40388171e+02 -5.47231121e+04 
 3.09029543e+01  7.08183121e+02 -5.34778739e+04 
 3.16227766e+01  6.77427076e+02 -5.22609534e+04 
 3.23593657e+01  6.48054858e+02 -5.10717078e+04 
 3.31131121e+01  6.20004223e+02 -4.99095087e+04 
 3.38844156e+01  5.93215723e+02 -4.87737423e+04 
 3.46736850e+01  5.67632583e+02 -4.76638082e+04 
 3.54813389e+01  5.43200583e+02 -4.65791198e+04 
 3.63078055e+01  5.19867936e+02 -4.55191038e+04 
 3.71535229e+01  4.97585189e+02 -4.44831999e+04 
 3.80189396e+01  4.76305109e+02 -4.34708601e+04 
 3.89045145e+01  4.55982587e+02 -4.24815493e+04 
 3.98107171e+01  4.36574547e+02 -4.15147442e+04 
 4.07380278e+01  4.18039842e+02 -4.05699335e+04 
 4.16869383e+01  4.00339184e+02 -3.96466172e+04 
 4.26579519e+01  3.83435046e+02 -3.87443071e+04 
 4.36515832e+01  3.67291591e+02 -3.78625255e+04 
 4.46683592e+01  3.51874595e+02 -3.70008061e+04 
 4.57088190e+01  3.37151373e+02 -3.61586927e+04 
 4.67735141e+01  3.23090707e+02 -3.53357396e+04 
 4.78630092e+01  3.09662786e+02 -3.45315114e+04 
 4.89778819e+01  2.96839141e+02 -3.37455822e+04 
 5.01187234e+01  2.84592580e+02 -3.29775361e+04 
 5.12861384e+01  2.72897139e+02 -3.22269664e+04 
 5.24807460e+01  2.61728018e+02 -3.14934758e+04 
 5.37031796e+01  2.51061533e+02 -3.07766758e+04 
 5.49540874e+01  2.40875068e+02 -3.00761870e+04 
 5.62341325e+01  2.31147023e+02 -2.93916384e+04 
 5.75439937e+01  2.21856769e+02 -2.87226675e+04 
 5.88843655e+01  2.12984606e+02 -2.80689200e+04 
 6.02559586e+01  2.04511720e+02 -2.74300496e+04 
 6.16595002e+01  1.96420145e+02 -2.68057180e+04 
 6.30957344e+01  1.88692720e+02 -2.61955945e+04 
 6.45654229e+01  1.81313059e+02 -2.55993559e+04 
 6.60693448e+01  1.74265513e+02 -2.50166864e+04 
 6.76082975e+01  1.67535135e+02 -2.44472772e+04 
 6.91830971e+01  1.61107654e+02 -2.38908267e+04 
 7.07945784e+01  1.54969437e+02 -2.33470402e+04 
 7.24435960e+01  1.49107467e+02 -2.28156295e+04 
 7.41310241e+01  1.43509314e+02 -2.22963131e+04 
 7.58577575e+01  1.38163103e+02 -2.17888158e+04 
 7.76247117e+01  1.33057498e+02 -2.12928687e+04 
 7.94328235e+01  1.28181670e+02 -2.08082091e+04 
 8.12830516e+01  1.23525279e+02 -2.03345800e+04 
 8.31763771e+01  1.19078449e+02 -1.98717306e+04 
 8.51138038e+01  1.14831749e+02 -1.94194155e+04 
 8.70963590e+01  1.10776172e+02 -1.89773951e+04 
 8.91250938e+01  1.06903118e+02 -1.85454350e+04 
 9.12010839e+01  1.03204371e+02 -1.81233065e+04 
 9.33254301e+01  9.96720880e+01 -1.77107858e+04 
 9.54992586e+01  9.62987766e+01 -1.73076542e+04 
 9.77237221e+01  9.30772822e+01 -1.69136980e+04 
 1.00000000e+02  9.00007723e+01 -1.65287086e+04 
 1.02329299e+02  8.70627221e+01 -1.61524818e+04 
 1.04712855e+02  8.42568999e+01 -1.57848183e+04 
 1.07151931e+02  8.15773550e+01 -1.54255231e+04 
 1.09647820e+02  7.90184038e+01 -1.50744059e+04 
 1.12201845e+02  7.65746191e+01 -1.47312805e+04 
 1.14815362e+02  7.42408180e+01 -1.43959650e+04 
 1.17489755e+02  7.20120499e+01 -1.40682817e+04 
 1.20226443e+02  6.98835881e+01 -1.37480570e+04 
 1.23026877e+02  6.78509179e+01 -1.34351210e+04 
 1.25892541e+02  6.59097281e+01 -1.31293079e+04 
 1.28824955e+02  6.40559015e+01 -1.28304556e+04 
 1.31825674e+02  6.22855060e+01 -1.25384057e+04 
 1.34896288e+02  6.05947866e+01 -1.22530033e+04 
 1.38038426e+02  5.89801573e+01 -1.19740971e+04 
 1.41253754e+02  5.74381934e+01 -1.17015394e+04 
 1.44543977e+02  5.59656242e+01 -1.14351856e+04 
 1.47910839e+02  5.45593265e+01 -1.11748945e+04 
 1.51356125e+02  5.32163175e+01 -1.09205282e+04 
 1.54881662e+02  5.19337486e+01 -1.06719518e+04 
 1.58489319e+02  5.07088993e+01 -1.04290334e+04 
 1.62181010e+02  4.95391717e+01 -1.01916444e+04 
 1.65958691e+02  4.84220848e+01 -9.95965894e+03 
 1.69824365e+02  4.73552692e+01 -9.73295394e+03 
 1.73780083e+02  4.63364620e+01 -9.51140926e+03 
 1.77827941e+02  4.53635024e+01 -9.29490744e+03 
 1.81970086e+02  4.44343266e+01 -9.08333371e+03 
 1.86208714e+02  4.35469636e+01 -8.87657590e+03 
 1.90546072e+02  4.26995316e+01 -8.67452440e+03 
 1.94984460e+02  4.18902329e+01 -8.47707209e+03 
 1.99526231e+02  4.11173510e+01 -8.28411429e+03 
 2.04173794e+02  4.03792465e+01 -8.09554869e+03 
 2.08929613e+02  3.96743539e+01 -7.91127533e+03 
 2.13796209e+02  3.90011780e+01 -7.73119652e+03 
 2.18776162e+02  3.83582910e+01 -7.55521677e+03 
 2.23872114e+02  3.77443292e+01 -7.38324280e+03 
 2.29086765e+02  3.71579905e+01 -7.21518342e+03 
 2.34422882e+02  3.65980312e+01 -7.05094953e+03 
 2.39883292e+02  3.60632634e+01 -6.89045407e+03 
 2.45470892e+02  3.55525531e+01 -6.73361193e+03 
 2.51188643e+02  3.50648168e+01 -6.58033997e+03 
 2.57039578e+02  3.45990202e+01 -6.43055692e+03 
 2.63026799e+02  3.41541752e+01 -6.28418337e+03 
 2.69153480e+02  3.37293383e+01 -6.14114172e+03 
 2.75422870e+02  3.33236084e+01 -6.00135612e+03 
 2.81838293e+02  3.29361249e+01 -5.86475247e+03 
 2.88403150e+02  3.25660660e+01 -5.73125834e+03 
 2.95120923e+02  3.22126468e+01 -5.60080294e+03 
 3.01995172e+02  3.18751176e+01 -5.47331713e+03 
 3.09029543e+02  3.15527627e+01 -5.34873329e+03 
 3.16227766e+02  3.12448982e+01 -5.22698539e+03 
 3.23593657e+02  3.09508713e+01 -5.10800886e+03 
 3.31131121e+02  3.06700583e+01 -4.99174064e+03 
 3.38844156e+02  3.04018636e+01 -4.87811906e+03 
 3.46736850e+02  3.01457186e+01 -4.76708390e+03 
 3.54813389e+02  2.99010798e+01 -4.65857628e+03 
 3.63078055e+02  2.96674286e+01 -4.55253867e+03 
 3.71535229e+02  2.94442693e+01 -4.44891485e+03 
 3.80189396e+02  2.92311288e+01 -4.34764988e+03 
 3.89045145e+02  2.90275551e+01 -4.24869007e+03 
 3.98107171e+02  2.88331164e+01 -4.15198294e+03 
 4.07380278e+02  2.86474006e+01 -4.05747723e+03 
 4.16869383e+02  2.84700137e+01 -3.96512282e+03 
 4.26579519e+02  2.83005798e+01 -3.87487075e+03 
 4.36515832e+02  2.81387395e+01 -3.78667317e+03 
 4.46683592e+02  2.79841499e+01 -3.70048332e+03 
 4.57088190e+02  2.78364831e+01 -3.61625549e+03 
 4.67735141e+02  2.76954262e+01 -3.53394502e+03 
 4.78630092e+02  2.75606803e+01 -3.45350829e+03 
 4.89778819e+02  2.74319597e+01 -3.37490263e+03 
 5.01187234e+02  2.73089918e+01 -3.29808637e+03 
 5.12861384e+02  2.71915160e+01 -3.22301878e+03 
 5.24807460e+02  2.70792834e+01 -3.14966005e+03 
 5.37031796e+02  2.69720564e+01 -3.07797131e+03 
 5.49540874e+02  2.68696079e+01 -3.00791452e+03 
 5.62341325e+02  2.67717210e+01 -2.93945255e+03 
 5.75439937e+02  2.66781886e+01 -2.87254910e+03 
 5.88843655e+02  2.65888127e+01 -2.80716869e+03 
 6.02559586e+02  2.65034044e+01 -2.74327666e+03 
 6.16595002e+02  2.64217830e+01 -2.68083913e+03 
 6.30957344e+02  2.63437760e+01 -2.61982299e+03 
 6.45654229e+02  2.62692186e+01 -2.56019590e+03 
 6.60693448e+02  2.61979535e+01 -2.50192623e+03 
 6.76082975e+02  2.61298302e+01 -2.44498310e+03 
 6.91830971e+02  2.60647050e+01 -2.38933630e+03 
 7.07945784e+02  2.60024409e+01 -2.33495633e+03 
 7.24435960e+02  2.59429066e+01 -2.28181436e+03 
 7.41310241e+02  2.58859769e+01 -2.22988222e+03 
 7.58577575e+02  2.58315322e+01 -2.17913235e+03 
 7.76247117e+02  2.57794582e+01 -2.12953787e+03 
 7.94328235e+02  2.57296458e+01 -2.08107246e+03 
 8.12830516e+02  2.56819907e+01 -2.03371043e+03 
 8.31763771e+02  2.56363932e+01 -1.98742666e+03 
 8.51138038e+02  2.55927583e+01 -1.94219662e+03 
 8.70963590e+02  2.55509951e+01 -1.89799632e+03 
 8.91250938e+02  2.55110167e+01 -1.85480233e+03 
 9.12010839e+02  2.54727404e+01 -1.81259173e+03 
 9.33254301e+02  2.54360869e+01 -1.77134216e+03 
 9.54992586e+02  2.54009807e+01 -1.73103172e+03 
 9.77237221e+02  2.53673496e+01 -1.69163906e+03 
 1.00000000e+03  2.53351246e+01 -1.65314328e+03 
 1.02329299e+03  2.53042401e+01 -1.61552397e+03 
 1.04712855e+03  2.52746332e+01 -1.57876118e+03 
 1.07151931e+03  2.52462440e+01 -1.54283542e+03 
 1.09647820e+03  2.52190153e+01 -1.50772763e+03 
 1.12201845e+03  2.51928925e+01 -1.47341920e+03 
 1.14815362e+03  2.51678236e+01 -1.43989194e+03 
 1.17489755e+03  2.51437588e+01 -1.40712807e+03 
 1.20226443e+03  2.51206510e+01 -1.37511021e+03 
 1.23026877e+03  2.50984547e+01 -1.34382138e+03 
 1.25892541e+03  2.50771271e+01 -1.31324500e+03 
 1.28824955e+03  2.50566271e+01 -1.28336485e+03 
 1.31825674e+03  2.50369154e+01 -1.25416508e+03 
 1.34896288e+03  2.50179550e+01 -1.22563022e+03 
 1.38038426e+03  2.49997101e+01 -1.19774512e+03 
 1.41253754e+03  2.49821470e+01 -1.17049500e+03 
 1.44543977e+03  2.49652335e+01 -1.14386542e+03 
 1.47910839e+03  2.49489388e+01 -1.11784225e+03 
 1.51356125e+03  2.49332338e+01 -1.09241168e+03 
 1.54881662e+03  2.49180906e+01 -1.06756024e+03 
 1.58489319e+03  2.49034827e+01 -1.04327475e+03 
 1.62181010e+03  2.48893849e+01 -1.01954233e+03 
 1.65958691e+03  2.48757731e+01 -9.96350390e+02 
 1.69824365e+03  2.48626246e+01 -9.73686637e+02 
 1.73780083e+03  2.48499174e+01 -9.51539053e+02 
 1.77827941e+03  2.48376308e+01 -9.29895892e+02 
 1.81970086e+03  2.48257451e+01 -9.08745679e+02 
 1.86208714e+03  2.48142415e+01 -8.88077199e+02 
 1.90546072e+03  2.48031018e+01 -8.67879491e+02 
 1.94984460e+03  2.47923089e+01 -8.48141847e+02 
 1.99526231e+03  2.47818465e+01 -8.28853800e+02 
 2.04173794e+03  2.47716988e+01 -8.10005123e+02 
 2.08929613e+03  2.47618509e+01 -7.91585823e+02 
 2.13796209e+03  2.47522884e+01 -7.73586132e+02 
 2.18776162e+03  2.47429975e+01 -7.55996507e+02 
 2.23872114e+03  2.47339649e+01 -7.38807621e+02 
 2.29086765e+03  2.47251779e+01 -7.22010362e+02 
 2.34422882e+03  2.47166243e+01 -7.05595823e+02 
 2.39883292e+03  2.47082922e+01 -6.89555301e+02 
 2.45470892e+03  2.47001702e+01 -6.73880292e+02 
 2.51188643e+03  2.46922471e+01 -6.58562485e+02 
 2.57039578e+03  2.46845123e+01 -6.43593759e+02 
 2.63026799e+03  2.46769552e+01 -6.28966178e+02 
 2.69153480e+03  2.46695657e+01 -6.14671987e+02 
 2.75422870e+03  2.46623338e+01 -6.00703608e+02 
 2.81838293e+03  2.46552498e+01 -5.87053635e+02 
 2.88403150e+03  2.46483040e+01 -5.73714832e+02 
 2.95120923e+03  2.46414872e+01 -5.60680127e+02 
 3.01995172e+03  2.46347900e+01 -5.47942610e+02 
 3.09029543e+03  2.46282032e+01 -5.35495527e+02 
 3.16227766e+03  2.46217180e+01 -5.23332280e+02 
 3.23593657e+03  2.46153253e+01 -5.11446420e+02 
 3.31131121e+03  2.46090161e+01 -4.99831646e+02 
 3.38844156e+03  2.46027818e+01 -4.88481801e+02 
 3.46736850e+03  2.45966134e+01 -4.77390866e+02 
 3.54813389e+03  2.45905023e+01 -4.66552961e+02 
 3.63078055e+03  2.45844395e+01 -4.55962341e+02 
 3.71535229e+03  2.45784164e+01 -4.45613390e+02 
 3.80189396e+03  2.45724242e+01 -4.35500620e+02 
 3.89045145e+03  2.45664540e+01 -4.25618670e+02 
 3.98107171e+03  2.45604970e+01 -4.15962300e+02 
 4.07380278e+03  2.45545443e+01 -4.06526390e+02 
 4.16869383e+03  2.45485870e+01 -3.97305935e+02 
 4.26579519e+03  2.45426160e+01 -3.88296045e+02 
 4.36515832e+03  2.45366224e+01 -3.79491943e+02 
 4.46683592e+03  2.45305971e+01 -3.70888959e+02 
 4.57088190e+03  2.45245307e+01 -3.62482529e+02 
 4.67735141e+03  2.45184142e+01 -3.54268195e+02 
 4.78630092e+03  2.45122381e+01 -3.46241600e+02 
 4.89778819e+03  2.45059930e+01 -3.38398484e+02 
 5.01187234e+03  2.44996694e+01 -3.30734687e+02 
 5.12861384e+03  2.44932577e+01 -3.23246142e+02 
 5.24807460e+03  2.44867483e+01 -3.15928875e+02 
 5.37031796e+03  2.44801313e+01 -3.08779003e+02 
 5.49540874e+03  2.44733970e+01 -3.01792730e+02 
 5.62341325e+03  2.44665354e+01 -2.94966349e+02 
 5.75439937e+03  2.44595365e+01 -2.88296234e+02 
 5.88843655e+03  2.44523902e+01 -2.81778845e+02 
 6.02559586e+03  2.44450863e+01 -2.75410720e+02 
 6.16595002e+03  2.44376147e+01 -2.69188475e+02 
 6.30957344e+03  2.44299650e+01 -2.63108807e+02 
 6.45654229e+03  2.44221270e+01 -2.57168485e+02 
 6.60693448e+03  2.44140901e+01 -2.51364351e+02 
 6.76082975e+03  2.44058440e+01 -2.45693321e+02 
 6.91830971e+03  2.43973783e+01 -2.40152379e+02 
 7.07945784e+03  2.43886824e+01 -2.34738579e+02 
 7.24435960e+03  2.43797459e+01 -2.29449042e+02 
 7.41310241e+03  2.43705584e+01 -2.24280952e+02 
 7.58577575e+03  2.43611095e+01 -2.19231561e+02 
 7.76247117e+03  2.43513887e+01 -2.14298180e+02 
 7.94328235e+03  2.43413858e+01 -2.09478181e+02 
 8.12830516e+03  2.43310905e+01 -2.04768999e+02 
 8.31763771e+03  2.43204928e+01 -2.00168123e+02 
 8.51138038e+03  2.43095827e+01 -1.95673103e+02 
 8.70963590e+03  2.42983502e+01 -1.91281541e+02 
 8.91250938e+03  2.42867858e+01 -1.86991095e+02 
 9.12010839e+03  2.42748800e+01 -1.82799476e+02 
 9.33254301e+03  2.42626236e+01 -1.78704447e+02 
 9.54992586e+03  2.42500074e+01 -1.74703823e+02 
 9.77237221e+03  2.42370229e+01 -1.70795465e+02 
 1.00000000e+04  2.42236615e+01 -1.66977287e+02 
 1.02329299e+04  2.42099152e+01 -1.63247247e+02 
 1.04712855e+04  2.41957762e+01 -1.59603350e+02 
 1.07151931e+04  2.41812372e+01 -1.56043648e+02 
 1.09647820e+04  2.41662910e+01 -1.52566236e+02 
 1.12201845e+04  2.41509312e+01 -1.49169251e+02 
 1.14815362e+04  2.41351516e+01 -1.45850876e+02 
 1.17489755e+04  2.41189464e+01 -1.42609332e+02 
 1.20226443e+04  2.41023105e+01 -1.39442883e+02 
 1.23026877e+04  2.40852390e+01 -1.36349830e+02 
 1.25892541e+04  2.40677277e+01 -1.33328516e+02 
 1.28824955e+04  2.40497727e+01 -1.30377319e+02 
 1.31825674e+04  2.40313708e+01 -1.27494657e+02 
 1.34896288e+04  2.40125191e+01 -1.24678983e+02 
 1.38038426e+04  2.39932151e+01 -1.21928785e+02 
 1.41253754e+04  2.39734570e+01 -1.19242587e+02 
 1.44543977e+04  2.39532432e+01 -1.16618947e+02 
 1.47910839e+04  2.39325726e+01 -1.14056456e+02 
 1.51356125e+04  2.39114445e+01 -1.11553739e+02 
 1.54881662e+04  2.38898584e+01 -1.09109452e+02 
 1.58489319e+04  2.38678141e+01 -1.06722282e+02 
 1.62181010e+04  2.38453118e+01 -1.04390949e+02 
 1.65958691e+04  2.38223515e+01 -1.02114202e+02 
 1.69824365e+04  2.37989338e+01 -9.98908180e+01 
 1.73780083e+04  2.37750588e+01 -9.77196056e+01 
 1.77827941e+04  2.37507269e+01 -9.55994003e+01 
 1.81970086e+04  2.37259383e+01 -9.35290660e+01 
 1.86208714e+04  2.37006928e+01 -9.15074934e+01 
 1.90546072e+04  2.36749901e+01 -8.95336003e+01 
 1.94984460e+04  2.36488294e+01 -8.76063303e+01 
 1.99526231e+04  2.36222093e+01 -8.57246526e+01 
 2.04173794e+04  2.35951279e+01 -8.38875615e+01 
 2.08929613e+04  2.35675825e+01 -8.20940756e+01 
 2.13796209e+04  2.35395696e+01 -8.03432375e+01 
 2.18776162e+04  2.35110848e+01 -7.86341132e+01 
 2.23872114e+04  2.34821225e+01 -7.69657914e+01 
 2.29086765e+04  2.34526761e+01 -7.53373832e+01 
 2.34422882e+04  2.34227376e+01 -7.37480215e+01 
 2.39883292e+04  2.33922978e+01 -7.21968602e+01 
 2.45470892e+04  2.33613458e+01 -7.06830741e+01 
 2.51188643e+04  2.33298692e+01 -6.92058583e+01 
 2.57039578e+04  2.32978540e+01 -6.77644273e+01 
 2.63026799e+04  2.32652845e+01 -6.63580149e+01 
 2.69153480e+04  2.32321428e+01 -6.49858737e+01 
 2.75422870e+04  2.31984094e+01 -6.36472740e+01 
 2.81838293e+04  2.31640627e+01 -6.23415042e+01 
 2.88403150e+04  2.31290788e+01 -6.10678695e+01 
 2.95120923e+04  2.30934320e+01 -5.98256919e+01 
 3.01995172e+04  2.30570941e+01 -5.86143093e+01 
 3.09029543e+04  2.30200348e+01 -5.74330755e+01 
 3.16227766e+04  2.29822212e+01 -5.62813593e+01 
 3.23593657e+04  2.29436183e+01 -5.51585441e+01 
 3.31131121e+04  2.29041887e+01 -5.40640277e+01 
 3.38844156e+04  2.28638923e+01 -5.29972213e+01 
 3.46736850e+04  2.28226869e+01 -5.19575496e+01 
 3.54813389e+04  2.27805274e+01 -5.09444500e+01 
 3.63078055e+04  2.27373667e+01 -4.99573721e+01 
 3.71535229e+04  2.26931547e+01 -4.89957775e+01 
 3.80189396e+04  2.26478392e+01 -4.80591391e+01 
 3.89045145e+04  2.26013653e+01 -4.71469408e+01 
 3.98107171e+04  2.25536756e+01 -4.62586770e+01 
 4.07380278e+04  2.25047104e+01 -4.53938521e+01 
 4.16869383e+04  2.24544075e+01 -4.45519804e+01 
 4.26579519e+04  2.24027021e+01 -4.37325850e+01 
 4.36515832e+04  2.23495274e+01 -4.29351981e+01 
 4.46683592e+04  2.22948140e+01 -4.21593601e+01 
 4.57088190e+04  2.22384904e+01 -4.14046194e+01 
 4.67735141e+04  2.21804827e+01 -4.06705318e+01 
 4.78630092e+04  2.21207152e+01 -3.99566603e+01 
 4.89778819e+04  2.20591098e+01 -3.92625745e+01 
 5.01187234e+04  2.19955867e+01 -3.85878502e+01 
 5.12861384e+04  2.19300642e+01 -3.79320693e+01 
 5.24807460e+04  2.18624588e+01 -3.72948188e+01 
 5.37031796e+04  2.17926854e+01 -3.66756910e+01 
 5.49540874e+04  2.17206574e+01 -3.60742827e+01 
 5.62341325e+04  2.16462872e+01 -3.54901950e+01 
 5.75439937e+04  2.15694855e+01 -3.49230329e+01 
 5.88843655e+04  2.14901624e+01 -3.43724047e+01 
 6.02559586e+04  2.14082273e+01 -3.38379220e+01 
 6.16595002e+04  2.13235888e+01 -3.33191989e+01 
 6.30957344e+04  2.12361554e+01 -3.28158520e+01 
 6.45654229e+04  2.11458353e+01 -3.23274998e+01 
 6.60693448e+04  2.10525373e+01 -3.18537624e+01 
 6.76082975e+04  2.09561704e+01 -3.13942613e+01 
 6.91830971e+04  2.08566446e+01 -3.09486191e+01 
 7.07945784e+04  2.07538710e+01 -3.05164587e+01 
 7.24435960e+04  2.06477623e+01 -3.00974037e+01 
 7.41310241e+04  2.05382331e+01 -2.96910777e+01 
 7.58577575e+04  2.04252004e+01 -2.92971044e+01 
 7.76247117e+04  2.03085839e+01 -2.89151068e+01 
 7.94328235e+04  2.01883065e+01 -2.85447078e+01 
 8.12830516e+04  2.00642949e+01 -2.81855292e+01 
 8.31763771e+04  1.99364798e+01 -2.78371922e+01 
 8.51138038e+04  1.98047967e+01 -2.74993173e+01 
 8.70963590e+04  1.96691864e+01 -2.71715237e+01 
 8.91250938e+04  1.95295952e+01 -2.68534299e+01 
 9.12010839e+04  1.93859760e+01 -2.65446534e+01 
 9.33254301e+04  1.92382882e+01 -2.62448109e+01 
 9.54992586e+04  1.90864990e+01 -2.59535185e+01 
 9.77237221e+04  1.89305833e+01 -2.56703915e+01 
 1.00000000e+05  1.87705246e+01 -2.53950454e+01 
 1.02329299e+05  1.86063155e+01 -2.51270956e+01 
 1.04712855e+05  1.84379582e+01 -2.48661577e+01 
 1.07151931e+05  1.82654651e+01 -2.46118484e+01 
 1.09647820e+05  1.80888593e+01 -2.43637858e+01 
 1.12201845e+05  1.79081746e+01 -2.41215896e+01 
 1.14815362e+05  1.77234568e+01 -2.38848821e+01 
 1.17489755e+05  1.75347632e+01 -2.36532889e+01 
 1.20226443e+05  1.73421636e+01 -2.34264392e+01 
 1.23026877e+05  1.71457400e+01 -2.32039669e+01 
 1.25892541e+05  1.69455873e+01 -2.29855113e+01 
 1.28824955e+05  1.67418131e+01 -2.27707180e+01 
 1.31825674e+05  1.65345377e+01 -2.25592398e+01 
 1.34896288e+05  1.63238945e+01 -2.23507375e+01 
 1.38038426e+05  1.61100295e+01 -2.21448808e+01 
 1.41253754e+05  1.58931010e+01 -2.19413495e+01 
 1.44543977e+05  1.56732799e+01 -2.17398345e+01 
 1.47910839e+05  1.54507484e+01 -2.15400381e+01 
 1.51356125e+05  1.52257003e+01 -2.13416757e+01 
 1.54881662e+05  1.49983400e+01 -2.11444764e+01 
 1.58489319e+05  1.47688817e+01 -2.09481839e+01 
 1.62181010e+05  1.45375490e+01 -2.07525571e+01 
 1.65958691e+05  1.43045737e+01 -2.05573711e+01 
 1.69824365e+05  1.40701948e+01 -2.03624179e+01 
 1.73780083e+05  1.38346576e+01 -2.01675069e+01 
 1.77827941e+05  1.35982125e+01 -1.99724654e+01 
 1.81970086e+05  1.33611138e+01 -1.97771391e+01 
 1.86208714e+05  1.31236186e+01 -1.95813922e+01 
 1.90546072e+05  1.28859852e+01 -1.93851081e+01 
 1.94984460e+05  1.26484721e+01 -1.91881887e+01 
 1.99526231e+05  1.24113364e+01 -1.89905549e+01 
 2.04173794e+05  1.21748327e+01 -1.87921464e+01 
 2.08929613e+05  1.19392116e+01 -1.85929210e+01 
 2.13796209e+05  1.17047187e+01 -1.83928547e+01 
 2.18776162e+05  1.14715929e+01 -1.81919408e+01 
 2.23872114e+05  1.12400656e+01 -1.79901890e+01 
 2.29086765e+05  1.10103592e+01 -1.77876255e+01 
 2.34422882e+05  1.07826866e+01 -1.75842910e+01 
 2.39883292e+05  1.05572496e+01 -1.73802406e+01 
 2.45470892e+05  1.03342383e+01 -1.71755423e+01 
 2.51188643e+05  1.01138306e+01 -1.69702758e+01 
 2.57039578e+05  9.89619116e+00 -1.67645319e+01 
 2.63026799e+05  9.68147101e+00 -1.65584104e+01 
 2.69153480e+05  9.46980723e+00 -1.63520196e+01 
 2.75422870e+05  9.26132255e+00 -1.61454745e+01 
 2.81838293e+05  9.05612525e+00 -1.59388959e+01 
 2.88403150e+05  8.85430912e+00 -1.57324088e+01 
 2.95120923e+05  8.65595350e+00 -1.55261413e+01 
 3.01995172e+05  8.46112352e+00 -1.53202234e+01 
 3.09029543e+05  8.26987036e+00 -1.51147857e+01 
 3.16227766e+05  8.08223168e+00 -1.49099586e+01 
 3.23593657e+05  7.89823206e+00 -1.47058706e+01 
 3.31131121e+05  7.71788364e+00 -1.45026480e+01 
 3.38844156e+05  7.54118672e+00 -1.43004137e+01 
 3.46736850e+05  7.36813047e+00 -1.40992863e+01 
 3.54813389e+05  7.19869369e+00 -1.38993795e+01 
 3.63078055e+05  7.03284563e+00 -1.37008013e+01 
 3.71535229e+05  6.87054680e+00 -1.35036537e+01 
 3.80189396e+05  6.71174983e+00 -1.33080320e+01 
 3.89045145e+05  6.55640034e+00 -1.31140247e+01 
 3.98107171e+05  6.40443779e+00 -1.29217128e+01 
 4.07380278e+05  6.25579634e+00 -1.27311699e+01 
 4.16869383e+05  6.11040572e+00 -1.25424623e+01 
 4.26579519e+05  5.96819199e+00 -1.23556485e+01 
 4.36515832e+05  5.82907841e+00 -1.21707794e+01 
 4.46683592e+05  5.69298612e+00 -1.19878985e+01 
 4.57088190e+05  5.55983492e+00 -1.18070422e+01 
 4.67735141e+05  5.42954389e+00 -1.16282396e+01 
 4.78630092e+05  5.30203205e+00 -1.14515132e+01 
 4.89778819e+05  5.17721891e+00 -1.12768788e+01 
 5.01187234e+05  5.05502499e+00 -1.11043464e+01 
 5.12861384e+05  4.93537234e+00 -1.09339200e+01 
 5.24807460e+05  4.81818489e+00 -1.07655983e+01 
 5.37031796e+05  4.70338884e+00 -1.05993752e+01 
 5.49540874e+05  4.59091298e+00 -1.04352399e+01 
 5.62341325e+05  4.48068894e+00 -1.02731778e+01 
 5.75439937e+05  4.37265139e+00 -1.01131704e+01 
 5.88843655e+05  4.26673823e+00 -9.95519632e+00 
 6.02559586e+05  4.16289067e+00 -9.79923115e+00 
 6.16595002e+05  4.06105334e+00 -9.64524833e+00 
 6.30957344e+05  3.96117430e+00 -9.49321932e+00 
 6.45654229e+05  3.86320505e+00 -9.34311404e+00 
 6.60693448e+05  3.76710049e+00 -9.19490127e+00 
 6.76082975e+05  3.67281885e+00 -9.04854896e+00 
 6.91830971e+05  3.58032164e+00 -8.90402457e+00 
 7.07945784e+05  3.48957346e+00 -8.76129538e+00 
 7.24435960e+05  3.40054192e+00 -8.62032877e+00 
 7.41310241e+05  3.31319748e+00 -8.48109246e+00 
 7.58577575e+05  3.22751328e+00 -8.34355475e+00 
 7.76247117e+05  3.14346494e+00 -8.20768471e+00 
 7.94328235e+05  3.06103039e+00 -8.07345236e+00 
 8.12830516e+05  2.98018969e+00 -7.94082883e+00 
 8.31763771e+05  2.90092483e+00 -7.80978648e+00 
 8.51138038e+05  2.82321949e+00 -7.68029901e+00 
 8.70963590e+05  2.74705890e+00 -7.55234152e+00 
 8.91250938e+05  2.67242962e+00 -7.42589062e+00 
 9.12010839e+05  2.59931934e+00 -7.30092442e+00 
 9.33254301e+05  2.52771672e+00 -7.17742258e+00 
 9.54992586e+05  2.45761117e+00 -7.05536632e+00 
 9.77237221e+05  2.38899273e+00 -6.93473839e+00 
 1.00000000e+06  2.32185188e+00 -6.81552308e+00 
 1.02329299e+06  2.25617938e+00 -6.69770614e+00 
 1.04712855e+06  2.19196614e+00 -6.58127476e+00 
 1.07151931e+06  2.12920310e+00 -6.46621753e+00 
 1.09647820e+06  2.06788108e+00 -6.35252433e+00 
 1.12201845e+06  2.00799070e+00 -6.24018629e+00 
 1.14815362e+06  1.94952225e+00 -6.12919570e+00 
 1.17489755e+06  1.89246563e+00 -6.01954591e+00 
 1.20226443e+06  1.83681026e+00 -5.91123126e+00 
 1.23026877e+06  1.78254501e+00 -5.80424701e+00 
 1.25892541e+06  1.72965815e+00 -5.69858918e+00 
 1.28824955e+06  1.67813731e+00 -5.59425452e+00 
 1.31825674e+06  1.62796942e+00 -5.49124039e+00 
 1.34896288e+06  1.57914073e+00 -5.38954467e+00 
 1.38038426e+06  1.53163674e+00 -5.28916566e+00 
 1.41253754e+06  1.48544222e+00 -5.19010200e+00 
 1.44543977e+06  1.44054121e+00 -5.09235258e+00 
 1.47910839e+06  1.39691701e+00 -4.99591645e+00 
 1.51356125e+06  1.35455222e+00 -4.90079276e+00 
 1.54881662e+06  1.31342872e+00 -4.80698066e+00 
 1.58489319e+06  1.27352773e+00 -4.71447924e+00 
 1.62181010e+06  1.23482983e+00 -4.62328746e+00 
 1.65958691e+06  1.19731497e+00 -4.53340409e+00 
 1.69824365e+06  1.16096255e+00 -4.44482766e+00 
 1.73780083e+06  1.12575142e+00 -4.35755638e+00 
 1.77827941e+06  1.09165996e+00 -4.27158815e+00 
 1.81970086e+06  1.05866610e+00 -4.18692046e+00 
 1.86208714e+06  1.02674737e+00 -4.10355037e+00 
 1.90546072e+06  9.95880958e-01 -4.02147452e+00 
 1.94984460e+06  9.66043766e-01 -3.94068902e+00 
 1.99526231e+06  9.37212435e-01 -3.86118954e+00 
 2.04173794e+06  9.09363414e-01 -3.78297118e+00 
 2.08929613e+06  8.82473002e-01 -3.70602854e+00 
 2.13796209e+06  8.56517398e-01 -3.63035568e+00 
 2.18776162e+06  8.31472747e-01 -3.55594611e+00 
 2.23872114e+06  8.07315183e-01 -3.48279281e+00 
 2.29086765e+06  7.84020877e-01 -3.41088821e+00 
 2.34422882e+06  7.61566077e-01 -3.34022422e+00 
 2.39883292e+06  7.39927147e-01 -3.27079222e+00 
 2.45470892e+06  7.19080608e-01 -3.20258309e+00 
 2.51188643e+06  6.99003168e-01 -3.13558719e+00 
 2.57039578e+06  6.79671762e-01 -3.06979443e+00 
 2.63026799e+06  6.61063579e-01 -3.00519422e+00 
 2.69153480e+06  6.43156090e-01 -2.94177557e+00 
 2.75422870e+06  6.25927079e-01 -2.87952703e+00 
 2.81838293e+06  6.09354659e-01 -2.81843677e+00 
 2.88403150e+06  5.93417302e-01 -2.75849257e+00 
 2.95120923e+06  5.78093852e-01 -2.69968186e+00 
 3.01995172e+06  5.63363546e-01 -2.64199174e+00 
 3.09029543e+06  5.49206025e-01 -2.58540900e+00 
 3.16227766e+06  5.35601351e-01 -2.52992014e+00 
 3.23593657e+06  5.22530014e-01 -2.47551142e+00 
 3.31131121e+06  5.09972943e-01 -2.42216883e+00 
 3.38844156e+06  4.97911511e-01 -2.36987818e+00 
 3.46736850e+06  4.86327542e-01 -2.31862508e+00 
 3.54813389e+06  4.75203316e-01 -2.26839496e+00 
 3.63078055e+06  4.64521567e-01 -2.21917311e+00 
 3.71535229e+06  4.54265487e-01 -2.17094472e+00 
 3.80189396e+06  4.44418723e-01 -2.12369483e+00 
 3.89045145e+06  4.34965380e-01 -2.07740845e+00 
 3.98107171e+06  4.25890012e-01 -2.03207047e+00 
 4.07380278e+06  4.17177622e-01 -1.98766579e+00 
 4.16869383e+06  4.08813656e-01 -1.94417924e+00 
 4.26579519e+06  4.00783999e-01 -1.90159564e+00 
 4.36515832e+06  3.93074966e-01 -1.85989983e+00 
 4.46683592e+06  3.85673297e-01 -1.81907667e+00 
 4.57088190e+06  3.78566149e-01 -1.77911102e+00 
 4.67735141e+06  3.71741089e-01 -1.73998782e+00 
 4.78630092e+06  3.65186085e-01 -1.70169204e+00 
 4.89778819e+06  3.58889495e-01 -1.66420872e+00 
 5.01187234e+06  3.52840063e-01 -1.62752300e+00 
 5.12861384e+06  3.47026906e-01 -1.59162007e+00 
 5.24807460e+06  3.41439504e-01 -1.55648525e+00 
 5.37031796e+06  3.36067695e-01 -1.52210393e+00 
 5.49540874e+06  3.30901662e-01 -1.48846162e+00 
 5.62341325e+06  3.25931923e-01 -1.45554397e+00 
 5.75439937e+06  3.21149324e-01 -1.42333672e+00 
 5.88843655e+06  3.16545028e-01 -1.39182574e+00 
 6.02559586e+06  3.12110506e-01 -1.36099704e+00 
 6.16595002e+06  3.07837529e-01 -1.33083677e+00 
 6.30957344e+06  3.03718158e-01 -1.30133119e+00 
 6.45654229e+06  2.99744733e-01 -1.27246672e+00 
 6.60693448e+06  2.95909870e-01 -1.24422991e+00 
 6.76082975e+06  2.92206447e-01 -1.21660746e+00 
 6.91830971e+06  2.88627599e-01 -1.18958621e+00 
 7.07945784e+06  2.85166712e-01 -1.16315314e+00 
 7.24435960e+06  2.81817411e-01 -1.13729538e+00 
 7.41310241e+06  2.78573556e-01 -1.11200018e+00 
 7.58577575e+06  2.75429235e-01 -1.08725496e+00 
 7.76247117e+06  2.72378758e-01 -1.06304726e+00 
 7.94328235e+06  2.69416650e-01 -1.03936477e+00 
 8.12830516e+06  2.66537646e-01 -1.01619532e+00 
 8.31763771e+06  2.63736687e-01 -9.93526860e-01 
 8.51138038e+06  2.61008912e-01 -9.71347488e-01 
 8.70963590e+06  2.58349659e-01 -9.49645427e-01 
 8.91250938e+06  2.55754456e-01 -9.28409028e-01 
 9.12010839e+06  2.53219020e-01 -9.07626769e-01 
 9.33254301e+06  2.50739254e-01 -8.87287254e-01 
 9.54992586e+06  2.48311244e-01 -8.67379204e-01 
 9.77237221e+06  2.45931258e-01 -8.47891462e-01 
 1.00000000e+07  2.43595743e-01 -8.28812986e-01 
 1.02329299e+07  2.41301323e-01 -8.10132847e-01 
 1.04712855e+07  2.39044800e-01 -7.91840229e-01 
 1.07151931e+07  2.36823152e-01 -7.73924425e-01 
 1.09647820e+07  2.34633536e-01 -7.56374835e-01 
 1.12201845e+07  2.32473284e-01 -7.39180965e-01 
 1.14815362e+07  2.30339905e-01 -7.22332426e-01 
 1.17489755e+07  2.28231089e-01 -7.05818932e-01 
 1.20226443e+07  2.26144704e-01 -6.89630301e-01 
 1.23026877e+07  2.24078800e-01 -6.73756450e-01 
 1.25892541e+07  2.22031609e-01 -6.58187404e-01 
 1.28824955e+07  2.20001550e-01 -6.42913284e-01 
 1.31825674e+07  2.17987229e-01 -6.27924321e-01 
 1.34896288e+07  2.15987439e-01 -6.13210847e-01 
 1.38038426e+07  2.14001169e-01 -5.98763303e-01 
 1.41253754e+07  2.12027598e-01 -5.84572239e-01 
 1.44543977e+07  2.10066104e-01 -5.70628315e-01 
 1.47910839e+07  2.08116263e-01 -5.56922311e-01 
 1.51356125e+07  2.06177853e-01 -5.43445124e-01 
 1.54881662e+07  2.04250852e-01 -5.30187774e-01 
 1.58489319e+07  2.02335444e-01 -5.17141413e-01 
 1.62181010e+07  2.00432021e-01 -5.04297326e-01 
 1.65958691e+07  1.98541178e-01 -4.91646937e-01 
 1.69824365e+07  1.96663722e-01 -4.79181821e-01 
 1.73780083e+07  1.94800663e-01 -4.66893704e-01 
 1.77827941e+07  1.92953222e-01 -4.54774471e-01 
 1.81970086e+07  1.91122827e-01 -4.42816181e-01 
 1.86208714e+07  1.89311109e-01 -4.31011064e-01 
 1.90546072e+07  1.87519903e-01 -4.19351537e-01 
 1.94984460e+07  1.85751248e-01 -4.07830210e-01 
 1.99526231e+07  1.84007375e-01 -3.96439892e-01 
 2.04173794e+07  1.82290714e-01 -3.85173604e-01 
 2.08929613e+07  1.80603880e-01 -3.74024583e-01 
 2.13796209e+07  1.78949674e-01 -3.62986293e-01 
 2.18776162e+07  1.77331073e-01 -3.52052431e-01 
 2.23872114e+07  1.75751226e-01 -3.41216940e-01 
 2.29086765e+07  1.74213445e-01 -3.30474010e-01 
 2.34422882e+07  1.72721198e-01 -3.19818090e-01 
 2.39883292e+07  1.71278101e-01 -3.09243895e-01 
 2.45470892e+07  1.69887907e-01 -2.98746410e-01 
 2.51188643e+07  1.68554497e-01 -2.88320899e-01 
 2.57039578e+07  1.67281871e-01 -2.77962910e-01 
 2.63026799e+07  1.66074137e-01 -2.67668280e-01 
 2.69153480e+07  1.64935501e-01 -2.57433140e-01 
 2.75422870e+07  1.63870253e-01 -2.47253918e-01 
 2.81838293e+07  1.62882757e-01 -2.37127344e-01 
 2.88403150e+07  1.61977442e-01 -2.27050455e-01 
 2.95120923e+07  1.61158786e-01 -2.17020591e-01 
 3.01995172e+07  1.60431306e-01 -2.07035405e-01 
 3.09029543e+07  1.59799544e-01 -1.97092857e-01 
 3.16227766e+07  1.59268060e-01 -1.87191221e-01 
 3.23593657e+07  1.58841413e-01 -1.77329079e-01 
 3.31131121e+07  1.58524154e-01 -1.67505328e-01 
 3.38844156e+07  1.58320810e-01 -1.57719171e-01 
 3.46736850e+07  1.58235876e-01 -1.47970124e-01 
 3.54813389e+07  1.58273799e-01 -1.38258007e-01 
 3.63078055e+07  1.58438968e-01 -1.28582949e-01 
 3.71535229e+07  1.58735702e-01 -1.18945379e-01 
 3.80189396e+07  1.59168240e-01 -1.09346028e-01 
 3.89045145e+07  1.59740723e-01 -9.97859238e-02 
 3.98107171e+07  1.60457189e-01 -9.02663876e-02 
 4.07380278e+07  1.61321558e-01 -8.07890311e-02 
 4.16869383e+07  1.62337619e-01 -7.13557513e-02 
 4.26579519e+07  1.63509023e-01 -6.19687268e-02 
 4.36515832e+07  1.64839263e-01 -5.26304128e-02 
 4.46683592e+07  1.66331670e-01 -4.33435355e-02 
 4.57088190e+07  1.67989397e-01 -3.41110868e-02 
 4.67735141e+07  1.69815404e-01 -2.49363183e-02 
 4.78630092e+07  1.71812454e-01 -1.58227343e-02 
 4.89778819e+07  1.73983089e-01 -6.77408487e-03 
 5.01187234e+07  1.76329629e-01  2.20564211e-03 
 5.12861384e+07  1.78854151e-01  1.11122292e-02 
 5.24807460e+07  1.81558478e-01  1.99412388e-02 
 5.37031796e+07  1.84444168e-01  2.86880232e-02 
 5.49540874e+07  1.87512500e-01  3.73477353e-02 
 5.62341325e+07  1.90764462e-01  4.59153408e-02 
 5.75439937e+07  1.94200734e-01  5.43856309e-02 
 5.88843655e+07  1.97821683e-01  6.27532363e-02 
 6.02559586e+07  2.01627344e-01  7.10126423e-02 
 6.16595002e+07  2.05617410e-01  7.91582051e-02 
 6.30957344e+07  2.09791225e-01  8.71841694e-02 
 6.45654229e+07  2.14147766e-01  9.50846872e-02 
 6.60693448e+07  2.18685639e-01  1.02853837e-01 
 6.76082975e+07  2.23403069e-01  1.10485647e-01 
 6.91830971e+07  2.28297890e-01  1.17974115e-01 
 7.07945784e+07  2.33367542e-01  1.25313233e-01 
 7.24435960e+07  2.38609063e-01  1.32497014e-01 
 7.41310241e+07  2.44019088e-01  1.39519513e-01 
 7.58577575e+07  2.49593846e-01  1.46374858e-01 
 7.76247117e+07  2.55329160e-01  1.53057275e-01 
 7.94328235e+07  2.61220451e-01  1.59561117e-01 
 8.12830516e+07  2.67262743e-01  1.65880892e-01 
 8.31763771e+07  2.73450667e-01  1.72011289e-01 
 8.51138038e+07  2.79778470e-01  1.77947213e-01 
 8.70963590e+07  2.86240032e-01  1.83683805e-01 
 8.91250938e+07  2.92828873e-01  1.89216478e-01 
 9.12010839e+07  2.99538175e-01  1.94540936e-01 
 9.33254301e+07  3.06360797e-01  1.99653207e-01 
 9.54992586e+07  3.13289299e-01  2.04549666e-01 
 9.77237221e+07  3.20315963e-01  2.09227055e-01 
 1.00000000e+08  3.27432822e-01  2.13682509e-01 
