 frequency              yer                    yei                    yfr                    yfi                   
 1.000000000000000e+00 -5.678238654370726e-30  1.591549430918954e-13  9.810127683633810e-05 -0.000000000000000e+00 
 1.023292992280754e+00 -5.569162952545950e-30  1.555321342885040e-13  9.810127683633935e-05 -0.000000000000000e+00 
 1.047128548050899e+00 -5.465002400033981e-30  1.519917906814237e-13  9.810127683634060e-05 -0.000000000000000e+00 
 1.071519305237606e+00 -5.365535294253424e-30  1.485320351336117e-13  9.810127683634192e-05 -0.000000000000000e+00 
 1.096478196143185e+00 -5.270549953445255e-30  1.451510332368816e-13  9.810127683634332e-05 -0.000000000000000e+00 
 1.122018454301963e+00 -5.179844261237481e-30  1.418469923392746e-13  9.810127683634476e-05 -0.000000000000000e+00 
 1.148153621496882e+00 -5.093225232324262e-30  1.386181605945729e-13  9.810127683634630e-05 -0.000000000000000e+00 
 1.174897554939529e+00 -5.010508600352691e-30  1.354628260334467e-13  9.810127683634789e-05 -0.000000000000000e+00 
 1.202264434617413e+00 -4.931518421728762e-30  1.323793156557459e-13  9.810127683634958e-05 -0.000000000000000e+00 
 1.230268770812381e+00 -4.856086697910451e-30  1.293659945434532e-13  9.810127683635133e-05 -0.000000000000000e+00 
 1.258925411794167e+00 -4.784053019072242e-30  1.264212649938288e-13  9.810127683635317e-05 -0.000000000000000e+00 
 1.288249551693134e+00 -4.715264214147715e-30  1.235435656722873e-13  9.810127683635508e-05 -0.000000000000000e+00 
 1.318256738556407e+00 -4.649574030980932e-30  1.207313707845577e-13  9.810127683635708e-05  9.765625000000000e-04 
 1.348962882591653e+00 -4.586842815734329e-30  1.179831892676867e-13  9.810127683635918e-05  9.765625000000000e-04 
 1.380384264602885e+00 -4.526937220109524e-30  1.152975639994576e-13  9.810127683636141e-05 -0.000000000000000e+00 
 1.412537544622754e+00 -4.469729914031817e-30  1.126730710258047e-13  9.810127683636374e-05 -0.000000000000000e+00 
 1.445439770745927e+00 -4.415099313206111e-30  1.101083188058141e-13  9.810127683636614e-05 -0.000000000000000e+00 
 1.479108388168207e+00 -4.362929317651248e-30  1.076019474739102e-13  9.810127683636869e-05 -0.000000000000000e+00 
 1.513561248436208e+00 -4.313109068277074e-30  1.051526281188371e-13  9.810127683637135e-05 -0.000000000000000e+00 
 1.548816618912481e+00 -4.265532705762899e-30  1.027590620790522e-13  9.810127683637412e-05 -0.000000000000000e+00 
 1.584893192461113e+00 -4.220099146730924e-30  1.004199802541586e-13  9.810127683637704e-05 -0.000000000000000e+00 
 1.621810097358929e+00 -4.176711866959563e-30  9.813414243201135e-14  9.810127683638009e-05 -0.000000000000000e+00 
 1.659586907437560e+00 -4.135278696834279e-30  9.590033663114048e-14  9.810127683638326e-05 -0.000000000000000e+00 
 1.698243652461743e+00 -4.095711622300923e-30  9.371737845814245e-14  9.810127683638663e-05 -0.000000000000000e+00 
 1.737800828749374e+00 -4.057926599940456e-30  9.158411047969909e-14  9.810127683639013e-05 -0.000000000000000e+00 
 1.778279410038922e+00 -4.021843375719244e-30  8.949940160889108e-14  9.810127683639380e-05 -0.000000000000000e+00 
 1.819700858609982e+00 -3.987385315060830e-30  8.746214650548073e-14  9.810127683639760e-05 -0.000000000000000e+00 
 1.862087136662866e+00 -3.954479238455263e-30  8.547126498984597e-14  9.810127683640165e-05 -0.000000000000000e+00 
 1.905460717963246e+00 -3.923055266317647e-30  8.352570147025475e-14  9.810127683640586e-05 -0.000000000000000e+00 
 1.949844599758044e+00 -3.893046670395457e-30  8.162442438317638e-14  9.810127683641026e-05  1.953125000000000e-03 
 1.995262314968878e+00 -3.864389730112424e-30  7.976642564633304e-14  9.810127683641486e-05 -0.000000000000000e+00 
 2.041737944669527e+00 -3.837023598850069e-30  7.795072012420082e-14  9.810127683641970e-05 -0.000000000000000e+00 
 2.089296130854037e+00 -3.810890171972117e-30  7.617634510567820e-14  9.810127683642476e-05 -0.000000000000000e+00 
 2.137962089502230e+00 -3.785933966292426e-30  7.444235979364373e-14  9.810127683643004e-05 -0.000000000000000e+00 
 2.187761623949550e+00 -3.762101998669711e-30  7.274784480613297e-14  9.810127683643560e-05 -0.000000000000000e+00 
 2.238721138568337e+00 -3.739343675340015e-30  7.109190168886998e-14  9.810127683644141e-05  1.953125000000000e-03 
 2.290867652767770e+00 -3.717610683661606e-30  6.947365243889503e-14  9.810127683644750e-05 -0.000000000000000e+00 
 2.344228815319919e+00 -3.696856889134488e-30  6.789223903903566e-14  9.810127683645384e-05 -0.000000000000000e+00 
 2.398832919019488e+00 -3.677038237433715e-30  6.634682300297479e-14  9.810127683646054e-05  1.953125000000000e-03 
 2.454708915685027e+00 -3.658112660672781e-30  6.483658493067415e-14  9.810127683646750e-05 -0.000000000000000e+00 
 2.511886431509577e+00 -3.640039987899267e-30  6.336072407391741e-14  9.810127683647482e-05 -0.000000000000000e+00 
 2.570395782768860e+00 -3.622781859538071e-30  6.191845791174299e-14  9.810127683648248e-05 -0.000000000000000e+00 
 2.630267991895378e+00 -3.606301646369297e-30  6.050902173554104e-14  9.810127683649051e-05 -0.000000000000000e+00 
 2.691534803926912e+00 -3.590564370593293e-30  5.913166824359487e-14  9.810127683649889e-05 -0.000000000000000e+00 
 2.754228703338163e+00 -3.575536632755135e-30  5.778566714485159e-14  9.810127683650770e-05  1.953125000000000e-03 
 2.818382931264450e+00 -3.561186539289362e-30  5.647030477171229e-14  9.810127683651693e-05 -0.000000000000000e+00 
 2.884031503126602e+00 -3.547483636424958e-30  5.518488370163579e-14  9.810127683652655e-05 -0.000000000000000e+00 
 2.951209226666381e+00 -3.534398843788300e-30  5.392872238735616e-14  9.810127683653663e-05 -0.000000000000000e+00 
 3.019951720402012e+00 -3.521904393717216e-30  5.270115479551735e-14  9.810127683654719e-05 -0.000000000000000e+00 
 3.090295432513586e+00 -3.509973771825236e-30  5.150153005353336e-14  9.810127683655826e-05 -0.000000000000000e+00 
 3.162277660168374e+00 -3.498581660812162e-30  5.032921210448712e-14  9.810127683656986e-05 -0.000000000000000e+00 
 3.235936569296277e+00 -3.487703886599227e-30  4.918357936988454e-14  9.810127683658199e-05 -0.000000000000000e+00 
 3.311311214825905e+00 -3.477317366512444e-30  4.806402442008551e-14  9.810127683659471e-05 -0.000000000000000e+00 
 3.388441561392020e+00 -3.467400061488466e-30  4.696995365223659e-14  9.810127683660803e-05 -0.000000000000000e+00 
 3.467368504525310e+00 -3.457930927714087e-30  4.590078697553492e-14  9.810127683662192e-05 -0.000000000000000e+00 
 3.548133892335748e+00 -3.448889873031524e-30  4.485595750365642e-14  9.810127683663652e-05 -0.000000000000000e+00 
 3.630780547701007e+00 -3.440257714044219e-30  4.383491125418512e-14  9.810127683665182e-05  3.906250000000000e-03 
 3.715352290971718e+00 -3.432016134779441e-30  4.283710685488446e-14  9.810127683666781e-05  3.906250000000000e-03 
 3.801893963205605e+00 -3.424147648598342e-30  4.186201525665441e-14  9.810127683668456e-05 -0.000000000000000e+00 
 3.890451449942799e+00 -3.416635560649122e-30  4.090911945302269e-14  9.810127683670211e-05  3.906250000000000e-03 
 3.981071705534965e+00 -3.409463932313479e-30  3.997791420602121e-14  9.810127683672047e-05 -0.000000000000000e+00 
 4.073802778041119e+00 -3.402617547733721e-30  3.906790577830200e-14  9.810127683673970e-05 -0.000000000000000e+00 
 4.168693834703346e+00 -3.396081881090687e-30  3.817861167135129e-14  9.810127683675986e-05  3.906250000000000e-03 
 4.265795188015918e+00 -3.389843066103250e-30  3.730956036966243e-14  9.810127683678096e-05 -0.000000000000000e+00 
 4.365158322401651e+00 -3.383887866285169e-30  3.646029109073196e-14  9.810127683680305e-05 -0.000000000000000e+00 
 4.466835921509622e+00 -3.378203647255435e-30  3.563035354074680e-14  9.810127683682614e-05  3.906250000000000e-03 
 4.570881896148741e+00 -3.372778349361291e-30  3.481930767583242e-14  9.810127683685037e-05  3.906250000000000e-03 
 4.677351412871972e+00 -3.367600462617517e-30  3.402672346873581e-14  9.810127683687570e-05 -0.000000000000000e+00 
 4.786300923226373e+00 -3.362659001898733e-30  3.325218068081924e-14  9.810127683690227e-05  3.906250000000000e-03 
 4.897788193684452e+00 -3.357943483758759e-30  3.249526863924430e-14  9.810127683693009e-05 -0.000000000000000e+00 
 5.011872336272712e+00 -3.353443904206775e-30  3.175558601922761e-14  9.810127683695919e-05 -0.000000000000000e+00 
 5.128613839913638e+00 -3.349150717531442e-30  3.103274063125319e-14  9.810127683698965e-05 -0.000000000000000e+00 
 5.248074602497715e+00 -3.345054815845994e-30  3.032634921312833e-14  9.810127683702160e-05  3.906250000000000e-03 
 5.370317963702516e+00 -3.341147509810407e-30  2.963603722677297e-14  9.810127683705504e-05 -0.000000000000000e+00 
 5.495408738576233e+00 -3.337420510264265e-30  2.896143865963457e-14  9.810127683709001e-05 -0.000000000000000e+00 
 5.623413251903478e+00 -3.333865910730080e-30  2.830219583062346e-14  9.810127683712666e-05 -0.000000000000000e+00 
 5.754399373371556e+00 -3.330476170390973e-30  2.765795920046560e-14  9.810127683716506e-05 -0.000000000000000e+00 
 5.888436553555876e+00 -3.327244098204073e-30  2.702838718637220e-14  9.810127683720525e-05 -0.000000000000000e+00 
 6.025595860743564e+00 -3.324162837715940e-30  2.641314598092802e-14  9.810127683724731e-05 -0.000000000000000e+00 
 6.165950018614807e+00 -3.321225852390386e-30  2.581190937510224e-14  9.810127683729137e-05 -0.000000000000000e+00 
 6.309573444801917e+00 -3.318426911810972e-30  2.522435858528815e-14  9.810127683733752e-05 -0.000000000000000e+00 
 6.456542290346539e+00 -3.315760078363922e-30  2.465018208427984e-14  9.810127683738583e-05 -0.000000000000000e+00 
 6.606934480075944e+00 -3.313219694793303e-30  2.408907543609634e-14  9.810127683743643e-05 -0.000000000000000e+00 
 6.760829753919801e+00 -3.310800372060975e-30  2.354074113456567e-14  9.810127683748940e-05 -0.000000000000000e+00 
 6.918309709189348e+00 -3.308496978011185e-30  2.300488844558308e-14  9.810127683754485e-05  7.812500000000000e-03 
 7.079457843841362e+00 -3.306304626364891e-30  2.248123325296006e-14  9.810127683760299e-05 -0.000000000000000e+00 
 7.244359600749883e+00 -3.304218666453039e-30  2.196949790778205e-14  9.810127683766377e-05  7.812500000000000e-03 
 7.413102413009157e+00 -3.302234673331924e-30  2.146941108119543e-14  9.810127683772748e-05 -0.000000000000000e+00 
 7.585775750291819e+00 -3.300348438327593e-30  2.098070762054531e-14  9.810127683779420e-05 -0.000000000000000e+00 
 7.762471166286898e+00 -3.298555960195168e-30  2.050312840878810e-14  9.810127683786401e-05 -0.000000000000000e+00 
 7.943282347242794e+00 -3.296853436579511e-30  2.003642022710422e-14  9.810127683793712e-05 -0.000000000000000e+00 
 8.128305161640972e+00 -3.295237255923488e-30  1.958033562063812e-14  9.810127683801372e-05 -0.000000000000000e+00 
 8.317637711026689e+00 -3.293703989860133e-30  1.913463276729446e-14  9.810127683809387e-05 -0.000000000000000e+00 
 8.511380382023743e+00 -3.292250385933413e-30  1.869907534952084e-14  9.810127683817789e-05 -0.000000000000000e+00 
 8.709635899560784e+00 -3.290873360662573e-30  1.827343242900905e-14  9.810127683826579e-05 -0.000000000000000e+00 
 8.912509381337431e+00 -3.289569993015249e-30  1.785747832424860e-14  9.810127683835784e-05 -0.000000000000000e+00 
 9.120108393559072e+00 -3.288337518205521e-30  1.745099249086732e-14  9.810127683845423e-05  7.812500000000000e-03 
 9.332543007969884e+00 -3.287173321834580e-30  1.705375940469591e-14  9.810127683855517e-05 -0.000000000000000e+00 
 9.549925860214332e+00 -3.286074934399590e-30  1.666556844749405e-14  9.810127683866088e-05 -0.000000000000000e+00 
 9.772372209558078e+00 -3.285040025900769e-30  1.628621379527793e-14  9.810127683877158e-05 -0.000000000000000e+00 
 9.999999999999970e+00 -3.284066401067565e-30  1.591549430918959e-14  9.810127683888747e-05 -0.000000000000000e+00 
 1.023292992280751e+01 -3.283151994621162e-30  1.555321342885045e-14  9.810127683900880e-05  7.812500000000000e-03 
 1.047128548050896e+01 -3.282294866881082e-30  1.519917906814241e-14  9.810127683913591e-05 -0.000000000000000e+00 
 1.071519305237603e+01 -3.281493199666249e-30  1.485320351336122e-14  9.810127683926899e-05 -0.000000000000000e+00 
 1.096478196143182e+01 -3.280745292494606e-30  1.451510332368820e-14  9.810127683940832e-05  7.812500000000000e-03 
 1.122018454301960e+01 -3.280049558841573e-30  1.418469923392751e-14  9.810127683955423e-05 -0.000000000000000e+00 
 1.148153621496879e+01 -3.279404522929425e-30  1.386181605945734e-14  9.810127683970703e-05 -0.000000000000000e+00 
 1.174897554939526e+01 -3.278808816477288e-30  1.354628260334472e-14  9.810127683986699e-05 -0.000000000000000e+00 
 1.202264434617409e+01 -3.278261175869867e-30  1.323793156557464e-14  9.810127684003451e-05 -0.000000000000000e+00 
 1.230268770812378e+01 -3.277760439431980e-30  1.293659945434537e-14  9.810127684020994e-05 -0.000000000000000e+00 
 1.258925411794163e+01 -3.277305544993367e-30  1.264212649938292e-14  9.810127684039364e-05 -0.000000000000000e+00 
 1.288249551693130e+01 -3.276895527618903e-30  1.235435656722878e-14  9.810127684058599e-05 -0.000000000000000e+00 
 1.318256738556403e+01 -3.276529517584726e-30  1.207313707845582e-14  9.810127684078737e-05 -0.000000000000000e+00 
 1.348962882591649e+01 -3.276206738481026e-30  1.179831892676873e-14  9.810127684099831e-05 -0.000000000000000e+00 
 1.380384264602880e+01 -3.275926505629474e-30  1.152975639994581e-14  9.810127684121913e-05 -0.000000000000000e+00 
 1.412537544622749e+01 -3.275688224586784e-30  1.126730710258052e-14  9.810127684145039e-05 -0.000000000000000e+00 
 1.445439770745922e+01 -3.275491389902584e-30  1.101083188058146e-14  9.810127684169250e-05 -0.000000000000000e+00 
 1.479108388168202e+01 -3.275335584049195e-30  1.076019474739107e-14  9.810127684194610e-05 -0.000000000000000e+00 
 1.513561248436203e+01 -3.275220476513002e-30  1.051526281188376e-14  9.810127684221160e-05 -0.000000000000000e+00 
 1.548816618912476e+01 -3.275145823120359e-30  1.027590620790527e-14  9.810127684248961e-05 -0.000000000000000e+00 
 1.584893192461108e+01 -3.275111465494027e-30  1.004199802541591e-14  9.810127684278076e-05 -0.000000000000000e+00 
 1.621810097358924e+01 -3.275117330748999e-30  9.813414243201180e-15  9.810127684308561e-05  1.562500000000000e-02 
 1.659586907437554e+01 -3.275163431313865e-30  9.590033663114092e-15  9.810127684340480e-05 -0.000000000000000e+00 
 1.698243652461738e+01 -3.275249864955955e-30  9.371737845814288e-15  9.810127684373906e-05  1.562500000000000e-02 
 1.737800828749369e+01 -3.275376815002950e-30  9.158411047969956e-15  9.810127684408909e-05 -0.000000000000000e+00 
 1.778279410038916e+01 -3.275544550723921e-30  8.949940160889154e-15  9.810127684445559e-05 -0.000000000000000e+00 
 1.819700858609976e+01 -3.275753427891793e-30  8.746214650548115e-15  9.810127684483936e-05 -0.000000000000000e+00 
 1.862087136662860e+01 -3.276003889560769e-30  8.547126498984640e-15  9.810127684524123e-05 -0.000000000000000e+00 
 1.905460717963240e+01 -3.276296466986386e-30  8.352570147025516e-15  9.810127684566205e-05 -0.000000000000000e+00 
 1.949844599758038e+01 -3.276631780748512e-30  8.162442438317682e-15  9.810127684610266e-05 -0.000000000000000e+00 
 1.995262314968872e+01 -3.277010542092685e-30  7.976642564633344e-15  9.810127684656405e-05 -0.000000000000000e+00 
 2.041737944669521e+01 -3.277433554413239e-30  7.795072012420122e-15  9.810127684704723e-05 -0.000000000000000e+00 
 2.089296130854031e+01 -3.277901714974832e-30  7.617634510567855e-15  9.810127684755314e-05  1.562500000000000e-02 
 2.137962089502224e+01 -3.278416016796071e-30  7.444235979364410e-15  9.810127684808289e-05 -0.000000000000000e+00 
 2.187761623949544e+01 -3.278977550779405e-30  7.274784480613338e-15  9.810127684863762e-05 -0.000000000000000e+00 
 2.238721138568331e+01 -3.279587508010307e-30  7.109190168887039e-15  9.810127684921849e-05 -0.000000000000000e+00 
 2.290867652767764e+01 -3.280247182285455e-30  6.947365243889542e-15  9.810127684982676e-05 -0.000000000000000e+00 
 2.344228815319913e+01 -3.280957972858006e-30  6.789223903903607e-15  9.810127685046367e-05 -0.000000000000000e+00 
 2.398832919019481e+01 -3.281721387406461e-30  6.634682300297521e-15  9.810127685113058e-05 -0.000000000000000e+00 
 2.454708915685020e+01 -3.282539045236694e-30  6.483658493067454e-15  9.810127685182895e-05 -0.000000000000000e+00 
 2.511886431509570e+01 -3.283412680700807e-30  6.336072407391781e-15  9.810127685256023e-05 -0.000000000000000e+00 
 2.570395782768853e+01 -3.284344146901158e-30  6.191845791174338e-15  9.810127685332598e-05 -0.000000000000000e+00 
 2.630267991895371e+01 -3.285335419596988e-30  6.050902173554144e-15  9.810127685412780e-05 -0.000000000000000e+00 
 2.691534803926904e+01 -3.286388601408960e-30  5.913166824359526e-15  9.810127685496742e-05  3.125000000000000e-02 
 2.754228703338154e+01 -3.287505926274942e-30  5.778566714485203e-15  9.810127685584657e-05 -0.000000000000000e+00 
 2.818382931264442e+01 -3.288689764191554e-30  5.647030477171270e-15  9.810127685676721e-05 -0.000000000000000e+00 
 2.884031503126593e+01 -3.289942626232989e-30  5.518488370163618e-15  9.810127685773120e-05 -0.000000000000000e+00 
 2.951209226666373e+01 -3.291267169889818e-30  5.392872238735656e-15  9.810127685874066e-05 -0.000000000000000e+00 
 3.019951720402003e+01 -3.292666204694824e-30  5.270115479551775e-15  9.810127685979768e-05 -0.000000000000000e+00 
 3.090295432513577e+01 -3.294142698185529e-30  5.150153005353378e-15  9.810127686090450e-05 -0.000000000000000e+00 
 3.162277660168365e+01 -3.295699782204559e-30  5.032921210448753e-15  9.810127686206350e-05 -0.000000000000000e+00 
 3.235936569296268e+01 -3.297340759533859e-30  4.918357936988495e-15  9.810127686327712e-05 -0.000000000000000e+00 
 3.311311214825896e+01 -3.299069110906482e-30  4.806402442008592e-15  9.810127686454793e-05 -0.000000000000000e+00 
 3.388441561392010e+01 -3.300888502387407e-30  4.696995365223699e-15  9.810127686587861e-05  3.125000000000000e-02 
 3.467368504525301e+01 -3.302802793149441e-30  4.590078697553533e-15  9.810127686727204e-05 -0.000000000000000e+00 
 3.548133892335738e+01 -3.304816043660137e-30  4.485595750365684e-15  9.810127686873114e-05 -0.000000000000000e+00 
 3.630780547700997e+01 -3.306932524294019e-30  4.383491125418557e-15  9.810127687025899e-05 -0.000000000000000e+00 
 3.715352290971708e+01 -3.309156724389743e-30  4.283710685488490e-15  9.810127687185884e-05 -0.000000000000000e+00 
 3.801893963205595e+01 -3.311493361775914e-30  4.186201525665484e-15  9.810127687353410e-05  3.125000000000000e-02 
 3.890451449942788e+01 -3.313947392772243e-30  4.090911945302315e-15  9.810127687528828e-05 -0.000000000000000e+00 
 3.981071705534954e+01 -3.316524022710344e-30  3.997791420602165e-15  9.810127687712519e-05 -0.000000000000000e+00 
 4.073802778041109e+01 -3.319228716966943e-30  3.906790577830244e-15  9.810127687904862e-05 -0.000000000000000e+00 
 4.168693834703335e+01 -3.322067212563311e-30  3.817861167135174e-15  9.810127688106270e-05  3.125000000000000e-02 
 4.265795188015907e+01 -3.325045530329704e-30  3.730956036966288e-15  9.810127688317175e-05 -0.000000000000000e+00 
 4.365158322401639e+01 -3.328169987678721e-30  3.646029109073240e-15  9.810127688538014e-05  3.125000000000000e-02 
 4.466835921509610e+01 -3.331447212005562e-30  3.563035354074725e-15  9.810127688769265e-05  3.125000000000000e-02 
 4.570881896148729e+01 -3.334884154742924e-30  3.481930767583291e-15  9.810127689011414e-05 -0.000000000000000e+00 
 4.677351412871960e+01 -3.338488106110161e-30  3.402672346873630e-15  9.810127689264975e-05 -0.000000000000000e+00 
 4.786300923226361e+01 -3.342266710573151e-30  3.325218068081973e-15  9.810127689530482e-05 -0.000000000000000e+00 
 4.897788193684438e+01 -3.346227983061363e-30  3.249526863924480e-15  9.810127689808506e-05 -0.000000000000000e+00 
 5.011872336272698e+01 -3.350380325967041e-30  3.175558601922812e-15  9.810127690099630e-05 -0.000000000000000e+00 
 5.128613839913623e+01 -3.354732546969386e-30  3.103274063125370e-15  9.810127690404479e-05 -0.000000000000000e+00 
 5.248074602497700e+01 -3.359293877715940e-30  3.032634921312885e-15  9.810127690723691e-05 -0.000000000000000e+00 
 5.370317963702501e+01 -3.364073993404561e-30  2.963603722677349e-15  9.810127691057948e-05  6.250000000000000e-02 
 5.495408738576219e+01 -3.369083033305533e-30  2.896143865963511e-15  9.810127691407959e-05 -0.000000000000000e+00 
 5.623413251903463e+01 -3.374331622268136e-30  2.830219583062402e-15  9.810127691774466e-05 -0.000000000000000e+00 
 5.754399373371541e+01 -3.379830893258561e-30  2.765795920046617e-15  9.810127692158241e-05 -0.000000000000000e+00 
 5.888436553555861e+01 -3.385592510973621e-30  2.702838718637276e-15  9.810127692560108e-05 -0.000000000000000e+00 
 6.025595860743547e+01 -3.391628696581949e-30  2.641314598092859e-15  9.810127692980912e-05 -0.000000000000000e+00 
 6.165950018614791e+01 -3.397952253649637e-30  2.581190937510282e-15  9.810127693421548e-05 -0.000000000000000e+00 
 6.309573444801901e+01 -3.404576595296178e-30  2.522435858528874e-15  9.810127693882952e-05 -0.000000000000000e+00 
 6.456542290346522e+01 -3.411515772646241e-30  2.465018208428043e-15  9.810127694366101e-05 -0.000000000000000e+00 
 6.606934480075925e+01 -3.418784504633986e-30  2.408907543609695e-15  9.810127694872021e-05 -0.000000000000000e+00 
 6.760829753919782e+01 -3.426398209223573e-30  2.354074113456630e-15  9.810127695401783e-05 -0.000000000000000e+00 
 6.918309709189329e+01 -3.434373036114128e-30  2.300488844558374e-15  9.810127695956509e-05 -0.000000000000000e+00 
 7.079457843841342e+01 -3.442725900994020e-30  2.248123325296071e-15  9.810127696537383e-05 -0.000000000000000e+00 
 7.244359600749863e+01 -3.451474521422092e-30  2.196949790778272e-15  9.810127697145632e-05 -0.000000000000000e+00 
 7.413102413009136e+01 -3.460637454408872e-30  2.146941108119610e-15  9.810127697782544e-05 -0.000000000000000e+00 
 7.585775750291798e+01 -3.470234135778807e-30  2.098070762054599e-15  9.810127698449474e-05  6.250000000000000e-02 
 7.762471166286876e+01 -3.480284921396500e-30  2.050312840878880e-15  9.810127699147838e-05 -0.000000000000000e+00 
 7.943282347242773e+01 -3.490811130343581e-30  2.003642022710493e-15  9.810127699879112e-05 -0.000000000000000e+00 
 8.128305161640949e+01 -3.501835090140635e-30  1.958033562063885e-15  9.810127700644853e-05 -0.000000000000000e+00 
 8.317637711026666e+01 -3.513380184106284e-30  1.913463276729521e-15  9.810127701446681e-05 -0.000000000000000e+00 
 8.511380382023719e+01 -3.525470900956708e-30  1.869907534952159e-15  9.810127702286293e-05 -0.000000000000000e+00 
 8.709635899560760e+01 -3.538132886749369e-30  1.827343242900982e-15  9.810127703165478e-05 -0.000000000000000e+00 
 8.912509381337408e+01 -3.551392999282914e-30  1.785747832424938e-15  9.810127704086100e-05 -0.000000000000000e+00 
 9.120108393559049e+01 -3.565279365065112e-30  1.745099249086813e-15  9.810127705050110e-05 -0.000000000000000e+00 
 9.332543007969861e+01 -3.579821438974411e-30  1.705375940469672e-15  9.810127706059548e-05 -0.000000000000000e+00 
 9.549925860214309e+01 -3.595050066737230e-30  1.666556844749487e-15  9.810127707116561e-05 -0.000000000000000e+00 
 9.772372209558054e+01 -3.610997550356232e-30  1.628621379527878e-15  9.810127708223389e-05 -0.000000000000000e+00 
 9.999999999999946e+01 -3.627697716628106e-30  1.591549430919046e-15  9.810127709382383e-05 -0.000000000000000e+00 
 1.023292992280749e+02 -3.645185988894717e-30  1.555321342885134e-15  9.810127710595999e-05 -0.000000000000000e+00 
 1.047128548050894e+02 -3.663499462180995e-30  1.519917906814332e-15  9.810127711866809e-05 -0.000000000000000e+00 
 1.071519305237600e+02 -3.682676981879338e-30  1.485320351336215e-15  9.810127713197508e-05 -0.000000000000000e+00 
 1.096478196143179e+02 -3.702759226146336e-30  1.451510332368915e-15  9.810127714590925e-05 -0.000000000000000e+00 
 1.122018454301957e+02 -3.723788792186835e-30  1.418469923392847e-15  9.810127716050008e-05  1.250000000000000e-01 
 1.148153621496876e+02 -3.745810286609178e-30  1.386181605945833e-15  9.810127717577859e-05 -0.000000000000000e+00 
 1.174897554939523e+02 -3.768870420042667e-30  1.354628260334572e-15  9.810127719177716e-05  1.250000000000000e-01 
 1.202264434617406e+02 -3.793018106217456e-30  1.323793156557567e-15  9.810127720852968e-05 -0.000000000000000e+00 
 1.230268770812374e+02 -3.818304565718058e-30  1.293659945434642e-15  9.810127722607173e-05 -0.000000000000000e+00 
 1.258925411794160e+02 -3.844783434630047e-30  1.264212649938400e-15  9.810127724444051e-05 -0.000000000000000e+00 
 1.288249551693126e+02 -3.872510878310189e-30  1.235435656722988e-15  9.810127726367501e-05 -0.000000000000000e+00 
 1.318256738556399e+02 -3.901545710521939e-30  1.207313707845695e-15  9.810127728381599e-05 -0.000000000000000e+00 
 1.348962882591645e+02 -3.931949518188569e-30  1.179831892676988e-15  9.810127730490616e-05 -0.000000000000000e+00 
 1.380384264602876e+02 -3.963786792028029e-30  1.152975639994699e-15  9.810127732699031e-05 -0.000000000000000e+00 
 1.412537544622746e+02 -3.997125063348634e-30  1.126730710258172e-15  9.810127735011523e-05 -0.000000000000000e+00 
 1.445439770745919e+02 -4.032035047292851e-30  1.101083188058268e-15  9.810127737433002e-05 -0.000000000000000e+00 
 1.479108388168198e+02 -4.068590792835783e-30  1.076019474739232e-15  9.810127739968603e-05 -0.000000000000000e+00 
 1.513561248436199e+02 -4.106869839854342e-30  1.051526281188504e-15  9.810127742623699e-05 -0.000000000000000e+00 
 1.548816618912472e+02 -4.146953383602302e-30  1.027590620790658e-15  9.810127745403926e-05 -0.000000000000000e+00 
 1.584893192461104e+02 -4.188926446938170e-30  1.004199802541724e-15  9.810127748315183e-05 -0.000000000000000e+00 
 1.621810097358920e+02 -4.232878060672617e-30  9.813414243202548e-16  9.810127751363641e-05 -0.000000000000000e+00 
 1.659586907437551e+02 -4.278901452417491e-30  9.590033663115489e-16  9.810127754555769e-05 -0.000000000000000e+00 
 1.698243652461734e+02 -4.327094244336889e-30  9.371737845815719e-16  9.810127757898337e-05 -0.000000000000000e+00 
 1.737800828749365e+02 -4.377558660220263e-30  9.158411047971420e-16  9.810127761398436e-05 -0.000000000000000e+00 
 1.778279410038912e+02 -4.430401742316197e-30  8.949940160890647e-16  9.810127765063491e-05 -0.000000000000000e+00 
 1.819700858609972e+02 -4.485735578387253e-30  8.746214650549648e-16  9.810127768901271e-05 -0.000000000000000e+00 
 1.862087136662855e+02 -4.543677539467359e-30  8.547126498986204e-16  9.810127772919922e-05 -0.000000000000000e+00 
 1.905460717963235e+02 -4.604350528826277e-30  8.352570147027118e-16  9.810127777127967e-05 -0.000000000000000e+00 
 1.949844599758032e+02 -4.667883242668921e-30  8.162442438319323e-16  9.810127781534328e-05 -0.000000000000000e+00 
 1.995262314968867e+02 -4.734410443122852e-30  7.976642564635021e-16  9.810127786148355e-05 -0.000000000000000e+00 
 2.041737944669516e+02 -4.804073244093042e-30  7.795072012421834e-16  9.810127790979835e-05  2.500000000000000e-01 
 2.089296130854026e+02 -4.877019410590039e-30  7.617634510569612e-16  9.810127796039018e-05 -0.000000000000000e+00 
 2.137962089502218e+02 -4.953403672166735e-30  7.444235979366207e-16  9.810127801336628e-05 -0.000000000000000e+00 
 2.187761623949538e+02 -5.033388051128694e-30  7.274784480615170e-16  9.810127806883907e-05 -0.000000000000000e+00 
 2.238721138568325e+02 -5.117142206213854e-30  7.109190168888915e-16  9.810127812692622e-05 -0.000000000000000e+00 
 2.290867652767758e+02 -5.204843792471396e-30  6.947365243891460e-16  9.810127818775094e-05 -0.000000000000000e+00 
 2.344228815319906e+02 -5.296678838102423e-30  6.789223903905567e-16  9.810127825144218e-05 -0.000000000000000e+00 
 2.398832919019474e+02 -5.392842139062425e-30  6.634682300299526e-16  9.810127831813516e-05 -0.000000000000000e+00 
 2.454708915685014e+02 -5.493537672262521e-30  6.483658493069509e-16  9.810127838797123e-05 -0.000000000000000e+00 
 2.511886431509563e+02 -5.598979028245782e-30  6.336072407393879e-16  9.810127846109861e-05 -0.000000000000000e+00 
 2.570395782768846e+02 -5.709389864256833e-30  6.191845791176484e-16  9.810127853767231e-05 -0.000000000000000e+00 
 2.630267991895364e+02 -5.825004378665736e-30  6.050902173556340e-16  9.810127861785485e-05 -0.000000000000000e+00 
 2.691534803926897e+02 -5.946067807752711e-30  5.913166824361775e-16  9.810127870181629e-05 -0.000000000000000e+00 
 2.754228703338148e+02 -6.072836945907336e-30  5.778566714487500e-16  9.810127878973468e-05 -0.000000000000000e+00 
 2.818382931264435e+02 -6.205580690346190e-30  5.647030477173620e-16  9.810127888179651e-05 -0.000000000000000e+00 
 2.884031503126586e+02 -6.344580611504298e-30  5.518488370166024e-16  9.810127897819704e-05 -0.000000000000000e+00 
 2.951209226666365e+02 -6.490131550310493e-30  5.392872238738116e-16  9.810127907914081e-05  2.500000000000000e-01 
 3.019951720401995e+02 -6.642542243613842e-30  5.270115479554293e-16  9.810127918484190e-05 -0.000000000000000e+00 
 3.090295432513569e+02 -6.802135979088080e-30  5.150153005355954e-16  9.810127929552449e-05 -0.000000000000000e+00 
 3.162277660168357e+02 -6.969251281003313e-30  5.032921210451386e-16  9.810127941142340e-05  2.500000000000000e-01 
 3.235936569296260e+02 -7.144242628319951e-30  4.918357936991190e-16  9.810127953278445e-05  2.500000000000000e-01 
 3.311311214825888e+02 -7.327481206628549e-30  4.806402442011351e-16  9.810127965986502e-05 -0.000000000000000e+00 
 3.388441561392002e+02 -7.519355695530517e-30  4.696995365226523e-16  9.810127979293473e-05 -0.000000000000000e+00 
 3.467368504525292e+02 -7.720273093130622e-30  4.590078697556418e-16  9.810127993227577e-05  2.500000000000000e-01 
 3.548133892335729e+02 -7.930659579390213e-30  4.485595750368638e-16  9.810128007818372e-05 -0.000000000000000e+00 
 3.630780547700987e+02 -8.150961420173303e-30  4.383491125421579e-16  9.810128023096807e-05 -0.000000000000000e+00 
 3.715352290971698e+02 -8.381645913903243e-30  4.283710685491584e-16  9.810128039095290e-05 -0.000000000000000e+00 
 3.801893963205584e+02 -8.623202382838821e-30  4.186201525668648e-16  9.810128055847752e-05 -0.000000000000000e+00 
 3.890451449942777e+02 -8.876143211072890e-30  4.090911945305550e-16  9.810128073389734e-05 -0.000000000000000e+00 
 3.981071705534943e+02 -9.141004931455981e-30  3.997791420605475e-16  9.810128091758436e-05 -0.000000000000000e+00 
 4.073802778041097e+02 -9.418349363751270e-30  3.906790577833632e-16  9.810128110992825e-05 -0.000000000000000e+00 
 4.168693834703323e+02 -9.708764806435537e-30  3.817861167138641e-16  9.810128131133699e-05 -0.000000000000000e+00 
 4.265795188015895e+02 -1.001286728467548e-29  3.730956036969835e-16  9.810128152223775e-05 -0.000000000000000e+00 
 4.365158322401627e+02 -1.033130185712703e-29  3.646029109076871e-16  9.810128174307793e-05 -0.000000000000000e+00 
 4.466835921509598e+02 -1.066474398433094e-29  3.563035354078440e-16  9.810128197432589e-05 -0.000000000000000e+00 
 4.570881896148716e+02 -1.101390096160831e-29  3.481930767587090e-16  9.810128221647216e-05 -0.000000000000000e+00 
 4.677351412871947e+02 -1.137951341949638e-29  3.402672346877516e-16  9.810128247003035e-05  5.000000000000000e-01 
 4.786300923226348e+02 -1.176235689490931e-29  3.325218068085951e-16  9.810128273553830e-05 -0.000000000000000e+00 
 4.897788193684425e+02 -1.216324347635738e-29  3.249526863928550e-16  9.810128301355911e-05 -0.000000000000000e+00 
 5.011872336272685e+02 -1.258302352671646e-29  3.175558601926975e-16  9.810128330468256e-05  5.000000000000000e-01 
 5.128613839913610e+02 -1.302258748720380e-29  3.103274063129630e-16  9.810128360952614e-05 -0.000000000000000e+00 
 5.248074602497686e+02 -1.348286776638859e-29  3.032634921317244e-16  9.810128392873640e-05  5.000000000000000e-01 
 5.370317963702487e+02 -1.396484071824615e-29  2.963603722681809e-16  9.810128426299043e-05  5.000000000000000e-01 
 5.495408738576203e+02 -1.446952871345435e-29  2.896143865968075e-16  9.810128461299723e-05 -0.000000000000000e+00 
 5.623413251903447e+02 -1.499800230832790e-29  2.830219583067071e-16  9.810128497949919e-05 -0.000000000000000e+00 
 5.754399373371524e+02 -1.555138251599452e-29  2.765795920051395e-16  9.810128536327361e-05 -0.000000000000000e+00 
 5.888436553555844e+02 -1.613084318463340e-29  2.702838718642166e-16  9.810128576513459e-05 -0.000000000000000e+00 
 6.025595860743530e+02 -1.673761348782366e-29  2.641314598097863e-16  9.810128618593446e-05 -0.000000000000000e+00 
 6.165950018614773e+02 -1.737298053228984e-29  2.581190937515401e-16  9.810128662656579e-05  5.000000000000000e-01 
 6.309573444801882e+02 -1.803829208857931e-29  2.522435858534113e-16  9.810128708796314e-05 -0.000000000000000e+00 
 6.456542290346504e+02 -1.873495945046861e-29  2.465018208433403e-16  9.810128757110522e-05  5.000000000000000e-01 
 6.606934480075907e+02 -1.946446042916842e-29  2.408907543615181e-16  9.810128807701672e-05 -0.000000000000000e+00 
 6.760829753919763e+02 -2.022834248868490e-29  2.354074113462243e-16  9.810128860677077e-05 -0.000000000000000e+00 
 6.918309709189309e+02 -2.102822602899257e-29  2.300488844564116e-16  9.810128916149092e-05 -0.000000000000000e+00 
 7.079457843841321e+02 -2.186580782399036e-29  2.248123325301949e-16  9.810128974235385e-05 -0.000000000000000e+00 
 7.244359600749841e+02 -2.274286462153995e-29  2.196949790784284e-16  9.810129035059151e-05 -0.000000000000000e+00 
 7.413102413009113e+02 -2.366125691323028e-29  2.146941108125764e-16  9.810129098749402e-05 -0.000000000000000e+00 
 7.585775750291774e+02 -2.462293288187381e-29  2.098070762060896e-16  9.810129165441227e-05 -0.000000000000000e+00 
 7.762471166286851e+02 -2.562993253511598e-29  2.050312840885322e-16  9.810129235276076e-05  1.000000000000000e+00 
 7.943282347242747e+02 -2.668439203393709e-29  2.003642022717086e-16  9.810129308402076e-05 -0.000000000000000e+00 
 8.128305161640923e+02 -2.778854822523871e-29  1.958033562070630e-16  9.810129384974320e-05 -0.000000000000000e+00 
 8.317637711026639e+02 -2.894474338814120e-29  1.913463276736424e-16  9.810129465155224e-05 -0.000000000000000e+00 
 8.511380382023692e+02 -3.015543020407360e-29  1.869907534959222e-16  9.810129549114849e-05 -0.000000000000000e+00 
 8.709635899560732e+02 -3.142317696121228e-29  1.827343242908209e-16  9.810129637031267e-05 -0.000000000000000e+00 
 8.912509381337379e+02 -3.275067300432508e-29  1.785747832432334e-16  9.810129729090954e-05 -0.000000000000000e+00 
 9.120108393559019e+02 -3.414073444159602e-29  1.745099249094380e-16  9.810129825489164e-05 -0.000000000000000e+00 
 9.332543007969830e+02 -3.559631012055741e-29  1.705375940477416e-16  9.810129926430348e-05 -0.000000000000000e+00 
 9.549925860214277e+02 -3.712048788582417e-29  1.666556844757412e-16  9.810130032128604e-05 -0.000000000000000e+00 
 9.772372209558022e+02 -3.871650113192772e-29  1.628621379535986e-16  9.810130142808109e-05 -0.000000000000000e+00 
 9.999999999999912e+02 -4.038773566517375e-29  1.591549430927342e-16  9.810130258703612e-05 -0.000000000000000e+00 
 1.023292992280745e+03 -4.213773688910540e-29  1.555321342893624e-16  9.810130380060914e-05 -0.000000000000000e+00 
 1.047128548050890e+03 -4.397021732884502e-29  1.519917906823019e-16  9.810130507137401e-05 -0.000000000000000e+00 
 1.071519305237597e+03 -4.588906451030411e-29  1.485320351345104e-16  9.810130640202599e-05 -0.000000000000000e+00 
 1.096478196143175e+03 -4.789834921101293e-29  1.451510332378012e-16  9.810130779538715e-05 -0.000000000000000e+00 
 1.122018454301953e+03 -5.000233410010764e-29  1.418469923402156e-16  9.810130925441274e-05 -0.000000000000000e+00 
 1.148153621496872e+03 -5.220548278584500e-29  1.386181605955357e-16  9.810131078219712e-05  1.000000000000000e+00 
 1.174897554939519e+03 -5.451246928988035e-29  1.354628260344319e-16  9.810131238198050e-05 -0.000000000000000e+00 
 1.202264434617402e+03 -5.692818796845670e-29  1.323793156567540e-16  9.810131405715580e-05 -0.000000000000000e+00 
 1.230268770812370e+03 -5.945776390160376e-29  1.293659945444847e-16  9.810131581127577e-05 -0.000000000000000e+00 
 1.258925411794156e+03 -6.210656377244124e-29  1.264212649948842e-16  9.810131764806057e-05  1.000000000000000e+00 
 1.288249551693122e+03 -6.488020725973178e-29  1.235435656733674e-16  9.810131957140574e-05 -0.000000000000000e+00 
 1.318256738556395e+03 -6.778457896791514e-29  1.207313707856629e-16  9.810132158539022e-05 -0.000000000000000e+00 
 1.348962882591641e+03 -7.082584092000840e-29  1.179831892688176e-16  9.810132369428516e-05 -0.000000000000000e+00 
 1.380384264602872e+03 -7.401044563995433e-29  1.152975640006148e-16  9.810132590256316e-05 -0.000000000000000e+00 
 1.412537544622741e+03 -7.734514985225801e-29  1.126730710269888e-16  9.810132821490727e-05 -0.000000000000000e+00 
 1.445439770745914e+03 -8.083702882806914e-29  1.101083188070257e-16  9.810133063622138e-05 -0.000000000000000e+00 
 1.479108388168193e+03 -8.449349140824858e-29  1.076019474751500e-16  9.810133317164033e-05 -0.000000000000000e+00 
 1.513561248436194e+03 -8.832229573539964e-29  1.051526281201057e-16  9.810133582654099e-05 -0.000000000000000e+00 
 1.548816618912467e+03 -9.233156572836415e-29  1.027590620803503e-16  9.810133860655347e-05 -0.000000000000000e+00 
 1.584893192461099e+03 -9.652980833425914e-29  1.004199802554869e-16  9.810134151757312e-05 -0.000000000000000e+00 
 1.621810097358915e+03 -1.009259315948049e-28  9.813414243337057e-17  9.810134456577316e-05 -0.000000000000000e+00 
 1.659586907437545e+03 -1.055292394598512e-28  9.590033663253130e-17  9.810134775761749e-05 -0.000000000000000e+00 
 1.698243652461728e+03 -1.103495480217532e-28  9.371737845956561e-17  9.810135109987469e-05  2.000000000000000e+00 
 1.737800828749359e+03 -1.153970616296193e-28  9.158411048115542e-17  9.810135459963205e-05 -0.000000000000000e+00 
 1.778279410038906e+03 -1.206824910383471e-28  8.949940161038131e-17  9.810135826431089e-05 -0.000000000000000e+00 
 1.819700858609966e+03 -1.262170520558848e-28  8.746214650700565e-17  9.810136210168207e-05 -0.000000000000000e+00 
 1.862087136662849e+03 -1.320124893703052e-28  8.547126499140634e-17  9.810136611988246e-05 -0.000000000000000e+00 
 1.905460717963228e+03 -1.380811015019874e-28  8.352570147185145e-17  9.810137032743239e-05 -0.000000000000000e+00 
 1.949844599758026e+03 -1.444357669341072e-28  8.162442438481029e-17  9.810137473325342e-05 -0.000000000000000e+00 
 1.995262314968860e+03 -1.510899714771662e-28  7.976642564800491e-17  9.810137934668742e-05  2.000000000000000e+00 
 2.041737944669509e+03 -1.580578369259213e-28  7.795072012591161e-17  9.810138417751628e-05 -0.000000000000000e+00 
 2.089296130854019e+03 -1.653541510698532e-28  7.617634510742882e-17  9.810138923598264e-05 -0.000000000000000e+00 
 2.137962089502211e+03 -1.729943991211946e-28  7.444235979543513e-17  9.810139453281163e-05 -0.000000000000000e+00 
 2.187761623949531e+03 -1.809947966275829e-28  7.274784480796607e-17  9.810140007923344e-05 -0.000000000000000e+00 
 2.238721138568317e+03 -1.893723239395809e-28  7.109190169074577e-17  9.810140588700730e-05 -0.000000000000000e+00 
 2.290867652767750e+03 -1.981447623066317e-28  6.947365244081447e-17  9.810141196844628e-05 -0.000000000000000e+00 
 2.344228815319898e+03 -2.073307316784968e-28  6.789223904099981e-17  9.810141833644321e-05 -0.000000000000000e+00 
 2.398832919019466e+03 -2.169497302928933e-28  6.634682300498469e-17  9.810142500449820e-05 -0.000000000000000e+00 
 2.454708915685005e+03 -2.270221761338401e-28  6.483658493273082e-17  9.810143198674717e-05 -0.000000000000000e+00 
 2.511886431509554e+03 -2.375694503492643e-28  6.336072407602194e-17  9.810143929799159e-05  2.000000000000000e+00 
 2.570395782768837e+03 -2.486139427205740e-28  6.191845791389655e-17  9.810144695373010e-05 -0.000000000000000e+00 
 2.630267991895354e+03 -2.601790992813216e-28  6.050902173774480e-17  9.810145497019100e-05 -0.000000000000000e+00 
 2.691534803926887e+03 -2.722894721866605e-28  5.913166824584992e-17  9.810146336436671e-05 -0.000000000000000e+00 
 2.754228703338138e+03 -2.849707719401249e-28  5.778566714715921e-17  9.810147215404981e-05 -0.000000000000000e+00 
 2.818382931264424e+03 -2.982499220892964e-28  5.647030477407358e-17  9.810148135787054e-05  2.000000000000000e+00 
 2.884031503126575e+03 -3.121550923986487e-28  5.518488370405209e-17  9.810149099533627e-05 -0.000000000000000e+00 
 2.951209226666354e+03 -3.267158552729469e-28  5.392872238982876e-17  9.810150108687272e-05 -0.000000000000000e+00 
 3.019951720401984e+03 -3.419631039323642e-28  5.270115479804754e-17  9.810151165386706e-05 -0.000000000000000e+00 
 3.090295432513557e+03 -3.579292146421228e-28  5.150153005612251e-17  9.810152271871337e-05 -0.000000000000000e+00 
 3.162277660168345e+03 -3.746480915112395e-28  5.032921210713656e-17  9.810153430485970e-05 -0.000000000000000e+00 
 3.235936569296248e+03 -3.921552386577084e-28  4.918357937259570e-17  9.810154643685772e-05 -0.000000000000000e+00 
 3.311311214825875e+03 -4.104878357858991e-28  4.806402442285984e-17  9.810155914041472e-05 -0.000000000000000e+00 
 3.388441561391989e+03 -4.296848173375171e-28  4.696995365507555e-17  9.810157244244767e-05 -0.000000000000000e+00 
 3.467368504525279e+03 -4.497869553850749e-28  4.590078697844001e-17  9.810158637114030e-05 -0.000000000000000e+00 
 3.548133892335716e+03 -4.708369464447798e-28  4.485595750662921e-17  9.810160095600246e-05 -0.000000000000000e+00 
 3.630780547700973e+03 -4.928795023940402e-28  4.383491125722721e-17  9.810161622793251e-05 -0.000000000000000e+00 
 3.715352290971684e+03 -5.159613974643784e-28  4.283710685799743e-17  9.810163221928242e-05 -0.000000000000000e+00 
 3.801893963205570e+03 -5.401317608507494e-28  4.186201525983991e-17  9.810164896392621e-05 -0.000000000000000e+00 
 3.890451449942763e+03 -5.654418918065472e-28  4.090911945628242e-17  9.810166649733126e-05  4.000000000000000e+00 
 3.981071705534928e+03 -5.919455619020707e-28  3.997791420935688e-17  9.810168485663325e-05  4.000000000000000e+00 
 4.073802778041082e+03 -6.196990813395158e-28  3.906790578171543e-17  9.810170408071440e-05 -0.000000000000000e+00 
 4.168693834703307e+03 -6.487614189034704e-28  3.817861167484428e-17  9.810172421028525e-05 -0.000000000000000e+00 
 4.265795188015879e+03 -6.791943275795849e-28  3.730956037323684e-17  9.810174528797084e-05 -0.000000000000000e+00 
 4.365158322401610e+03 -7.110624761083521e-28  3.646029109438969e-17  9.810176735840021e-05 -0.000000000000000e+00 
 4.466835921509581e+03 -7.444335626383787e-28  3.563035354448979e-17  9.810179046830045e-05 -0.000000000000000e+00 
 4.570881896148699e+03 -7.793785554613023e-28  3.481930767966268e-17  9.810181466659518e-05 -0.000000000000000e+00 
 4.677351412871929e+03 -8.159716994110617e-28  3.402672347265536e-17  9.810184000450739e-05 -0.000000000000000e+00 
 4.786300923226329e+03 -8.542907705435762e-28  3.325218068483018e-17  9.810186653566731e-05 -0.000000000000000e+00 
 4.897788193684407e+03 -8.944172177110462e-28  3.249526864334874e-17  9.810189431622504e-05 -0.000000000000000e+00 
 5.011872336272666e+03 -9.364363119510104e-28  3.175558602342777e-17  9.810192340496878e-05 -0.000000000000000e+00 
 5.128613839913590e+03 -9.804374246500172e-28  3.103274063555129e-17  9.810195386344826e-05 -0.000000000000000e+00 
 5.248074602497666e+03 -1.026514073097505e-27  3.032634921752668e-17  9.810198575610396e-05 -0.000000000000000e+00 
 5.370317963702466e+03 -1.074764216185998e-27  2.963603723127389e-17  9.810201915040251e-05 -0.000000000000000e+00 
 5.495408738576182e+03 -1.125290438912719e-27  2.896143866424047e-17  9.810205411697829e-05 -0.000000000000000e+00 
 5.623413251903426e+03 -1.178200146704703e-27  2.830219583533681e-17  9.810209072978124e-05 -0.000000000000000e+00 
 5.754399373371502e+03 -1.233605890640175e-27  2.765795920528892e-17  9.810212906623241e-05 -0.000000000000000e+00 
 5.888436553555821e+03 -1.291625462220905e-27  2.702838719130805e-17  9.810216920738563e-05 -0.000000000000000e+00 
 6.025595860743507e+03 -1.352382216504036e-27  2.641314598597904e-17  9.810221123809761e-05 -0.000000000000000e+00 
 6.165950018614749e+03 -1.416005407045768e-27  2.581190938027112e-17  9.810225524720527e-05 -0.000000000000000e+00 
 6.309573444801857e+03 -1.482630316065930e-27  2.522435859057767e-17  9.810230132771155e-05 -0.000000000000000e+00 
 6.456542290346478e+03 -1.552398602582012e-27  2.465018208969282e-17  9.810234957697985e-05 -0.000000000000000e+00 
 6.606934480075881e+03 -1.625458724403235e-27  2.408907544163568e-17  9.810240009693721e-05 -0.000000000000000e+00 
 6.760829753919737e+03 -1.701966036481063e-27  2.354074114023434e-17  9.810245299428717e-05 -0.000000000000000e+00 
 6.918309709189281e+03 -1.782083241847353e-27  2.300488845138413e-17  9.810250838073210e-05 -0.000000000000000e+00 
 7.079457843841294e+03 -1.865980797752374e-27  2.248123325889657e-17  9.810256637320599e-05 -0.000000000000000e+00 
 7.244359600749813e+03 -1.953837108756589e-27  2.196949791385723e-17  9.810262709411782e-05 -0.000000000000000e+00 
 7.413102413009085e+03 -2.045839098778699e-27  2.146941108741252e-17  9.810269067160624e-05 -0.000000000000000e+00 
 7.585775750291745e+03 -2.142182438898437e-27  2.098070762690766e-17  9.810275723980568e-05 -0.000000000000000e+00 
 7.762471166286822e+03 -2.243072023003303e-27  2.050312841529912e-17  9.810282693912486e-05 -0.000000000000000e+00 
 7.943282347242717e+03 -2.348722523259189e-27  2.003642023376742e-17  9.810289991653798e-05 -0.000000000000000e+00 
 8.128305161640892e+03 -2.459358603823427e-27  1.958033562745708e-17  9.810297632588906e-05 -0.000000000000000e+00 
 8.317637711026608e+03 -2.575215602439179e-27  1.913463277427286e-17  9.810305632821036e-05 -0.000000000000000e+00 
 8.511380382023659e+03 -2.696539992930999e-27  1.869907535666245e-17  9.810314009205507e-05 -0.000000000000000e+00 
 8.709635899560699e+03 -2.823589762323769e-27  1.827343243631771e-17  9.810322779384532e-05 -0.000000000000000e+00 
 8.912509381337344e+03 -2.956635174581755e-27  1.785747833172825e-17  9.810331961823576e-05  8.000000000000000e+00 
 9.120108393558983e+03 -3.095959125210634e-27  1.745099249852204e-17  9.810341575849377e-05 -0.000000000000000e+00 
 9.332543007969793e+03 -3.241857957309955e-27  1.705375941252981e-17  9.810351641689662e-05 -0.000000000000000e+00 
 9.549925860214238e+03 -3.394641919160915e-27  1.666556845551139e-17  9.810362180514686e-05 -0.000000000000000e+00 
 9.772372209557981e+03 -3.554635916791098e-27  1.628621380348307e-17  9.810373214480591e-05 -0.000000000000000e+00 
 9.999999999999871e+03 -3.722180091830874e-27  1.591549431758697e-17  9.810384766774754e-05 -0.000000000000000e+00 
 1.023292992280741e+04 -3.897630685164134e-27  1.555321343744465e-17  9.810396861663145e-05 -0.000000000000000e+00 
 1.047128548050886e+04 -4.081360668354694e-27  1.519917907693810e-17  9.810409524539789e-05 -0.000000000000000e+00 
 1.071519305237592e+04 -4.273760651909255e-27  1.485320352236321e-17  9.810422781978441e-05 -0.000000000000000e+00 
 1.096478196143171e+04 -4.475239564439110e-27  1.451510333290140e-17  9.810436661786558e-05  8.000000000000000e+00 
 1.122018454301949e+04 -4.686225599979451e-27  1.418469924335696e-17  9.810451193061644e-05  8.000000000000000e+00 
 1.148153621496868e+04 -4.907167133143541e-27  1.386181606910821e-17  9.810466406250091e-05 -0.000000000000000e+00 
 1.174897554939514e+04 -5.138533640214102e-27  1.354628261322231e-17  9.810482333208603e-05 -0.000000000000000e+00 
 1.202264434617397e+04 -5.380816664404035e-27  1.323793157568438e-17  9.810499007268303e-05 -0.000000000000000e+00 
 1.230268770812365e+04 -5.634530863663285e-27  1.293659946469283e-17  9.810516463301647e-05 -0.000000000000000e+00 
 1.258925411794151e+04 -5.900215167465172e-27  1.264212650997383e-17  9.810534737792255e-05 -0.000000000000000e+00 
 1.288249551693117e+04 -6.178433814875168e-27  1.235435657806898e-17  9.810553868907717e-05 -0.000000000000000e+00 
 1.318256738556390e+04 -6.469777530350718e-27  1.207313708955132e-17  9.810573896575608e-05  1.600000000000000e+01 
 1.348962882591636e+04 -6.774864912582441e-27  1.179831893812570e-17  9.810594862562699e-05 -0.000000000000000e+00 
 1.380384264602866e+04 -7.094343578769567e-27  1.152975641157059e-17  9.810616810557582e-05 -0.000000000000000e+00 
 1.412537544622735e+04 -7.428891611972046e-27  1.126730711447959e-17  9.810639786256810e-05 -0.000000000000000e+00 
 1.445439770745908e+04 -7.779218926827029e-27  1.101083189276149e-17  9.810663837454627e-05 -0.000000000000000e+00 
 1.479108388168187e+04 -8.146068835290381e-27  1.076019475985889e-17  9.810689014136533e-05 -0.000000000000000e+00 
 1.513561248436188e+04 -8.530219548858852e-27  1.051526282464640e-17  9.810715368576701e-05 -0.000000000000000e+00 
 1.548816618912460e+04 -8.932485862984782e-27  1.027590622096992e-17  9.810742955439454e-05 -0.000000000000000e+00 
 1.584893192461092e+04 -9.353720833055576e-27  1.004199803878999e-17  9.810771831884915e-05 -0.000000000000000e+00 
 1.621810097358908e+04 -9.794817578898540e-27  9.813414256892278e-18  9.810802057678961e-05 -0.000000000000000e+00 
 1.659586907437538e+04 -1.025671117303498e-26  9.590033677130010e-18  9.810833695307688e-05  1.600000000000000e+01 
 1.698243652461721e+04 -1.074038051929327e-26  9.371737860163053e-18  9.810866810096412e-05 -0.000000000000000e+00 
 1.737800828749351e+04 -1.124685062694241e-26  9.158411062659793e-18  9.810901470333445e-05  1.600000000000000e+01 
 1.778279410038898e+04 -1.177719447015847e-26  8.949940175928538e-18  9.810937747398784e-05 -0.000000000000000e+00 
 1.819700858609958e+04 -1.233253550705478e-26  8.746214665945748e-18  9.810975715897779e-05 -0.000000000000000e+00 
 1.862087136662842e+04 -1.291404976835933e-26  8.547126514749462e-18  9.811015453800035e-05 -0.000000000000000e+00 
 1.905460717963221e+04 -1.352296861568665e-26  8.352570163166722e-18  9.811057042583579e-05 -0.000000000000000e+00 
 1.949844599758018e+04 -1.416058110323949e-26  8.162442454844729e-18  9.811100567384503e-05  1.600000000000000e+01 
 1.995262314968852e+04 -1.482823676386209e-26  7.976642581555961e-18  9.811146117152162e-05  1.600000000000000e+01 
 2.041737944669501e+04 -1.552734838651670e-26  7.795072029748318e-18  9.811193784810137e-05 -0.000000000000000e+00 
 2.089296130854010e+04 -1.625939512029225e-26  7.617634528311928e-18  9.811243667422964e-05 -0.000000000000000e+00 
 2.137962089502202e+04 -1.702592532480879e-26  7.444235997534956e-18  9.811295866368858e-05 -0.000000000000000e+00 
 2.187761623949522e+04 -1.782856001581855e-26  7.274784499221265e-18  9.811350487518485e-05  1.600000000000000e+01 
 2.238721138568308e+04 -1.866899616762501e-26  7.109190187943589e-18  9.811407641419861e-05 -0.000000000000000e+00 
 2.290867652767740e+04 -1.954901028212099e-26  6.947365263406285e-18  9.811467443489505e-05 -0.000000000000000e+00 
 2.344228815319889e+04 -2.047046208488723e-26  6.789223923892466e-18  9.811530014209892e-05 -0.000000000000000e+00 
 2.398832919019456e+04 -2.143529836780417e-26  6.634682320770786e-18  9.811595479333251e-05 -0.000000000000000e+00 
 2.454708915684995e+04 -2.244555709635017e-26  6.483658514037790e-18  9.811663970091790e-05 -0.000000000000000e+00 
 2.511886431509544e+04 -2.350337170405274e-26  6.336072428872246e-18  9.811735623414263e-05 -0.000000000000000e+00 
 2.570395782768826e+04 -2.461097537310080e-26  6.191845813178402e-18  9.811810582148997e-05 -0.000000000000000e+00 
 2.630267991895344e+04 -2.577070583859784e-26  6.050902196095702e-18  9.811888995293231e-05 -0.000000000000000e+00 
 2.691534803926876e+04 -2.698501017238339e-26  5.913166847452922e-18  9.811971018228787e-05 -0.000000000000000e+00 
 2.754228703338126e+04 -2.825644991261183e-26  5.778566738145234e-18  9.812056812963889e-05 -0.000000000000000e+00 
 2.818382931264412e+04 -2.958770622818681e-26  5.647030501413227e-18  9.812146548381068e-05  3.200000000000000e+01 
 2.884031503126564e+04 -3.098158573391177e-26  5.518488395003296e-18  9.812240400490916e-05 -0.000000000000000e+00 
 2.951209226666342e+04 -3.244102600280827e-26  5.392872264189370e-18  9.812338552691494e-05  3.200000000000000e+01 
 3.019951720401971e+04 -3.396910193742036e-26  5.270115505636395e-18  9.812441196033108e-05 -0.000000000000000e+00 
 3.090295432513544e+04 -3.556903184756115e-26  5.150153032086347e-18  9.812548529488118e-05 -0.000000000000000e+00 
 3.162277660168332e+04 -3.724418430052449e-26  5.032921237848112e-18  9.812660760225363e-05  3.200000000000000e+01 
 3.235936569296234e+04 -3.899808484996546e-26  4.918357965072920e-18  9.812778103888776e-05  3.200000000000000e+01 
 3.311311214825861e+04 -4.083442362764699e-26  4.806402470797412e-18  9.812900784879626e-05 -0.000000000000000e+00 
 3.388441561391974e+04 -4.275706251491229e-26  4.696995394736930e-18  9.813029036641747e-05  3.200000000000000e+01 
 3.467368504525264e+04 -4.477004334287063e-26  4.590078727811914e-18  9.813163101949103e-05  3.200000000000000e+01 
 3.548133892335701e+04 -4.687759611323476e-26  4.485595781390709e-18  9.813303233194795e-05  3.200000000000000e+01 
 3.630780547700958e+04 -4.908414762909691e-26  4.383491157232515e-18  9.813449692680697e-05  3.200000000000000e+01 
 3.715352290971669e+04 -5.139433057744263e-26  4.283710718114501e-18  9.813602752906601e-05  3.200000000000000e+01 
 3.801893963205554e+04 -5.381299285308367e-26  4.186201559127536e-18  9.813762696857822e-05 -0.000000000000000e+00 
 3.890451449942747e+04 -5.634520767193983e-26  4.090911979625313e-18  9.813929818289894e-05  3.200000000000000e+01 
 3.981071705534912e+04 -5.899628367056010e-26  3.997791455811979e-18  9.814104422009011e-05 -0.000000000000000e+00 
 4.073802778041065e+04 -6.177177576850756e-26  3.906790613953750e-18  9.814286824146596e-05 -0.000000000000000e+00 
 4.168693834703290e+04 -6.467749639614872e-26  3.817861204200316e-18  9.814477352426301e-05 -0.000000000000000e+00 
 4.265795188015862e+04 -6.771952728566979e-26  3.730956075002122e-18  9.814676346421536e-05 -0.000000000000000e+00 
 4.365158322401593e+04 -7.090423166743523e-26  3.646029148110003e-18  9.814884157801421e-05 -0.000000000000000e+00 
 4.466835921509562e+04 -7.423826723966681e-26  3.563035394143887e-18  9.815101150562896e-05 -0.000000000000000e+00 
 4.570881896148680e+04 -7.772859933045189e-26  3.481930808717629e-18  9.815327701246578e-05 -0.000000000000000e+00 
 4.677351412871909e+04 -8.138251504688907e-26  3.402672389107291e-18  9.815564199133542e-05 -0.000000000000000e+00 
 4.786300923226309e+04 -8.520763776692522e-26  3.325218111450556e-18  9.815811046420285e-05 -0.000000000000000e+00 
 4.897788193684386e+04 -8.921194241160768e-26  3.249526908465105e-18  9.816068658368586e-05 -0.000000000000000e+00 
 5.011872336272644e+04 -9.340377130425687e-26  3.175558647674208e-18  9.816337463426965e-05 -0.000000000000000e+00 
 5.128613839913568e+04 -9.779185072098468e-26  3.103274110127968e-18  9.816617903320143e-05 -0.000000000000000e+00 
 5.248074602497643e+04 -1.023853082137539e-25  3.032634969608904e-18  9.816910433102508e-05 -0.000000000000000e+00 
 5.370317963702443e+04 -1.071936906570514e-25  2.963603772310898e-18  9.817215521171578e-05 -0.000000000000000e+00 
 5.495408738576159e+04 -1.122269831414438e-25  2.896143916980696e-18  9.817533649237043e-05 -0.000000000000000e+00 
 5.623413251903402e+04 -1.174956284257008e-25  2.830219635511441e-18  9.817865312240641e-05 -0.000000000000000e+00 
 5.754399373371479e+04 -1.230105476462824e-25  2.765795973977955e-18  9.818211018222122e-05 -0.000000000000000e+00 
 5.888436553555797e+04 -1.287831615188698e-25  2.702838774103715e-18  9.818571288125974e-05 -0.000000000000000e+00 
 6.025595860743483e+04 -1.348254126670656e-25  2.641314655149688e-18  9.818946655543664e-05 -0.000000000000000e+00 
 6.165950018614724e+04 -1.411497889032863e-25  2.581190996215426e-18  9.819337666385644e-05 -0.000000000000000e+00 
 6.309573444801832e+04 -1.477693472659417e-25  2.522435918943044e-18  9.819744878477370e-05 -0.000000000000000e+00 
 6.456542290346453e+04 -1.546977395498933e-25  2.465018270614896e-18  9.820168861073263e-05 -0.000000000000000e+00 
 6.606934480075855e+04 -1.619492383167169e-25  2.408907607636004e-18  9.820610194282471e-05 -0.000000000000000e+00 
 6.760829753919710e+04 -1.695387645249933e-25  2.354074179392469e-18  9.821069468400074e-05 -0.000000000000000e+00 
 6.918309709189254e+04 -1.774819160419456e-25  2.300488912477311e-18  9.821547283137405e-05 -0.000000000000000e+00 
 7.079457843841266e+04 -1.857949973687985e-25  2.248123395275375e-18  9.822044246745079e-05 -0.000000000000000e+00 
 7.244359600749785e+04 -1.944950508141864e-25  2.196949862899124e-18  9.822560975022267e-05 -0.000000000000000e+00 
 7.413102413009056e+04 -2.035998886124838e-25  2.146941182467342e-18  9.823098090206045e-05 -0.000000000000000e+00 
 7.585775750291716e+04 -2.131281269365225e-25  2.098070838718934e-18  9.823656219734621e-05  6.400000000000000e+01 
 7.762471166286792e+04 -2.230992205977537e-25  2.050312919954197e-18  9.824235994878616e-05 -0.000000000000000e+00 
 7.943282347242687e+04 -2.335334998391691e-25  2.003642104296103e-18  9.824838049234886e-05 -0.000000000000000e+00 
 8.128305161640861e+04 -2.444522083909436e-25  1.958033646264323e-18  9.825463017077862e-05 -0.000000000000000e+00 
 8.317637711026576e+04 -2.558775430451359e-25  1.913463363654861e-18  9.826111531563900e-05 -0.000000000000000e+00 
 8.511380382023628e+04 -2.678326949450647e-25  1.869907624718345e-18  9.826784222784907e-05  6.400000000000000e+01 
 8.709635899560666e+04 -2.803418926439970e-25  1.827343335630178e-18  9.827481715668284e-05 -0.000000000000000e+00 
 8.912509381337311e+04 -2.934304468507970e-25  1.785747928245901e-18  9.828204627721201e-05 -0.000000000000000e+00 
 9.120108393558950e+04 -3.071247970523980e-25  1.745099348135292e-18  9.828953566618447e-05 -0.000000000000000e+00 
 9.332543007969759e+04 -3.214525600098484e-25  1.705376042888828e-18  9.829729127634197e-05 -0.000000000000000e+00 
 9.549925860214204e+04 -3.364425804882413e-25  1.666556950690338e-18  9.830531890919667e-05 -0.000000000000000e+00 
 9.772372209557948e+04 -3.521249834950394e-25  1.628621489149770e-18  9.831362418630104e-05 -0.000000000000000e+00 
 9.999999999999837e+04 -3.685312295337323e-25  1.591549544390164e-18  9.832221251906456e-05 -0.000000000000000e+00 
 1.023292992280737e+05 -3.856941713093529e-25  1.555321460383028e-18  9.833108907718824e-05 -0.000000000000000e+00 
 1.047128548050882e+05 -4.036481130288956e-25  1.519918028526486e-18  9.834025875581061e-05 -0.000000000000000e+00 
 1.071519305237589e+05 -4.224288724941780e-25  1.485320477460648e-18  9.834972614148024e-05 -0.000000000000000e+00 
 1.096478196143167e+05 -4.420738450849460e-25  1.451510463114818e-18  9.835949547709318e-05 -0.000000000000000e+00 
 1.122018454301945e+05 -4.626220709405590e-25  1.418470058981259e-18  9.836957062595906e-05 -0.000000000000000e+00 
 1.148153621496864e+05 -4.841143043307358e-25  1.386181746610358e-18  9.837995503518492e-05 -0.000000000000000e+00 
 1.174897554939510e+05 -5.065930862487947e-25  1.354628406322149e-18  9.839065169859109e-05 -0.000000000000000e+00 
 1.202264434617393e+05 -5.301028197722045e-25  1.323793308129267e-18  9.840166311940136e-05 -0.000000000000000e+00 
 1.230268770812361e+05 -5.546898483347152e-25  1.293660102866536e-18  9.841299127297387e-05 -0.000000000000000e+00 
 1.258925411794146e+05 -5.804025374519090e-25  1.264212813522468e-18  9.842463756986624e-05 -0.000000000000000e+00 
 1.288249551693113e+05 -6.072913590725075e-25  1.235435826768087e-18  9.843660281955173e-05 -0.000000000000000e+00 
 1.318256738556385e+05 -6.354089801167765e-25  1.207313884678584e-18  9.844888719512606e-05 -0.000000000000000e+00 
 1.348962882591631e+05 -6.648103536370761e-25  1.179832076643425e-18  9.846149019936542e-05 -0.000000000000000e+00 
 1.380384264602862e+05 -6.955528140820598e-25  1.152975831460596e-18  9.847441063251285e-05 -0.000000000000000e+00 
 1.412537544622731e+05 -7.276961758347467e-25  1.126730909610829e-18  9.848764656218448e-05 -0.000000000000000e+00 
 1.445439770745904e+05 -7.613028357954857e-25  1.101083395707679e-18  9.850119529579823e-05  1.280000000000000e+02 
 1.479108388168183e+05 -7.964378795468649e-25  1.076019691119478e-18  9.851505335592984e-05 -0.000000000000000e+00 
 1.513561248436183e+05 -8.331691912988944e-25  1.051526506759229e-18  9.852921645900482e-05  1.280000000000000e+02 
 1.548816618912456e+05 -8.715675685643222e-25  1.027590856038642e-18  9.854367949772608e-05 -0.000000000000000e+00 
 1.584893192461087e+05 -9.117068394093177e-25  1.004200047982551e-18  9.855843652762622e-05  1.280000000000000e+02 
 1.621810097358903e+05 -9.536639855770218e-25  9.813416805000885e-19  9.857348075811480e-05 -0.000000000000000e+00 
 1.659586907437533e+05 -9.975192681758510e-25  9.590036338090212e-19  9.858880454836490e-05  1.280000000000000e+02 
 1.698243652461716e+05 -1.043356358088516e-24  9.371740640097950e-19  9.860439940835186e-05 -0.000000000000000e+00 
 1.737800828749346e+05 -1.091262470942362e-24  9.158413968058401e-19  9.862025600531582e-05 -0.000000000000000e+00 
 1.778279410038893e+05 -1.141328505246796e-24  8.949943213668540e-19  9.863636417587676e-05 -0.000000000000000e+00 
 1.819700858609953e+05 -1.193649184990509e-24  8.746217843317681e-19  9.865271294397434e-05  1.280000000000000e+02 
 1.862087136662836e+05 -1.248323206477484e-24  8.547129839482481e-19  9.866929054475075e-05 -0.000000000000000e+00 
 1.905460717963215e+05 -1.305453388357871e-24  8.352573643455977e-19  9.868608445442813e-05 -0.000000000000000e+00 
 1.949844599758012e+05 -1.365146825708896e-24  8.162446099380549e-19  9.870308142616717e-05 -0.000000000000000e+00 
 1.995262314968846e+05 -1.427515047599560e-24  7.976646399554899e-19  9.872026753182066e-05 -0.000000000000000e+00 
 2.041737944669495e+05 -1.492674177372466e-24  7.795076030986222e-19  9.873762820942502e-05 -0.000000000000000e+00 
 2.089296130854004e+05 -1.560745096989572e-24  7.617638723159126e-19  9.875514831619812e-05 -0.000000000000000e+00 
 2.137962089502196e+05 -1.631853612635207e-24  7.444240396993709e-19  9.877281218673986e-05 -0.000000000000000e+00 
 2.187761623949515e+05 -1.706130623788308e-24  7.274789114965648e-19  9.879060369606061e-05 -0.000000000000000e+00 
 2.238721138568301e+05 -1.783712293269620e-24  7.109195032361933e-19  9.880850632699679e-05 -0.000000000000000e+00 
 2.290867652767734e+05 -1.864740219217393e-24  6.947370349646337e-19  9.882650324150964e-05 -0.000000000000000e+00 
 2.344228815319882e+05 -1.949361607460401e-24  6.789229265909455e-19  9.884457735530819e-05 -0.000000000000000e+00 
 2.398832919019449e+05 -2.037729444266579e-24  6.634687933378554e-19  9.886271141518897e-05 -0.000000000000000e+00 
 2.454708915684988e+05 -2.130002668639166e-24  6.483664412963162e-19  9.888088807844663e-05  2.560000000000000e+02 
 2.511886431509537e+05 -2.226346342760761e-24  6.336078630812874e-19  9.889908999367755e-05 -0.000000000000000e+00 
 2.570395782768819e+05 -2.326931821235655e-24  6.191852335864220e-19  9.891729988228127e-05 -0.000000000000000e+00 
 2.630267991895336e+05 -2.431936916121374e-24  6.050909058354273e-19  9.893550061995447e-05 -0.000000000000000e+00 
 2.691534803926869e+05 -2.541546059086511e-24  5.913174069278812e-19  9.895367531747424e-05 -0.000000000000000e+00 
 2.754228703338119e+05 -2.655950456716863e-24  5.778574340773745e-19  9.897180740008139e-05 -0.000000000000000e+00 
 2.818382931264405e+05 -2.775348241016977e-24  5.647038507398594e-19  9.898988068479694e-05 -0.000000000000000e+00 
 2.884031503126556e+05 -2.899944610876703e-24  5.518496828301699e-19  9.900787945503981e-05 -0.000000000000000e+00 
 2.951209226666334e+05 -3.029951964836146e-24  5.392881150246959e-19  9.902578853195644e-05  2.560000000000000e+02 
 3.019951720401964e+05 -3.165590022768324e-24  5.270124871482579e-19  9.904359334192375e-05  2.560000000000000e+02 
 3.090295432513537e+05 -3.307085935199031e-24  5.150162906432621e-19  9.906127997974690e-05 -0.000000000000000e+00 
 3.162277660168324e+05 -3.454674378199779e-24  5.032931651192701e-19  9.907883526713642e-05 -0.000000000000000e+00 
 3.235936569296226e+05 -3.608597631495619e-24  4.918368949811496e-19  9.909624680611983e-05 -0.000000000000000e+00 
 3.311311214825853e+05 -3.769105639717697e-24  4.806414061340153e-19  9.911350302711260e-05 -0.000000000000000e+00 
 3.388441561391967e+05 -3.936456050908459e-24  4.697007627632237e-19  9.913059323145049e-05 -0.000000000000000e+00 
 3.467368504525256e+05 -4.110914233989084e-24  4.590091641877018e-19  9.914750762825579e-05  2.560000000000000e+02 
 3.548133892335693e+05 -4.292753269301827e-24  4.485609417849511e-19  9.916423736558554e-05  2.560000000000000e+02 
 3.630780547700950e+05 -4.482253911693117e-24  4.383505559860901e-19  9.918077455587855e-05 -0.000000000000000e+00 
 3.715352290971660e+05 -4.679704522910001e-24  4.283725933393401e-19  9.919711229578547e-05 -0.000000000000000e+00 
 3.801893963205545e+05 -4.885400970057249e-24  4.186217636404051e-19  9.921324468052900e-05 -0.000000000000000e+00 
 3.890451449942738e+05 -5.099646485692822e-24  4.090928971282151e-19  9.922916681299657e-05 -0.000000000000000e+00 
 3.981071705534903e+05 -5.322751489859030e-24  3.997809417445459e-19  9.924487480782094e-05 -0.000000000000000e+00 
 4.073802778041056e+05 -5.555033367462266e-24  3.906809604560632e-19  9.926036579074614e-05 -0.000000000000000e+00 
 4.168693834703281e+05 -5.796816198380765e-24  3.817881286373696e-19  9.927563789361528e-05 -0.000000000000000e+00 
 4.265795188015852e+05 -6.048430437979547e-24  3.730977315136602e-19  9.929069024534622e-05 -0.000000000000000e+00 
 4.365158322401583e+05 -6.310212542781598e-24  3.646051616616345e-19  9.930552295928529e-05 -0.000000000000000e+00 
 4.466835921509552e+05 -6.582504539127278e-24  3.563059165673302e-19  9.932013711734457e-05 -0.000000000000000e+00 
 4.570881896148669e+05 -6.865653528694033e-24  3.481955962395879e-19  9.933453475134040e-05 -0.000000000000000e+00 
 4.677351412871899e+05 -7.160011131365774e-24  3.402699008778685e-19  9.934871882195282e-05  5.120000000000000e+02 
 4.786300923226299e+05 -7.465932856997854e-24  3.325246285931922e-19  9.936269319572490e-05 -0.000000000000000e+00 
 4.897788193684375e+05 -7.783777404995227e-24  3.249556731809796e-19  9.937646262051441e-05 -0.000000000000000e+00 
 5.011872336272634e+05 -8.113905890054670e-24  3.175590219446070e-19  9.939003269979850e-05 -0.000000000000000e+00 
 5.128613839913558e+05 -8.456680985672805e-24  3.103307535685257e-19  9.940340986621715e-05 -0.000000000000000e+00 
 5.248074602497633e+05 -8.812465987821808e-24  3.032670360397998e-19  9.941660135472318e-05 -0.000000000000000e+00 
 5.370317963702432e+05 -9.181623792750271e-24  2.963641246169606e-19  9.942961517568475e-05 -0.000000000000000e+00 
 5.495408738576148e+05 -9.564515786816480e-24  2.896183598450930e-19  9.944246008826515e-05  5.120000000000000e+02 
 5.623413251903391e+05 -9.961500649182632e-24  2.830261656160872e-19  9.945514557437753e-05  5.120000000000000e+02 
 5.754399373371467e+05 -1.037293306093396e-23  2.765840472730291e-19  9.946768181349009e-05 -0.000000000000000e+00 
 5.888436553555785e+05 -1.079916232496359e-23  2.702885897577046e-19  9.948007965852915e-05  5.120000000000000e+02 
 6.025595860743470e+05 -1.124053089400793e-23  2.641364558002333e-19  9.949235061310349e-05 -0.000000000000000e+00 
 6.165950018614712e+05 -1.169737280657071e-23  2.581243841498581e-19  9.950450681024719e-05 -0.000000000000000e+00 
 6.309573444801820e+05 -1.217001203557367e-23  2.522491878459431e-19  9.951656099285437e-05 -0.000000000000000e+00 
 6.456542290346441e+05 -1.265876074777426e-23  2.465077525282551e-19  9.952852649595567e-05  5.120000000000000e+02 
 6.606934480075843e+05 -1.316391748349777e-23  2.408970347856131e-19  9.954041723096425e-05 -0.000000000000000e+00 
 6.760829753919698e+05 -1.368576525468859e-23  2.354140605420310e-19  9.955224767199816e-05 -0.000000000000000e+00 
 6.918309709189242e+05 -1.422456957273102e-23  2.300559234794788e-19  9.956403284436724e-05 -0.000000000000000e+00 
 7.079457843841253e+05 -1.478057641089022e-23  2.248197834964152e-19  9.957578831529491e-05 -0.000000000000000e+00 
 7.244359600749771e+05 -1.535401011123386e-23  2.197028652012652e-19  9.958753018692956e-05  5.120000000000000e+02 
 7.413102413009043e+05 -1.594507124377438e-23  2.147024564400368e-19  9.959927509168624e-05 -0.000000000000000e+00 
 7.585775750291703e+05 -1.655393443306333e-23  2.098159068572785e-19  9.961104018994700e-05 -0.000000000000000e+00 
 7.762471166286779e+05 -1.718074616411619e-23  2.050406264896094e-19  9.962284317013755e-05 -0.000000000000000e+00 
 7.943282347242674e+05 -1.782562257776467e-23  2.003740843910762e-19  9.963470225118938e-05 -0.000000000000000e+00 
 8.128305161640848e+05 -1.848864728241453e-23  1.958138072895804e-19  9.964663618738781e-05 -0.000000000000000e+00 
 8.317637711026561e+05 -1.916986918669138e-23  1.913573782736825e-19  9.965866427560270e-05 -0.000000000000000e+00 
 8.511380382023612e+05 -1.986930038212718e-23  1.870024355090646e-19  9.967080636489185e-05 -0.000000000000000e+00 
 8.709635899560649e+05 -2.058691408900215e-23  1.827466709839805e-19  9.968308286846540e-05  1.024000000000000e+03 
 8.912509381337294e+05 -2.132264269334160e-23  1.785878292830169e-19  9.969551477799760e-05 -0.000000000000000e+00 
 9.120108393558932e+05 -2.207637588712793e-23  1.745237063885339e-19  9.970812368027063e-05  1.024000000000000e+03 
 9.332543007969741e+05 -2.284795894933949e-23  1.705521485091314e-19  9.972093177613794e-05 -0.000000000000000e+00 
 9.549925860214186e+05 -2.363719116933072e-23  1.666710509345591e-19  9.973396190179262e-05 -0.000000000000000e+00 
 9.772372209557928e+05 -2.444382446381768e-23  1.628783569164323e-19  9.974723755233264e-05 -0.000000000000000e+00 
 9.999999999999817e+05 -2.526756218073489e-23  1.591720565742165e-19  9.976078290761501e-05 -0.000000000000000e+00 
 1.023292992280735e+06 -2.610805813568857e-23  1.555501858258834e-19  9.977462286039717e-05 -0.000000000000000e+00 
 1.047128548050880e+06 -2.696491588729108e-23  1.520108253427110e-19  9.978878304676796e-05 -0.000000000000000e+00 
 1.071519305237587e+06 -2.783768828198316e-23  1.485520995276807e-19  9.980328987887669e-05 -0.000000000000000e+00 
 1.096478196143165e+06 -2.872587728136002e-23  1.451721755169638e-19  9.981817057997506e-05  1.024000000000000e+03 
 1.122018454301943e+06 -2.962893408376128e-23  1.418692622039999e-19  9.983345322179430e-05  1.024000000000000e+03 
 1.148153621496861e+06 -3.054625956687943e-23  1.386416092856614e-19  9.984916676428731e-05 -0.000000000000000e+00 
 1.174897554939508e+06 -3.147720504910865e-23  1.354875063300508e-19  9.986534109777425e-05 -0.000000000000000e+00 
 1.202264434617390e+06 -3.242107338358432e-23  1.324052818654595e-19  9.988200708753925e-05 -0.000000000000000e+00 
 1.230268770812358e+06 -3.337712038990387e-23  1.293933024900402e-19  9.989919662093545e-05  1.024000000000000e+03 
 1.258925411794143e+06 -3.434455662063071e-23  1.264499720017632e-19  9.991694265706629e-05 -0.000000000000000e+00 
 1.288249551693110e+06 -3.532254945898502e-23  1.235737305482281e-19  9.993527927912090e-05  1.024000000000000e+03 
 1.318256738556382e+06 -3.631022554595085e-23  1.207630537959151e-19  9.995424174945471e-05 -0.000000000000000e+00 
 1.348962882591628e+06 -3.730667351581492e-23  1.180164521184778e-19  9.997386656751615e-05 -0.000000000000000e+00 
 1.380384264602859e+06 -3.831094702682150e-23  1.153324698036827e-19  9.999419153073553e-05 -0.000000000000000e+00 
 1.412537544622727e+06 -3.932206807846770e-23  1.127096842785926e-19  1.000152557985028e-04 -0.000000000000000e+00 
 1.445439770745900e+06 -4.033903056950190e-23  1.101467053526408e-19  1.000370999593765e-04 -0.000000000000000e+00 
 1.479108388168179e+06 -4.136080408675480e-23  1.076421744782030e-19  1.000597661016791e-04 -0.000000000000000e+00 
 1.513561248436179e+06 -4.238633788973716e-23  1.051947640283036e-19  1.000832978876496e-04 -0.000000000000000e+00 
 1.548816618912452e+06 -4.341456504925526e-23  1.028031765911050e-19  1.001077406313375e-04 -0.000000000000000e+00 
 1.584893192461083e+06 -4.444440671788139e-23  1.004661442808065e-19  1.001331413804401e-04 -0.000000000000000e+00 
 1.621810097358899e+06 -4.547477648136445e-23  9.818242806461523e-20  1.001595490022976e-04 -0.000000000000000e+00 
 1.659586907437529e+06 -4.650458475471455e-23  9.595081710543529e-20  1.001870142742789e-04 -0.000000000000000e+00 
 1.698243652461712e+06 -4.753274319114684e-23  9.377012811992322e-20  1.002155899788053e-04 -0.000000000000000e+00 
 1.737800828749342e+06 -4.855816905243950e-23  9.163920475157739e-20  1.002453310032749e-04 -0.000000000000000e+00 
 1.778279410038889e+06 -4.957978950783506e-23  8.955691695851686e-20  1.002762944451686e-04 -0.000000000000000e+00 
 1.819700858609949e+06 -5.059654582100724e-23  8.752216041561512e-20  1.003085397226305e-04 -0.000000000000000e+00 
 1.862087136662832e+06 -5.160739739180835e-23  8.553385593065318e-20  1.003421286908339e-04 -0.000000000000000e+00 
 1.905460717963211e+06 -5.261132560753641e-23  8.359094887417140e-20  1.003771257644572e-04  2.048000000000000e+03 
 1.949844599758008e+06 -5.360733749219016e-23  8.169240862267738e-20  1.004135980466105e-04  2.048000000000000e+03 
 1.995262314968841e+06 -5.459446910552504e-23  7.983722801490343e-20  1.004516154645627e-04 -0.000000000000000e+00 
 2.041737944669490e+06 -5.557178867127482e-23  7.802442282079156e-20  1.004912509126380e-04 -0.000000000000000e+00 
 2.089296130853999e+06 -5.653839943166514e-23  7.625303122287837e-20  1.005325804026587e-04 -0.000000000000000e+00 
 2.137962089502191e+06 -5.749344218135687e-23  7.452211330979250e-20  1.005756832223240e-04 -0.000000000000000e+00 
 2.187761623949510e+06 -5.843609749231416e-23  7.283075058154302e-20  1.006206421019242e-04 -0.000000000000000e+00 
 2.238721138568296e+06 -5.936558761479281e-23  7.117804546630445e-20  1.006675433898007e-04 -0.000000000000000e+00 
 2.290867652767729e+06 -6.028117803776041e-23  6.956312084841505e-20  1.007164772369701e-04 -0.000000000000000e+00 
 2.344228815319877e+06 -6.118217872649625e-23  6.798511960728846e-20  1.007675377913374e-04 -0.000000000000000e+00 
 2.398832919019444e+06 -6.206794502759761e-23  6.644320416696937e-20  1.008208234019337e-04 -0.000000000000000e+00 
 2.454708915684983e+06 -6.293787825874448e-23  6.493655605605321e-20  1.008764368336162e-04 -0.000000000000000e+00 
 2.511886431509531e+06 -6.379142597114896e-23  6.346437547771929e-20  1.009344854926786e-04  2.048000000000000e+03 
 2.570395782768813e+06 -6.462808193744353e-23  6.202588088959454e-20  1.009950816638232e-04 -0.000000000000000e+00 
 2.630267991895330e+06 -6.544738583011369e-23  6.062030859322917e-20  1.010583427589525e-04  2.048000000000000e+03 
 2.691534803926863e+06 -6.624892265658175e-23  5.924691233291272e-20  1.011243915782473e-04 -0.000000000000000e+00 
 2.754228703338112e+06 -6.703232192145580e-23  5.790496290362459e-20  1.011933565839995e-04  2.048000000000000e+03 
 2.818382931264398e+06 -6.779725659143880e-23  5.659374776786055e-20  1.012653721876834e-04  2.048000000000000e+03 
 2.884031503126549e+06 -6.854344182404820e-23  5.531257068115072e-20  1.013405790507518e-04 -0.000000000000000e+00 
 2.951209226666328e+06 -6.927063353995099e-23  5.406075132602448e-20  1.014191243996595e-04 -0.000000000000000e+00 
 3.019951720401957e+06 -6.997862680827781e-23  5.283762495424790e-20  1.015011623556272e-04 -0.000000000000000e+00 
 3.090295432513529e+06 -7.066725410747554e-23  5.164254203711332e-20  1.015868542796765e-04 -0.000000000000000e+00 
 3.162277660168317e+06 -7.133638345962694e-23  5.047486792360435e-20  1.016763691334832e-04 -0.000000000000000e+00 
 3.235936569296218e+06 -7.198591646766608e-23  4.933398250624743e-20  1.017698838566229e-04 -0.000000000000000e+00 
 3.311311214825845e+06 -7.261578627124274e-23  4.821927989447471e-20  1.018675837608008e-04 -0.000000000000000e+00 
 3.388441561391958e+06 -7.322595544445278e-23  4.713016809532424e-20  1.019696629416964e-04 -0.000000000000000e+00 
 3.467368504525247e+06 -7.381641384746993e-23  4.606606870131484e-20  1.020763247090788e-04 -0.000000000000000e+00 
 3.548133892335684e+06 -7.438717645279092e-23  4.502641658533218e-20  1.021877820358935e-04  4.096000000000000e+03 
 3.630780547700941e+06 -7.493828116432794e-23  4.401065960237009e-20  1.023042580270583e-04 -0.000000000000000e+00 
 3.715352290971651e+06 -7.546978661475755e-23  4.301825829798725e-20  1.024259864087574e-04 -0.000000000000000e+00 
 3.801893963205536e+06 -7.598177000966847e-23  4.204868562330971e-20  1.025532120390733e-04  4.096000000000000e+03 
 3.890451449942728e+06 -7.647432496014685e-23  4.110142665646549e-20  1.026861914408512e-04 -0.000000000000000e+00 
 3.981071705534893e+06 -7.694755937328328e-23  4.017597833028787e-20  1.028251933577575e-04 -0.000000000000000e+00 
 4.073802778041046e+06 -7.740159335827861e-23  3.927184916617338e-20  1.029704993345537e-04 -0.000000000000000e+00 
 4.168693834703270e+06 -7.783655719969453e-23  3.838855901394528e-20  1.031224043226867e-04 -0.000000000000000e+00 
 4.265795188015841e+06 -7.825258937177203e-23  3.752563879760651e-20  1.032812173123662e-04 -0.000000000000000e+00 
 4.365158322401572e+06 -7.864983459289162e-23  3.668263026685971e-20  1.034472619923880e-04 -0.000000000000000e+00 
 4.466835921509542e+06 -7.902844196005311e-23  3.585908575425750e-20  1.036208774390450e-04 -0.000000000000000e+00 
 4.570881896148658e+06 -7.938856312911427e-23  3.505456793787845e-20  1.038024188355629e-04  4.096000000000000e+03 
 4.677351412871888e+06 -7.973035056062571e-23  3.426864960940469e-20  1.039922582235949e-04  4.096000000000000e+03 
 4.786300923226287e+06 -8.005395580924843e-23  3.350091344749502e-20  1.041907852884149e-04 -0.000000000000000e+00 
 4.897788193684363e+06 -8.035952790151916e-23  3.275095179632648e-20  1.043984081795583e-04 -0.000000000000000e+00 
 5.011872336272622e+06 -8.064721174748984e-23  3.201836644921392e-20  1.046155543687779e-04  4.096000000000000e+03 
 5.128613839913545e+06 -8.091714661406082e-23  3.130276843718959e-20  1.048426715473054e-04 -0.000000000000000e+00 
 5.248074602497620e+06 -8.116946466259808e-23  3.060377782243765e-20  1.050802285645476e-04  4.096000000000000e+03 
 5.370317963702418e+06 -8.140428952640523e-23  2.992102349648773e-20  1.053287164104790e-04  4.096000000000000e+03 
 5.495408738576134e+06 -8.162173494315303e-23  2.925414298306128e-20  1.055886492441565e-04  4.096000000000000e+03 
 5.623413251903377e+06 -8.182190343609498e-23  2.860278224547388e-20  1.058605654709349e-04 -0.000000000000000e+00 
 5.754399373371452e+06 -8.200488502676250e-23  2.796659549850078e-20  1.061450288711476e-04 -0.000000000000000e+00 
 5.888436553555770e+06 -8.217075599367172e-23  2.734524502460650e-20  1.064426297832003e-04 -0.000000000000000e+00 
 6.025595860743455e+06 -8.231957767090940e-23  2.673840099444684e-20  1.067539863442400e-04 -0.000000000000000e+00 
 6.165950018614695e+06 -8.245139525773249e-23  2.614574129155967e-20  1.070797457917805e-04 -0.000000000000000e+00 
 6.309573444801803e+06 -8.256623668045168e-23  2.556695134114427e-20  1.074205858299166e-04 -0.000000000000000e+00 
 6.456542290346422e+06 -8.266411144558559e-23  2.500172394285711e-20  1.077772160640269e-04 -0.000000000000000e+00 
 6.606934480075824e+06 -8.274500954270503e-23  2.444975910752423e-20  1.081503795081585e-04 -0.000000000000000e+00 
 6.760829753919679e+06 -8.280890032988733e-23  2.391076389770238e-20  1.085408541696161e-04 -0.000000000000000e+00 
 6.918309709189222e+06 -8.285573144929504e-23  2.338445227199602e-20  1.089494547156268e-04 -0.000000000000000e+00 
 7.079457843841233e+06 -8.288542772085041e-23  2.287054493306203e-20  1.093770342273527e-04 -0.000000000000000e+00 
 7.244359600749752e+06 -8.289789006479939e-23  2.236876917921238e-20  1.098244860469502e-04 -0.000000000000000e+00 
 7.413102413009022e+06 -8.289299438568300e-23  2.187885875955353e-20  1.102927457238568e-04 -0.000000000000000e+00 
 7.585775750291681e+06 -8.287059046196879e-23  2.140055373257791e-20  1.107827930670102e-04  8.192000000000000e+03 
 7.762471166286756e+06 -8.283050080740608e-23  2.093360032814218e-20  1.112956543102852e-04 -0.000000000000000e+00 
 7.943282347242650e+06 -8.277251951255344e-23  2.047775081275898e-20  1.118324043990794e-04 -0.000000000000000e+00 
 8.128305161640823e+06 -8.269641105741847e-23  2.003276335813512e-20  1.123941694066852e-04 -0.000000000000000e+00 
 8.317637711026536e+06 -8.260190907216154e-23  1.959840191289234e-20  1.129821290898674e-04  8.192000000000000e+03 
 8.511380382023586e+06 -8.248871508502555e-23  1.917443607739772e-20  1.135975195939220e-04 -0.000000000000000e+00 
 8.709635899560623e+06 -8.235649718187083e-23  1.876064098165312e-20  1.142416363184524e-04 -0.000000000000000e+00 
 8.912509381337266e+06 -8.220488863747354e-23  1.835679716616987e-20  1.149158369561274e-04 -0.000000000000000e+00 
 9.120108393558905e+06 -8.203348647108722e-23  1.796269046577627e-20  1.156215447178481e-04 -0.000000000000000e+00 
 9.332543007969713e+06 -8.184184993036106e-23  1.757811189629741e-20  1.163602517590075e-04 -0.000000000000000e+00 
 9.549925860214157e+06 -8.162949888636660e-23  1.720285754405196e-20  1.171335228228987e-04 -0.000000000000000e+00 
 9.772372209557900e+06 -8.139591216805229e-23  1.683672845810533e-20  1.179429991188641e-04 -0.000000000000000e+00 
 9.999999999999788e+06 -8.114052574420908e-23  1.647953054523800e-20  1.187904024544183e-04 -0.000000000000000e+00 
 1.023292992280732e+07 -8.086273085680290e-23  1.613107446755985e-20  1.196775396423815e-04 -0.000000000000000e+00 
 1.047128548050877e+07 -8.056187198584606e-23  1.579117554273603e-20  1.206063072060674e-04  8.192000000000000e+03 
 1.071519305237583e+07 -8.023724470770162e-23  1.545965364676446e-20  1.215786964076723e-04 -0.000000000000000e+00 
 1.096478196143162e+07 -7.988809340056005e-23  1.513633311926171e-20  1.225967986273533e-04  8.192000000000000e+03 
 1.122018454301939e+07 -7.951360880322461e-23  1.482104267120858e-20  1.236628111230616e-04 -0.000000000000000e+00 
 1.148153621496858e+07 -7.911292537298301e-23  1.451361529511461e-20  1.247790432038249e-04 -0.000000000000000e+00 
 1.174897554939504e+07 -7.868511849811410e-23  1.421388817754887e-20  1.259479228522251e-04 -0.000000000000000e+00 
 1.202264434617387e+07 -7.822920146766513e-23  1.392170261400382e-20  1.271720038349233e-04 -0.000000000000000e+00 
 1.230268770812355e+07 -7.774412224702218e-23  1.363690392604238e-20  1.284539733434938e-04 -0.000000000000000e+00 
 1.258925411794140e+07 -7.722875999713813e-23  1.335934138069219e-20  1.297966602115309e-04 -0.000000000000000e+00 
 1.288249551693106e+07 -7.668192133213550e-23  1.308886811204502e-20  1.312030437577693e-04 -0.000000000000000e+00 
 1.318256738556379e+07 -7.610233630648481e-23  1.282534104502051e-20  1.326762633092321e-04 -0.000000000000000e+00 
 1.348962882591625e+07 -7.548865407789635e-23  1.256862082125872e-20  1.342196284627003e-04 -0.000000000000000e+00 
 1.380384264602855e+07 -7.483943825227001e-23  1.231857172709953e-20  1.358366301475658e-04 -0.000000000000000e+00 
 1.412537544622724e+07 -7.415316185193024e-23  1.207506162361438e-20  1.375309525578665e-04  1.638400000000000e+04 
 1.445439770745896e+07 -7.342820190742146e-23  1.183796187864914e-20  1.393064860266731e-04 -0.000000000000000e+00 
 1.479108388168175e+07 -7.266283361600889e-23  1.160714730084298e-20  1.411673409211492e-04  1.638400000000000e+04 
 1.513561248436175e+07 -7.185522406014593e-23  1.138249607558249e-20  1.431178626424598e-04 -0.000000000000000e+00 
 1.548816618912448e+07 -7.100342541810014e-23  1.116388970285549e-20  1.451626478203666e-04  1.638400000000000e+04 
 1.584893192461079e+07 -7.010536765597603e-23  1.095121293696293e-20  1.473065617984906e-04 -0.000000000000000e+00 
 1.621810097358895e+07 -6.915885063504808e-23  1.074435372805077e-20  1.495547575123990e-04  1.638400000000000e+04 
 1.659586907437524e+07 -6.816153563779907e-23  1.054320316541730e-20  1.519126958691108e-04 -0.000000000000000e+00 
 1.698243652461707e+07 -6.711093619424935e-23  1.034765542255844e-20  1.543861677430479e-04 -0.000000000000000e+00 
 1.737800828749337e+07 -6.600440823561735e-23  1.015760770390129e-20  1.569813177101239e-04 -0.000000000000000e+00 
 1.778279410038884e+07 -6.483913945661102e-23  9.972960193184173e-21  1.597046696481708e-04 -0.000000000000000e+00 
 1.819700858609944e+07 -6.361213791098917e-23  9.793616003428776e-21  1.625631543389126e-04 -0.000000000000000e+00 
 1.862087136662827e+07 -6.232021969013084e-23  9.619481128459283e-21  1.655641392128592e-04  1.638400000000000e+04 
 1.905460717963205e+07 -6.095999571965675e-23  9.450464395907362e-21  1.687154603854300e-04  1.638400000000000e+04 
 1.949844599758003e+07 -5.952785753036314e-23  9.286477421649720e-21  1.720254571388340e-04 -0.000000000000000e+00 
 1.995262314968836e+07 -5.801996200864648e-23  9.127434565611701e-21  1.755030090104724e-04 -0.000000000000000e+00 
 2.041737944669485e+07 -5.643221501963671e-23  8.973252888872430e-21  1.791575756545632e-04 -0.000000000000000e+00 
 2.089296130853994e+07 -5.476025383364852e-23  8.823852111999519e-21  1.829992396492590e-04 -0.000000000000000e+00 
 2.137962089502185e+07 -5.299942831735928e-23  8.679154574534488e-21  1.870387524265641e-04 -0.000000000000000e+00 
 2.187761623949505e+07 -5.114478077728322e-23  8.539085195547515e-21  1.912875835072574e-04 -0.000000000000000e+00 
 2.238721138568290e+07 -4.919102442487984e-23  8.403571435169828e-21  1.957579732264881e-04  1.638400000000000e+04 
 2.290867652767723e+07 -4.713252033208314e-23  8.272543257009118e-21  2.004629891395360e-04 -0.000000000000000e+00 
 2.344228815319870e+07 -4.496325287693080e-23  8.145933091340359e-21  2.054165862989397e-04  1.638400000000000e+04 
 2.398832919019438e+07 -4.267680350496007e-23  8.023675798962914e-21  2.106336715960809e-04 -0.000000000000000e+00 
 2.454708915684976e+07 -4.026632283968181e-23  7.905708635597836e-21  2.161301723602449e-04 -0.000000000000000e+00 
 2.511886431509525e+07 -3.772450096636503e-23  7.791971216697563e-21  2.219231094068009e-04  3.276800000000000e+04 
 2.570395782768807e+07 -3.504353588785192e-23  7.682405482523868e-21  2.280306747234696e-04 -0.000000000000000e+00 
 2.630267991895324e+07 -3.221510001568646e-23  7.576955663342738e-21  2.344723139795912e-04 -0.000000000000000e+00 
 2.691534803926856e+07 -2.923030468883427e-23  7.475568244570598e-21  2.412688140356367e-04  3.276800000000000e+04 
 2.754228703338105e+07 -2.607966260539756e-23  7.378191931695885e-21  2.484423956235232e-04 -0.000000000000000e+00 
 2.818382931264391e+07 -2.275304811287560e-23  7.284777614786168e-21  2.560168113530965e-04 -0.000000000000000e+00 
 2.884031503126542e+07 -1.923965532952533e-23  7.195278332376347e-21  2.640174491911346e-04 -0.000000000000000e+00 
 2.951209226666320e+07 -1.552795399457809e-23  7.109649234521551e-21  2.724714415357649e-04 -0.000000000000000e+00 
 3.019951720401949e+07 -1.160564306159345e-23  7.027847544780252e-21  2.814077799935085e-04 -0.000000000000000e+00 
 3.090295432513522e+07 -7.459601965016054e-24  6.949832520880593e-21  2.908574359367547e-04 -0.000000000000000e+00 
 3.162277660168309e+07 -3.075839549210051e-24  6.875565413805495e-21  3.008534868916320e-04 -0.000000000000000e+00 
 3.235936569296210e+07  1.560559341187351e-24  6.805009425016173e-21  3.114312487715726e-04 -0.000000000000000e+00 
 3.311311214825837e+07  6.465489579224615e-24  6.738129661517774e-21  3.226284139318594e-04 -0.000000000000000e+00 
 3.388441561391950e+07  1.165588380744900e-23  6.674893088454296e-21  3.344851949742085e-04 -0.000000000000000e+00 
 3.467368504525239e+07  1.714977270449310e-23  6.615268478904282e-21  3.470444741781478e-04  3.276800000000000e+04 
 3.548133892335676e+07  2.296634745223602e-23  6.559226360532212e-21  3.603519583806885e-04 -0.000000000000000e+00 
 3.630780547700933e+07  2.912602425178142e-23  6.506738958737699e-21  3.744563390516166e-04 -0.000000000000000e+00 
 3.715352290971643e+07  3.565051080798887e-23  6.457780135927768e-21  3.894094572519200e-04  3.276800000000000e+04 
 3.801893963205528e+07  4.256287456351735e-23  6.412325326529050e-21  4.052664730664369e-04 -0.000000000000000e+00 
 3.890451449942719e+07  4.988761254040489e-23  6.370351467342324e-21  4.220860390258604e-04 -0.000000000000000e+00 
 3.981071705534884e+07  5.765072250633892e-23  6.331836922836604e-21  4.399304769304157e-04 -0.000000000000000e+00 
 4.073802778041036e+07  6.587977519915010e-23  6.296761404972577e-21  4.588659573824648e-04 -0.000000000000000e+00 
 4.168693834703261e+07  7.460398729952149e-23  6.265105887144489e-21  4.789626812211154e-04 -0.000000000000000e+00 
 4.265795188015831e+07  8.385429474668367e-23  6.236852511828729e-21  5.002950619416517e-04 -0.000000000000000e+00 
 4.365158322401562e+07  9.366342598775881e-23  6.211984491537068e-21  5.229419080345662e-04  3.276800000000000e+04 
 4.466835921509531e+07  1.040659746969204e-22  6.190486002677448e-21  5.469866040691025e-04 -0.000000000000000e+00 
 4.570881896148648e+07  1.150984713716365e-22  6.172342071947808e-21  5.725172891882288e-04 -0.000000000000000e+00 
 4.677351412871877e+07  1.267994532743712e-22  6.157538454907328e-21  5.996270315361324e-04 -0.000000000000000e+00 
 4.786300923226276e+07  1.392095320260814e-22  6.146061506394299e-21  6.284139970182920e-04 -0.000000000000000e+00 
 4.897788193684352e+07  1.523714581323692e-22  6.137898042506679e-21  6.589816106005747e-04 -0.000000000000000e+00 
 5.011872336272611e+07  1.663301817072226e-22  6.133035193890881e-21  6.914387082459134e-04 -0.000000000000000e+00 
 5.128613839913534e+07  1.811329084785296e-22  6.131460250148749e-21  7.258996774140670e-04 -0.000000000000000e+00 
 5.248074602497608e+07  1.968291502935106e-22  6.133160495221767e-21  7.624845839112125e-04 -0.000000000000000e+00 
 5.370317963702407e+07  2.134707690463023e-22  6.138123033685450e-21  8.013192827583261e-04 -0.000000000000000e+00 
 5.495408738576122e+07  2.311120131448160e-22  6.146334607965397e-21  8.425355105776835e-04 -0.000000000000000e+00 
 5.623413251903364e+07  2.498095453777110e-22  6.157781406564077e-21  8.862709569348433e-04 -0.000000000000000e+00 
 5.754399373371439e+07  2.696224611520743e-22  6.172448863490837e-21  9.326693119294528e-04 -0.000000000000000e+00 
 5.888436553555757e+07  2.906122959510973e-22  6.190321449180010e-21  9.818802872775785e-04 -0.000000000000000e+00 
 6.025595860743441e+07  3.128430208757764e-22  6.211382453303810e-21  1.034059608038183e-03 -0.000000000000000e+00 
 6.165950018614683e+07  3.363810250846900e-22  6.235613759992221e-21  1.089368972131477e-03 -0.000000000000000e+00 
 6.309573444801790e+07  3.612950840254013e-22  6.262995616100563e-21  1.147975974757497e-03 -0.000000000000000e+00 
 6.456542290346409e+07  3.876563122125681e-22  6.293506393295935e-21  1.210053994873862e-03  6.553600000000000e+04 
 6.606934480075811e+07  4.155380994813256e-22  6.327122344866145e-21  1.275782040899993e-03 -0.000000000000000e+00 
 6.760829753919666e+07  4.450160295802162e-22  6.363817358283971e-21  1.345344552959333e-03 -0.000000000000000e+00 
 6.918309709189209e+07  4.761677800470510e-22  6.403562704714188e-21  1.418931159024553e-03 -0.000000000000000e+00 
 7.079457843841220e+07  5.090730023906643e-22  6.446326786760615e-21  1.496736382565728e-03 -0.000000000000000e+00 
 7.244359600749739e+07  5.438131816201740e-22  6.492074885920018e-21  1.578959299434838e-03 -0.000000000000000e+00 
 7.413102413009009e+07  5.804714743736821e-22  6.540768911328229e-21  1.665803141960487e-03 -0.000000000000000e+00 
 7.585775750291668e+07  6.191325248479580e-22  6.592367151480471e-21  1.757474848604182e-03 -0.000000000000000e+00 
 7.762471166286743e+07  6.598822580118272e-22  6.646824030814930e-21  1.854184557643670e-03  6.553600000000000e+04 
 7.943282347242635e+07  7.028076496431319e-22  6.704089873041383e-21  1.956145043940428e-03  6.553600000000000e+04 
 8.128305161640808e+07  7.479964728615773e-22  6.764110673330218e-21  2.063571098012631e-03 -0.000000000000000e+00 
 8.317637711026521e+07  7.955370211080133e-22  6.826827881454883e-21  2.176678847226723e-03 -0.000000000000000e+00 
 8.511380382023571e+07  8.455178075925457e-22  6.892178198127202e-21  2.295685019281356e-03 -0.000000000000000e+00 
 8.709635899560608e+07  8.980272414496442e-22  6.960093386837079e-21  2.420806148635710e-03 -0.000000000000000e+00 
 8.912509381337252e+07  9.531532811418782e-22  7.030500103462901e-21  2.552257727147012e-03 -0.000000000000000e+00 
 9.120108393558890e+07  1.010983065713905e-21  7.103319746107559e-21  2.690253300533917e-03  6.553600000000000e+04 
 9.332543007969697e+07  1.071602524864203e-21  7.178468327445294e-21  2.835003513046487e-03  6.553600000000000e+04 
 9.549925860214141e+07  1.135095968944765e-21  7.255856372017734e-21  2.986715103102213e-03 -0.000000000000000e+00 
 9.772372209557883e+07  1.201545660265760e-21  7.335388840788322e-21  3.145589853358910e-03 -0.000000000000000e+00 
 9.999999999999771e+07  1.271031367359622e-21  7.416965085238216e-21  3.311823499233234e-03 -0.000000000000000e+00 
