 frequency       loop_real       loop_imag      
 1.00000000e+00  1.09192434e+02 -2.75936344e+02 
 1.02329299e+00  1.04917304e+02 -2.71308485e+02 
 1.04712855e+00  1.00785363e+02 -2.66694225e+02 
 1.07151931e+00  9.67937010e+01 -2.62097651e+02 
 1.09647820e+00  9.29393119e+01 -2.57522610e+02 
 1.12201845e+00  8.92191133e+01 -2.52972720e+02 
 1.14815362e+00  8.56299589e+01 -2.48451368e+02 
 1.17489755e+00  8.21686518e+01 -2.43961717e+02 
 1.20226443e+00  7.88319574e+01 -2.39506711e+02 
 1.23026877e+00  7.56166151e+01 -2.35089082e+02 
 1.25892541e+00  7.25193492e+01 -2.30711354e+02 
 1.28824955e+00  6.95368789e+01 -2.26375852e+02 
 1.31825674e+00  6.66659276e+01 -2.22084710e+02 
 1.34896288e+00  6.39032317e+01 -2.17839872e+02 
 1.38038426e+00  6.12455478e+01 -2.13643107e+02 
 1.41253754e+00  5.86896604e+01 -2.09496013e+02 
 1.44543977e+00  5.62323880e+01 -2.05400021e+02 
 1.47910839e+00  5.38705886e+01 -2.01356411e+02 
 1.51356125e+00  5.16011651e+01 -1.97366310e+02 
 1.54881662e+00  4.94210697e+01 -1.93430706e+02 
 1.58489319e+00  4.73273078e+01 -1.89550452e+02 
 1.62181010e+00  4.53169412e+01 -1.85726277e+02 
 1.65958691e+00  4.33870917e+01 -1.81958786e+02 
 1.69824365e+00  4.15349427e+01 -1.78248474e+02 
 1.73780083e+00  3.97577419e+01 -1.74595729e+02 
 1.77827941e+00  3.80528026e+01 -1.71000838e+02 
 1.81970086e+00  3.64175052e+01 -1.67463997e+02 
 1.86208714e+00  3.48492979e+01 -1.63985312e+02 
 1.90546072e+00  3.33456977e+01 -1.60564809e+02 
 1.94984460e+00  3.19042904e+01 -1.57202436e+02 
 1.99526231e+00  3.05227312e+01 -1.53898071e+02 
 2.04173794e+00  2.91987440e+01 -1.50651528e+02 
 2.08929613e+00  2.79301216e+01 -1.47462559e+02 
 2.13796209e+00  2.67147250e+01 -1.44330858e+02 
 2.18776162e+00  2.55504827e+01 -1.41256070e+02 
 2.23872114e+00  2.44353900e+01 -1.38237792e+02 
 2.29086765e+00  2.33675080e+01 -1.35275576e+02 
 2.34422882e+00  2.23449628e+01 -1.32368937e+02 
 2.39883292e+00  2.13659438e+01 -1.29517352e+02 
 2.45470892e+00  2.04287032e+01 -1.26720266e+02 
 2.51188643e+00  1.95315541e+01 -1.23977094e+02 
 2.57039578e+00  1.86728697e+01 -1.21287226e+02 
 2.63026799e+00  1.78510814e+01 -1.18650026e+02 
 2.69153480e+00  1.70646776e+01 -1.16064840e+02 
 2.75422870e+00  1.63122024e+01 -1.13530994e+02 
 2.81838293e+00  1.55922539e+01 -1.11047797e+02 
 2.88403150e+00  1.49034826e+01 -1.08614546e+02 
 2.95120923e+00  1.42445904e+01 -1.06230524e+02 
 3.01995172e+00  1.36143285e+01 -1.03895008e+02 
 3.09029543e+00  1.30114962e+01 -1.01607261e+02 
 3.16227766e+00  1.24349395e+01 -9.93665454e+01 
 3.23593657e+00  1.18835495e+01 -9.71721146e+01 
 3.31131121e+00  1.13562608e+01 -9.50232201e+01 
 3.38844156e+00  1.08520503e+01 -9.29191108e+01 
 3.46736850e+00  1.03699358e+01 -9.08590350e+01 
 3.54813389e+00  9.90897421e+00 -8.88422405e+01 
 3.63078055e+00  9.46826078e+00 -8.68679769e+01 
 3.71535229e+00  9.04692726e+00 -8.49354955e+01 
 3.80189396e+00  8.64414083e+00 -8.30440509e+01 
 3.89045145e+00  8.25910277e+00 -8.11929012e+01 
 3.98107171e+00  7.89104720e+00 -7.93813094e+01 
 4.07380278e+00  7.53923988e+00 -7.76085433e+01 
 4.16869383e+00  7.20297703e+00 -7.58738769e+01 
 4.26579519e+00  6.88158417e+00 -7.41765903e+01 
 4.36515832e+00  6.57441501e+00 -7.25159706e+01 
 4.46683592e+00  6.28085035e+00 -7.08913122e+01 
 4.57088190e+00  6.00029708e+00 -6.93019171e+01 
 4.67735141e+00  5.73218707e+00 -6.77470954e+01 
 4.78630092e+00  5.47597631e+00 -6.62261658e+01 
 4.89778819e+00  5.23114383e+00 -6.47384552e+01 
 5.01187234e+00  4.99719087e+00 -6.32832997e+01 
 5.12861384e+00  4.77363996e+00 -6.18600446e+01 
 5.24807460e+00  4.56003406e+00 -6.04680442e+01 
 5.37031796e+00  4.35593573e+00 -5.91066625e+01 
 5.49540874e+00  4.16092634e+00 -5.77752727e+01 
 5.62341325e+00  3.97460528e+00 -5.64732580e+01 
 5.75439937e+00  3.79658925e+00 -5.52000113e+01 
 5.88843655e+00  3.62651152e+00 -5.39549350e+01 
 6.02559586e+00  3.46402126e+00 -5.27374417e+01 
 6.16595002e+00  3.30878286e+00 -5.15469537e+01 
 6.30957344e+00  3.16047530e+00 -5.03829029e+01 
 6.45654229e+00  3.01879154e+00 -4.92447316e+01 
 6.60693448e+00  2.88343794e+00 -4.81318913e+01 
 6.76082975e+00  2.75413368e+00 -4.70438438e+01 
 6.91830971e+00  2.63061022e+00 -4.59800603e+01 
 7.07945784e+00  2.51261078e+00 -4.49400220e+01 
 7.24435960e+00  2.39988985e+00 -4.39232193e+01 
 7.41310241e+00  2.29221269e+00 -4.29291524e+01 
 7.58577575e+00  2.18935487e+00 -4.19573311e+01 
 7.76247117e+00  2.09110186e+00 -4.10072742e+01 
 7.94328235e+00  1.99724854e+00 -4.00785100e+01 
 8.12830516e+00  1.90759888e+00 -3.91705761e+01 
 8.31763771e+00  1.82196546e+00 -3.82830188e+01 
 8.51138038e+00  1.74016917e+00 -3.74153936e+01 
 8.70963590e+00  1.66203879e+00 -3.65672649e+01 
 8.91250938e+00  1.58741069e+00 -3.57382056e+01 
 9.12010839e+00  1.51612849e+00 -3.49277974e+01 
 9.33254301e+00  1.44804273e+00 -3.41356304e+01 
 9.54992586e+00  1.38301058e+00 -3.33613031e+01 
 9.77237221e+00  1.32089555e+00 -3.26044222e+01 
 1.00000000e+01  1.26156721e+00 -3.18646025e+01 
 1.02329299e+01  1.20490093e+00 -3.11414667e+01 
 1.04712855e+01  1.15077760e+00 -3.04346455e+01 
 1.07151931e+01  1.09908343e+00 -2.97437772e+01 
 1.09647820e+01  1.04970969e+00 -2.90685079e+01 
 1.12201845e+01  1.00255248e+00 -2.84084908e+01 
 1.14815362e+01  9.57512535e-01 -2.77633867e+01 
 1.17489755e+01  9.14495023e-01 -2.71328635e+01 
 1.20226443e+01  8.73409329e-01 -2.65165961e+01 
 1.23026877e+01  8.34168883e-01 -2.59142667e+01 
 1.25892541e+01  7.96690980e-01 -2.53255637e+01 
 1.28824955e+01  7.60896605e-01 -2.47501828e+01 
 1.31825674e+01  7.26710273e-01 -2.41878258e+01 
 1.34896288e+01  6.94059872e-01 -2.36382012e+01 
 1.38038426e+01  6.62876511e-01 -2.31010237e+01 
 1.41253754e+01  6.33094379e-01 -2.25760142e+01 
 1.44543977e+01  6.04650608e-01 -2.20628998e+01 
 1.47910839e+01  5.77485144e-01 -2.15614134e+01 
 1.51356125e+01  5.51540617e-01 -2.10712937e+01 
 1.54881662e+01  5.26762228e-01 -2.05922853e+01 
 1.58489319e+01  5.03097627e-01 -2.01241382e+01 
 1.62181010e+01  4.80496811e-01 -1.96666080e+01 
 1.65958691e+01  4.58912016e-01 -1.92194557e+01 
 1.69824365e+01  4.38297618e-01 -1.87824475e+01 
 1.73780083e+01  4.18610036e-01 -1.83553548e+01 
 1.77827941e+01  3.99807644e-01 -1.79379539e+01 
 1.81970086e+01  3.81850680e-01 -1.75300264e+01 
 1.86208714e+01  3.64701166e-01 -1.71313584e+01 
 1.90546072e+01  3.48322825e-01 -1.67417408e+01 
 1.94984460e+01  3.32681011e-01 -1.63609693e+01 
 1.99526231e+01  3.17742627e-01 -1.59888441e+01 
 2.04173794e+01  3.03476064e-01 -1.56251697e+01 
 2.08929613e+01  2.89851131e-01 -1.52697550e+01 
 2.13796209e+01  2.76838991e-01 -1.49224134e+01 
 2.18776162e+01  2.64412102e-01 -1.45829621e+01 
 2.23872114e+01  2.52544158e-01 -1.42512227e+01 
 2.29086765e+01  2.41210032e-01 -1.39270206e+01 
 2.34422882e+01  2.30385729e-01 -1.36101852e+01 
 2.39883292e+01  2.20048329e-01 -1.33005496e+01 
 2.45470892e+01  2.10175941e-01 -1.29979508e+01 
 2.51188643e+01  2.00747657e-01 -1.27022294e+01 
 2.57039578e+01  1.91743511e-01 -1.24132295e+01 
 2.63026799e+01  1.83144430e-01 -1.21307987e+01 
 2.69153480e+01  1.74932200e-01 -1.18547883e+01 
 2.75422870e+01  1.67089426e-01 -1.15850525e+01 
 2.81838293e+01  1.59599492e-01 -1.13214491e+01 
 2.88403150e+01  1.52446530e-01 -1.10638391e+01 
 2.95120923e+01  1.45615387e-01 -1.08120864e+01 
 3.01995172e+01  1.39091587e-01 -1.05660581e+01 
 3.09029543e+01  1.32861309e-01 -1.03256245e+01 
 3.16227766e+01  1.26911349e-01 -1.00906584e+01 
 3.23593657e+01  1.21229099e-01 -9.86103582e+00 
 3.31131121e+01  1.15802519e-01 -9.63663545e+00 
 3.38844156e+01  1.10620106e-01 -9.41733871e+00 
 3.46736850e+01  1.05670878e-01 -9.20302972e+00 
 3.54813389e+01  1.00944346e-01 -8.99359521e+00 
 3.63078055e+01  9.64304902e-02 -8.78892449e+00 
 3.71535229e+01  9.21197447e-02 -8.58890933e+00 
 3.80189396e+01  8.80029716e-02 -8.39344400e+00 
 3.89045145e+01  8.40714446e-02 -8.20242512e+00 
 3.98107171e+01  8.03168298e-02 -8.01575168e+00 
 4.07380278e+01  7.67311677e-02 -7.83332494e+00 
 4.16869383e+01  7.33068573e-02 -7.65504839e+00 
 4.26579519e+01  7.00366392e-02 -7.48082773e+00 
 4.36515832e+01  6.69135803e-02 -7.31057076e+00 
 4.46683592e+01  6.39310597e-02 -7.14418741e+00 
 4.57088190e+01  6.10827540e-02 -6.98158963e+00 
 4.67735141e+01  5.83626247e-02 -6.82269135e+00 
 4.78630092e+01  5.57649040e-02 -6.66740848e+00 
 4.89778819e+01  5.32840843e-02 -6.51565883e+00 
 5.01187234e+01  5.09149057e-02 -6.36736206e+00 
 5.12861384e+01  4.86523445e-02 -6.22243967e+00 
 5.24807460e+01  4.64916040e-02 -6.08081493e+00 
 5.37031796e+01  4.44281017e-02 -5.94241285e+00 
 5.49540874e+01  4.24574625e-02 -5.80716014e+00 
 5.62341325e+01  4.05755077e-02 -5.67498519e+00 
 5.75439937e+01  3.87782468e-02 -5.54581800e+00 
 5.88843655e+01  3.70618684e-02 -5.41959017e+00 
 6.02559586e+01  3.54227328e-02 -5.29623483e+00 
 6.16595002e+01  3.38573645e-02 -5.17568666e+00 
 6.30957344e+01  3.23624436e-02 -5.05788180e+00 
 6.45654229e+01  3.09348000e-02 -4.94275785e+00 
 6.60693448e+01  2.95714065e-02 -4.83025383e+00 
 6.76082975e+01  2.82693713e-02 -4.72031014e+00 
 6.91830971e+01  2.70259334e-02 -4.61286854e+00 
 7.07945784e+01  2.58384559e-02 -4.50787210e+00 
 7.24435960e+01  2.47044205e-02 -4.40526519e+00 
 7.41310241e+01  2.36214222e-02 -4.30499346e+00 
 7.58577575e+01  2.25871641e-02 -4.20700377e+00 
 7.76247117e+01  2.15994531e-02 -4.11124420e+00 
 7.94328235e+01  2.06561938e-02 -4.01766402e+00 
 8.12830516e+01  1.97553864e-02 -3.92621363e+00 
 8.31763771e+01  1.88951201e-02 -3.83684458e+00 
 8.51138038e+01  1.80735704e-02 -3.74950950e+00 
 8.70963590e+01  1.72889951e-02 -3.66416212e+00 
 8.91250938e+01  1.65397299e-02 -3.58075721e+00 
 9.12010839e+01  1.58241860e-02 -3.49925056e+00 
 9.33254301e+01  1.51408460e-02 -3.41959898e+00 
 9.54992586e+01  1.44882602e-02 -3.34176026e+00 
 9.77237221e+01  1.38650447e-02 -3.26569314e+00 
 1.00000000e+02  1.32698774e-02 -3.19135731e+00 
 1.02329299e+02  1.27014966e-02 -3.11871336e+00 
 1.04712855e+02  1.21586962e-02 -3.04772280e+00 
 1.07151931e+02  1.16403252e-02 -2.97834800e+00 
 1.09647820e+02  1.11452841e-02 -2.91055218e+00 
 1.12201845e+02  1.06725233e-02 -2.84429942e+00 
 1.14815362e+02  1.02210399e-02 -2.77955459e+00 
 1.17489755e+02  9.78987592e-03 -2.71628338e+00 
 1.20226443e+02  9.37811704e-03 -2.65445225e+00 
 1.23026877e+02  8.98489032e-03 -2.59402842e+00 
 1.25892541e+02  8.60936142e-03 -2.53497986e+00 
 1.28824955e+02  8.25073386e-03 -2.47727528e+00 
 1.31825674e+02  7.90824669e-03 -2.42088409e+00 
 1.34896288e+02  7.58117406e-03 -2.36577638e+00 
 1.38038426e+02  7.26882196e-03 -2.31192296e+00 
 1.41253754e+02  6.97052774e-03 -2.25929527e+00 
 1.44543977e+02  6.68565870e-03 -2.20786541e+00 
 1.47910839e+02  6.41361106e-03 -2.15760611e+00 
 1.51356125e+02  6.15380765e-03 -2.10849075e+00 
 1.54881662e+02  5.90569699e-03 -2.06049327e+00 
 1.58489319e+02  5.66875339e-03 -2.01358824e+00 
 1.62181010e+02  5.44247384e-03 -1.96775079e+00 
 1.65958691e+02  5.22637870e-03 -1.92295661e+00 
 1.69824365e+02  5.02000931e-03 -1.87918196e+00 
 1.73780083e+02  4.82292796e-03 -1.83640364e+00 
 1.77827941e+02  4.63471719e-03 -1.79459896e+00 
 1.81970086e+02  4.45497708e-03 -1.75374577e+00 
 1.86208714e+02  4.28332696e-03 -1.71382240e+00 
 1.90546072e+02  4.11940232e-03 -1.67480769e+00 
 1.94984460e+02  3.96285574e-03 -1.63668095e+00 
 1.99526231e+02  3.81335446e-03 -1.59942197e+00 
 2.04173794e+02  3.67058266e-03 -1.56301100e+00 
 2.08929613e+02  3.53423666e-03 -1.52742874e+00 
 2.13796209e+02  3.40402738e-03 -1.49265632e+00 
 2.18776162e+02  3.27967851e-03 -1.45867530e+00 
 2.23872114e+02  3.16092657e-03 -1.42546766e+00 
 2.29086765e+02  3.04751968e-03 -1.39301582e+00 
 2.34422882e+02  2.93921700e-03 -1.36130254e+00 
 2.39883292e+02  2.83578881e-03 -1.33031104e+00 
 2.45470892e+02  2.73701644e-03 -1.30002487e+00 
 2.51188643e+02  2.64268939e-03 -1.27042797e+00 
 2.57039578e+02  2.55260844e-03 -1.24150465e+00 
 2.63026799e+02  2.46658164e-03 -1.21323959e+00 
 2.69153480e+02  2.38442739e-03 -1.18561779e+00 
 2.75422870e+02  2.30597057e-03 -1.15862461e+00 
 2.81838293e+02  2.23104562e-03 -1.13224574e+00 
 2.88403150e+02  2.15949319e-03 -1.10646719e+00 
 2.95120923e+02  2.09116164e-03 -1.08127530e+00 
 3.01995172e+02  2.02590576e-03 -1.05665670e+00 
 3.09029543e+02  1.96358740e-03 -1.03259835e+00 
 3.16227766e+02  1.90407438e-03 -1.00908749e+00 
 3.23593657e+02  1.84724004e-03 -9.86111652e-01 
 3.31131121e+02  1.79296424e-03 -9.63658659e-01 
 3.38844156e+02  1.74113216e-03 -9.41716605e-01 
 3.46736850e+02  1.69163312e-03 -9.20273857e-01 
 3.54813389e+02  1.64436271e-03 -8.99319044e-01 
 3.63078055e+02  1.59922022e-03 -8.78841058e-01 
 3.71535229e+02  1.55611019e-03 -8.58829040e-01 
 3.80189396e+02  1.51494103e-03 -8.39272381e-01 
 3.89045145e+02  1.47562584e-03 -8.20160711e-01 
 3.98107171e+02  1.43808050e-03 -8.01483898e-01 
 4.07380278e+02  1.40222581e-03 -7.83232038e-01 
 4.16869383e+02  1.36798571e-03 -7.65395456e-01 
 4.26579519e+02  1.33528756e-03 -7.47964694e-01 
 4.36515832e+02  1.30406172e-03 -7.30930509e-01 
 4.46683592e+02  1.27424268e-03 -7.14283871e-01 
 4.57088190e+02  1.24576615e-03 -6.98015954e-01 
 4.67735141e+02  1.21857275e-03 -6.82118131e-01 
 4.78630092e+02  1.19260437e-03 -6.66581975e-01 
 4.89778819e+02  1.16780561e-03 -6.51399247e-01 
 5.01187234e+02  1.14412417e-03 -6.36561899e-01 
 5.12861384e+02  1.12150994e-03 -6.22062062e-01 
 5.24807460e+02  1.09991453e-03 -6.07892049e-01 
 5.37031796e+02  1.07929240e-03 -5.94044347e-01 
 5.49540874e+02  1.05960024e-03 -5.80511613e-01 
 5.62341325e+02  1.04079542e-03 -5.67286674e-01 
 5.75439937e+02  1.02283889e-03 -5.54362516e-01 
 5.88843655e+02  1.00569213e-03 -5.41732288e-01 
 6.02559586e+02  9.89318463e-04 -5.29389292e-01 
 6.16595002e+02  9.73683884e-04 -5.17326985e-01 
 6.30957344e+02  9.58754780e-04 -5.05538970e-01 
 6.45654229e+02  9.44499185e-04 -4.94018998e-01 
 6.60693448e+02  9.30887430e-04 -4.82760961e-01 
 6.76082975e+02  9.17890486e-04 -4.71758890e-01 
 6.91830971e+02  9.05480774e-04 -4.61006950e-01 
 7.07945784e+02  8.93631957e-04 -4.50499442e-01 
 7.24435960e+02  8.82318746e-04 -4.40230795e-01 
 7.41310241e+02  8.71517419e-04 -4.30195563e-01 
 7.58577575e+02  8.61204905e-04 -4.20388426e-01 
 7.76247117e+02  8.51359026e-04 -4.10804185e-01 
 7.94328235e+02  8.41959750e-04 -4.01437756e-01 
 8.12830516e+02  8.32986255e-04 -3.92284176e-01 
 8.31763771e+02  8.24419922e-04 -3.83338589e-01 
 8.51138038e+02  8.16242419e-04 -3.74596253e-01 
 8.70963590e+02  8.08436525e-04 -3.66052533e-01 
 8.91250938e+02  8.00985808e-04 -3.57702899e-01 
 9.12010839e+02  7.93874151e-04 -3.49542924e-01 
 9.33254301e+02  7.87086738e-04 -3.41568281e-01 
 9.54992586e+02  7.80609002e-04 -3.33774742e-01 
 9.77237221e+02  7.74427179e-04 -3.26158174e-01 
 1.00000000e+03  7.68528274e-04 -3.18714540e-01 
 1.02329299e+03  7.62899746e-04 -3.11439893e-01 
 1.04712855e+03  7.57529485e-04 -3.04330376e-01 
 1.07151931e+03  7.52406501e-04 -2.97382219e-01 
 1.09647820e+03  7.47519171e-04 -2.90591738e-01 
 1.12201845e+03  7.42858111e-04 -2.83955333e-01 
 1.14815362e+03  7.38412816e-04 -2.77469486e-01 
 1.17489755e+03  7.34173820e-04 -2.71130756e-01 
 1.20226443e+03  7.30132527e-04 -2.64935784e-01 
 1.23026877e+03  7.26279741e-04 -2.58881285e-01 
 1.25892541e+03  7.22607973e-04 -2.52964049e-01 
 1.28824955e+03  7.19109095e-04 -2.47180939e-01 
 1.31825674e+03  7.15775493e-04 -2.41528887e-01 
 1.34896288e+03  7.12600333e-04 -2.36004898e-01 
 1.38038426e+03  7.09576826e-04 -2.30606043e-01 
 1.41253754e+03  7.06698788e-04 -2.25329459e-01 
 1.44543977e+03  7.03959620e-04 -2.20172348e-01 
 1.47910839e+03  7.01353736e-04 -2.15131977e-01 
 1.51356125e+03  6.98875395e-04 -2.10205672e-01 
 1.54881662e+03  6.96519848e-04 -2.05390822e-01 
 1.58489319e+03  6.94281731e-04 -2.00684875e-01 
 1.62181010e+03  6.92156070e-04 -1.96085335e-01 
 1.65958691e+03  6.90138707e-04 -1.91589763e-01 
 1.69824365e+03  6.88225125e-04 -1.87195775e-01 
 1.73780083e+03  6.86411315e-04 -1.82901044e-01 
 1.77827941e+03  6.84693327e-04 -1.78703290e-01 
 1.81970086e+03  6.83067844e-04 -1.74600289e-01 
 1.86208714e+03  6.81530868e-04 -1.70589865e-01 
 1.90546072e+03  6.80079452e-04 -1.66669893e-01 
 1.94984460e+03  6.78710243e-04 -1.62838293e-01 
 1.99526231e+03  6.77420491e-04 -1.59093035e-01 
 2.04173794e+03  6.76207458e-04 -1.55432133e-01 
 2.08929613e+03  6.75068128e-04 -1.51853645e-01 
 2.13796209e+03  6.74000644e-04 -1.48355675e-01 
 2.18776162e+03  6.73001988e-04 -1.44936369e-01 
 2.23872114e+03  6.72070581e-04 -1.41593913e-01 
 2.29086765e+03  6.71204105e-04 -1.38326536e-01 
 2.34422882e+03  6.70400657e-04 -1.35132505e-01 
 2.39883292e+03  6.69658309e-04 -1.32010127e-01 
 2.45470892e+03  6.68975539e-04 -1.28957747e-01 
 2.51188643e+03  6.68350791e-04 -1.25973747e-01 
 2.57039578e+03  6.67782905e-04 -1.23056545e-01 
 2.63026799e+03  6.67269954e-04 -1.20204594e-01 
 2.69153480e+03  6.66811124e-04 -1.17416384e-01 
 2.75422870e+03  6.66405260e-04 -1.14690435e-01 
 2.81838293e+03  6.66051153e-04 -1.12025303e-01 
 2.88403150e+03  6.65748116e-04 -1.09419575e-01 
 2.95120923e+03  6.65495255e-04 -1.06871870e-01 
 3.01995172e+03  6.65291756e-04 -1.04380838e-01 
 3.09029543e+03  6.65137026e-04 -1.01945159e-01 
 3.16227766e+03  6.65030111e-04 -9.95635409e-02 
 3.23593657e+03  6.64971284e-04 -9.72347225e-02 
 3.31131121e+03  6.64959583e-04 -9.49574694e-02 
 3.38844156e+03  6.64994830e-04 -9.27305748e-02 
 3.46736850e+03  6.65076475e-04 -9.05528586e-02 
 3.54813389e+03  6.65204891e-04 -8.84231670e-02 
 3.63078055e+03  6.65379492e-04 -8.63403715e-02 
 3.71535229e+03  6.65600174e-04 -8.43033687e-02 
 3.80189396e+03  6.65867605e-04 -8.23110792e-02 
 3.89045145e+03  6.66180900e-04 -8.03624478e-02 
 3.98107171e+03  6.66540663e-04 -7.84564422e-02 
 4.07380278e+03  6.66947242e-04 -7.65920527e-02 
 4.16869383e+03  6.67400581e-04 -7.47682920e-02 
 4.26579519e+03  6.67900943e-04 -7.29841942e-02 
 4.36515832e+03  6.68448466e-04 -7.12388145e-02 
 4.46683592e+03  6.69043887e-04 -6.95312287e-02 
 4.57088190e+03  6.69687087e-04 -6.78605328e-02 
 4.67735141e+03  6.70379115e-04 -6.62258422e-02 
 4.78630092e+03  6.71119865e-04 -6.46262918e-02 
 4.89778819e+03  6.71910099e-04 -6.30610348e-02 
 5.01187234e+03  6.72750138e-04 -6.15292430e-02 
 5.12861384e+03  6.73640289e-04 -6.00301058e-02 
 5.24807460e+03  6.74581420e-04 -5.85628300e-02 
 5.37031796e+03  6.75574232e-04 -5.71266395e-02 
 5.49540874e+03  6.76618669e-04 -5.57207747e-02 
 5.62341325e+03  6.77715504e-04 -5.43444919e-02 
 5.75439937e+03  6.78865179e-04 -5.29970636e-02 
 5.88843655e+03  6.80068227e-04 -5.16777774e-02 
 6.02559586e+03  6.81325265e-04 -5.03859359e-02 
 6.16595002e+03  6.82636411e-04 -4.91208565e-02 
 6.30957344e+03  6.84002284e-04 -4.78818705e-02 
 6.45654229e+03  6.85423132e-04 -4.66683235e-02 
 6.60693448e+03  6.86899543e-04 -4.54795745e-02 
 6.76082975e+03  6.88431427e-04 -4.43149956e-02 
 6.91830971e+03  6.90019163e-04 -4.31739720e-02 
 7.07945784e+03  6.91662725e-04 -4.20559013e-02 
 7.24435960e+03  6.93362390e-04 -4.09601932e-02 
 7.41310241e+03  6.95118158e-04 -3.98862697e-02 
 7.58577575e+03  6.96929884e-04 -3.88335640e-02 
 7.76247117e+03  6.98797269e-04 -3.78015208e-02 
 7.94328235e+03  7.00719996e-04 -3.67895957e-02 
 8.12830516e+03  7.02697869e-04 -3.57972549e-02 
 8.31763771e+03  7.04730512e-04 -3.48239754e-02 
 8.51138038e+03  7.06817074e-04 -3.38692438e-02 
 8.70963590e+03  7.08956654e-04 -3.29325568e-02 
 8.91250938e+03  7.11149017e-04 -3.20134206e-02 
 9.12010839e+03  7.13392998e-04 -3.11113508e-02 
 9.33254301e+03  7.15687072e-04 -3.02258719e-02 
 9.54992586e+03  7.18030507e-04 -2.93565172e-02 
 9.77237221e+03  7.20421911e-04 -2.85028283e-02 
 1.00000000e+04  7.22859955e-04 -2.76643554e-02 
 1.02329299e+04  7.25342783e-04 -2.68406564e-02 
 1.04712855e+04  7.27868594e-04 -2.60312971e-02 
 1.07151931e+04  7.30436219e-04 -2.52358507e-02 
 1.09647820e+04  7.33043233e-04 -2.44538979e-02 
 1.12201845e+04  7.35687259e-04 -2.36850260e-02 
 1.14815362e+04  7.38366839e-04 -2.29288296e-02 
 1.17489755e+04  7.41079403e-04 -2.21849095e-02 
 1.20226443e+04  7.43822578e-04 -2.14528730e-02 
 1.23026877e+04  7.46594042e-04 -2.07323336e-02 
 1.25892541e+04  7.49391526e-04 -2.00229107e-02 
 1.28824955e+04  7.52212095e-04 -1.93242293e-02 
 1.31825674e+04  7.55053308e-04 -1.86359200e-02 
 1.34896288e+04  7.57912062e-04 -1.79576188e-02 
 1.38038426e+04  7.60786771e-04 -1.72889666e-02 
 1.41253754e+04  7.63673745e-04 -1.66296095e-02 
 1.44543977e+04  7.66570674e-04 -1.59791980e-02 
 1.47910839e+04  7.69475178e-04 -1.53373875e-02 
 1.51356125e+04  7.72383944e-04 -1.47038374e-02 
 1.54881662e+04  7.75294615e-04 -1.40782116e-02 
 1.58489319e+04  7.78204769e-04 -1.34601778e-02 
 1.62181010e+04  7.81111930e-04 -1.28494076e-02 
 1.65958691e+04  7.84013274e-04 -1.22455763e-02 
 1.69824365e+04  7.86906788e-04 -1.16483627e-02 
 1.73780083e+04  7.89789822e-04 -1.10574488e-02 
 1.77827941e+04  7.92660824e-04 -1.04725199e-02 
 1.81970086e+04  7.95517162e-04 -9.89326430e-03 
 1.86208714e+04  7.98357440e-04 -9.31937318e-03 
 1.90546072e+04  8.01179317e-04 -8.75054038e-03 
 1.94984460e+04  8.03981527e-04 -8.18646229e-03 
 1.99526231e+04  8.06762425e-04 -7.62683775e-03 
 2.04173794e+04  8.09520986e-04 -7.07136783e-03 
 2.08929613e+04  8.12255781e-04 -6.51975570e-03 
 2.13796209e+04  8.14965545e-04 -5.97170652e-03 
 2.18776162e+04  8.17649738e-04 -5.42692726e-03 
 2.23872114e+04  8.20308097e-04 -4.88512658e-03 
 2.29086765e+04  8.22939024e-04 -4.34601465e-03 
 2.34422882e+04  8.25542897e-04 -3.80930306e-03 
 2.39883292e+04  8.28119877e-04 -3.27470464e-03 
 2.45470892e+04  8.30669454e-04 -2.74193334e-03 
 2.51188643e+04  8.33191871e-04 -2.21070408e-03 
 2.57039578e+04  8.35687373e-04 -1.68073260e-03 
 2.63026799e+04  8.38156762e-04 -1.15173536e-03 
 2.69153480e+04  8.40600361e-04 -6.23429340e-04 
 2.75422870e+04  8.43019573e-04 -9.55319462e-05 
 2.81838293e+04  8.45414683e-04  4.32239150e-04 
 2.88403150e+04  8.47787145e-04  9.60166149e-04 
 2.95120923e+04  8.50138252e-04  1.48853127e-03 
 3.01995172e+04  8.52469680e-04  2.01761687e-03 
 3.09029543e+04  8.54782297e-04  2.54770563e-03 
 3.16227766e+04  8.57078456e-04  3.07908066e-03 
 3.23593657e+04  8.59360072e-04  3.61202566e-03 
 3.31131121e+04  8.61628302e-04  4.14682505e-03 
 3.38844156e+04  8.63885977e-04  4.68376416e-03 
 3.46736850e+04  8.66134958e-04  5.22312930e-03 
 3.54813389e+04  8.68377557e-04  5.76520799e-03 
 3.63078055e+04  8.70616498e-04  6.31028905e-03 
 3.71535229e+04  8.72853873e-04  6.85866276e-03 
 3.80189396e+04  8.75092561e-04  7.41062105e-03 
 3.89045145e+04  8.77335323e-04  7.96645758e-03 
 3.98107171e+04  8.79584919e-04  8.52646798e-03 
 4.07380278e+04  8.81844222e-04  9.09094992e-03 
 4.16869383e+04  8.84116043e-04  9.66020331e-03 
 4.26579519e+04  8.86404116e-04  1.02345305e-02 
 4.36515832e+04  8.88710757e-04  1.08142362e-02 
 4.46683592e+04  8.91040460e-04  1.13996281e-02 
 4.57088190e+04  8.93395234e-04  1.19910165e-02 
 4.67735141e+04  8.95779222e-04  1.25887150e-02 
 4.78630092e+04  8.98196075e-04  1.31930400e-02 
 4.89778819e+04  9.00649076e-04  1.38043116e-02 
 5.01187234e+04  9.03142147e-04  1.44228533e-02 
 5.12861384e+04  9.05678675e-04  1.50489923e-02 
 5.24807460e+04  9.08263105e-04  1.56830595e-02 
 5.37031796e+04  9.10898469e-04  1.63253901e-02 
 5.49540874e+04  9.13589581e-04  1.69763233e-02 
 5.62341325e+04  9.16339854e-04  1.76362027e-02 
 5.75439937e+04  9.19154067e-04  1.83053765e-02 
 5.88843655e+04  9.22035631e-04  1.89841976e-02 
 6.02559586e+04  9.24989220e-04  1.96730238e-02 
 6.16595002e+04  9.28019067e-04  2.03722181e-02 
 6.30957344e+04  9.31129579e-04  2.10821487e-02 
 6.45654229e+04  9.34324956e-04  2.18031892e-02 
 6.60693448e+04  9.37609821e-04  2.25357191e-02 
 6.76082975e+04  9.40988707e-04  2.32801235e-02 
 6.91830971e+04  9.44465844e-04  2.40367936e-02 
 7.07945784e+04  9.48046257e-04  2.48061270e-02 
 7.24435960e+04  9.51734414e-04  2.55885278e-02 
 7.41310241e+04  9.55534481e-04  2.63844065e-02 
 7.58577575e+04  9.59451744e-04  2.71941808e-02 
 7.76247117e+04  9.63490134e-04  2.80182752e-02 
 7.94328235e+04  9.67654694e-04  2.88571218e-02 
 8.12830516e+04  9.71950432e-04  2.97111601e-02 
 8.31763771e+04  9.76381197e-04  3.05808373e-02 
 8.51138038e+04  9.80951890e-04  3.14666088e-02 
 8.70963590e+04  9.85667080e-04  3.23689381e-02 
 8.91250938e+04  9.90531073e-04  3.32882972e-02 
 9.12010839e+04  9.95548297e-04  3.42251669e-02 
 9.33254301e+04  1.00072297e-03  3.51800369e-02 
 9.54992586e+04  1.00605921e-03  3.61534063e-02 
 9.77237221e+04  1.01156118e-03  3.71457834e-02 
 1.00000000e+05  1.01723267e-03  3.81576866e-02 
 1.02329299e+05  1.02307781e-03  3.91896442e-02 
 1.04712855e+05  1.02909950e-03  4.02421949e-02 
 1.07151931e+05  1.03530154e-03  4.13158880e-02 
 1.09647820e+05  1.04168701e-03  4.24112837e-02 
 1.12201845e+05  1.04825867e-03  4.35289537e-02 
 1.14815362e+05  1.05501916e-03  4.46694808e-02 
 1.17489755e+05  1.06197076e-03  4.58334600e-02 
 1.20226443e+05  1.06911566e-03  4.70214985e-02 
 1.23026877e+05  1.07645554e-03  4.82342159e-02 
 1.25892541e+05  1.08399196e-03  4.94722448e-02 
 1.28824955e+05  1.09172530e-03  5.07362311e-02 
 1.31825674e+05  1.09965690e-03  5.20268341e-02 
 1.34896288e+05  1.10778645e-03  5.33447274e-02 
 1.38038426e+05  1.11611399e-03  5.46905987e-02 
 1.41253754e+05  1.12463849e-03  5.60651507e-02 
 1.44543977e+05  1.13335940e-03  5.74691011e-02 
 1.47910839e+05  1.14227448e-03  5.89031834e-02 
 1.51356125e+05  1.15138244e-03  6.03681469e-02 
 1.54881662e+05  1.16067995e-03  6.18647576e-02 
 1.58489319e+05  1.17016440e-03  6.33937981e-02 
 1.62181010e+05  1.17983252e-03  6.49560688e-02 
 1.65958691e+05  1.18967974e-03  6.65523874e-02 
 1.69824365e+05  1.19970205e-03  6.81835903e-02 
 1.73780083e+05  1.20989423e-03  6.98505326e-02 
 1.77827941e+05  1.22025065e-03  7.15540887e-02 
 1.81970086e+05  1.23076606e-03  7.32951526e-02 
 1.86208714e+05  1.24143340e-03  7.50746389e-02 
 1.90546072e+05  1.25224643e-03  7.68934828e-02 
 1.94984460e+05  1.26319821e-03  7.87526411e-02 
 1.99526231e+05  1.27428077e-03  8.06530924e-02 
 2.04173794e+05  1.28548679e-03  8.25958377e-02 
 2.08929613e+05  1.29680786e-03  8.45819011e-02 
 2.13796209e+05  1.30823608e-03  8.66123304e-02 
 2.18776162e+05  1.31976264e-03  8.86881975e-02 
 2.23872114e+05  1.33137919e-03  9.08105990e-02 
 2.29086765e+05  1.34307663e-03  9.29806570e-02 
 2.34422882e+05  1.35484629e-03  9.51995197e-02 
 2.39883292e+05  1.36667920e-03  9.74683616e-02 
 2.45470892e+05  1.37856727e-03  9.97883848e-02 
 2.51188643e+05  1.39050061e-03  1.02160819e-01 
 2.57039578e+05  1.40247189e-03  1.04586922e-01 
 2.63026799e+05  1.41447223e-03  1.07067983e-01 
 2.69153480e+05  1.42649308e-03  1.09605317e-01 
 2.75422870e+05  1.43852749e-03  1.12200273e-01 
 2.81838293e+05  1.45056754e-03  1.14854231e-01 
 2.88403150e+05  1.46260637e-03  1.17568601e-01 
 2.95120923e+05  1.47463730e-03  1.20344826e-01 
 3.01995172e+05  1.48665403e-03  1.23184385e-01 
 3.09029543e+05  1.49865153e-03  1.26088788e-01 
 3.16227766e+05  1.51062438e-03  1.29059581e-01 
 3.23593657e+05  1.52256800e-03  1.32098346e-01 
 3.31131121e+05  1.53447897e-03  1.35206701e-01 
 3.38844156e+05  1.54635408e-03  1.38386302e-01 
 3.46736850e+05  1.55819090e-03  1.41638842e-01 
 3.54813389e+05  1.56998736e-03  1.44966054e-01 
 3.63078055e+05  1.58174300e-03  1.48369710e-01 
 3.71535229e+05  1.59345697e-03  1.51851623e-01 
 3.80189396e+05  1.60513008e-03  1.55413648e-01 
 3.89045145e+05  1.61676336e-03  1.59057682e-01 
 3.98107171e+05  1.62835921e-03  1.62785665e-01 
 4.07380278e+05  1.63991958e-03  1.66599584e-01 
 4.16869383e+05  1.65144897e-03  1.70501468e-01 
 4.26579519e+05  1.66295072e-03  1.74493395e-01 
 4.36515832e+05  1.67443019e-03  1.78577489e-01 
 4.46683592e+05  1.68589339e-03  1.82755924e-01 
 4.57088190e+05  1.69734669e-03  1.87030923e-01 
 4.67735141e+05  1.70879695e-03  1.91404760e-01 
 4.78630092e+05  1.72025252e-03  1.95879761e-01 
 4.89778819e+05  1.73172200e-03  2.00458306e-01 
 5.01187234e+05  1.74321470e-03  2.05142827e-01 
 5.12861384e+05  1.75474086e-03  2.09935816e-01 
 5.24807460e+05  1.76631085e-03  2.14839818e-01 
 5.37031796e+05  1.77793626e-03  2.19857437e-01 
 5.49540874e+05  1.78962908e-03  2.24991340e-01 
 5.62341325e+05  1.80140195e-03  2.30244251e-01 
 5.75439937e+05  1.81326821e-03  2.35618958e-01 
 5.88843655e+05  1.82524115e-03  2.41118314e-01 
 6.02559586e+05  1.83733599e-03  2.46745236e-01 
 6.16595002e+05  1.84956714e-03  2.52502708e-01 
 6.30957344e+05  1.86195023e-03  2.58393782e-01 
 6.45654229e+05  1.87450151e-03  2.64421583e-01 
 6.60693448e+05  1.88723751e-03  2.70589304e-01 
 6.76082975e+05  1.90017527e-03  2.76900213e-01 
 6.91830971e+05  1.91333222e-03  2.83357653e-01 
 7.07945784e+05  1.92672685e-03  2.89965045e-01 
 7.24435960e+05  1.94037706e-03  2.96725886e-01 
 7.41310241e+05  1.95430260e-03  3.03643755e-01 
 7.58577575e+05  1.96852238e-03  3.10722314e-01 
 7.76247117e+05  1.98305621e-03  3.17965307e-01 
 7.94328235e+05  1.99792434e-03  3.25376567e-01 
 8.12830516e+05  2.01314771e-03  3.32960012e-01 
 8.31763771e+05  2.02874684e-03  3.40719653e-01 
 8.51138038e+05  2.04474308e-03  3.48659592e-01 
 8.70963590e+05  2.06115807e-03  3.56784026e-01 
 8.91250938e+05  2.07801353e-03  3.65097246e-01 
 9.12010839e+05  2.09533151e-03  3.73603647e-01 
 9.33254301e+05  2.11313462e-03  3.82307720e-01 
 9.54992586e+05  2.13144523e-03  3.91214063e-01 
 9.77237221e+05  2.15028585e-03  4.00327379e-01 
 1.00000000e+06  2.16967903e-03  4.09652478e-01 
 1.02329299e+06  2.18964767e-03  4.19194283e-01 
 1.04712855e+06  2.21021479e-03  4.28957829e-01 
 1.07151931e+06  2.23140313e-03  4.38948267e-01 
 1.09647820e+06  2.25323498e-03  4.49170869e-01 
 1.12201845e+06  2.27573284e-03  4.59631026e-01 
 1.14815362e+06  2.29891950e-03  4.70334256e-01 
 1.17489755e+06  2.32281605e-03  4.81286201e-01 
 1.20226443e+06  2.34744433e-03  4.92492635e-01 
 1.23026877e+06  2.37282601e-03  5.03959468e-01 
 1.25892541e+06  2.39898088e-03  5.15692742e-01 
 1.28824955e+06  2.42592942e-03  5.27698642e-01 
 1.31825674e+06  2.45369057e-03  5.39983493e-01 
 1.34896288e+06  2.48228261e-03  5.52553770e-01 
 1.38038426e+06  2.51172321e-03  5.65416096e-01 
 1.41253754e+06  2.54202873e-03  5.78577246e-01 
 1.44543977e+06  2.57321427e-03  5.92044153e-01 
 1.47910839e+06  2.60529397e-03  6.05823912e-01 
 1.51356125e+06  2.63828075e-03  6.19923781e-01 
 1.54881662e+06  2.67218559e-03  6.34351186e-01 
 1.58489319e+06  2.70701790e-03  6.49113727e-01 
 1.62181010e+06  2.74278575e-03  6.64219180e-01 
 1.65958691e+06  2.77949496e-03  6.79675500e-01 
 1.69824365e+06  2.81715004e-03  6.95490829e-01 
 1.73780083e+06  2.85575247e-03  7.11673499e-01 
 1.77827941e+06  2.89530243e-03  7.28232034e-01 
 1.81970086e+06  2.93579696e-03  7.45175157e-01 
 1.86208714e+06  2.97723188e-03  7.62511797e-01 
 1.90546072e+06  3.01959946e-03  7.80251087e-01 
 1.94984460e+06  3.06289024e-03  7.98402378e-01 
 1.99526231e+06  3.10709141e-03  8.16975236e-01 
 2.04173794e+06  3.15218778e-03  8.35979453e-01 
 2.08929613e+06  3.19816146e-03  8.55425049e-01 
 2.13796209e+06  3.24499196e-03  8.75322279e-01 
 2.18776162e+06  3.29265545e-03  8.95681638e-01 
 2.23872114e+06  3.34112589e-03  9.16513868e-01 
 2.29086765e+06  3.39037443e-03  9.37829963e-01 
 2.34422882e+06  3.44036854e-03  9.59641174e-01 
 2.39883292e+06  3.49107414e-03  9.81959018e-01 
 2.45470892e+06  3.54245375e-03  1.00479528e+00 
 2.51188643e+06  3.59446790e-03  1.02816203e+00 
 2.57039578e+06  3.64707429e-03  1.05207160e+00 
 2.63026799e+06  3.70022765e-03  1.07653665e+00 
 2.69153480e+06  3.75388204e-03  1.10157010e+00 
 2.75422870e+06  3.80798803e-03  1.12718520e+00 
 2.81838293e+06  3.86249467e-03  1.15339549e+00 
 2.88403150e+06  3.91735028e-03  1.18021485e+00 
 2.95120923e+06  3.97249991e-03  1.20765748e+00 
 3.01995172e+06  4.02788890e-03  1.23573790e+00 
 3.09029543e+06  4.08346066e-03  1.26447099e+00 
 3.16227766e+06  4.13915815e-03  1.29387198e+00 
 3.23593657e+06  4.19492360e-03  1.32395644e+00 
 3.31131121e+06  4.25069900e-03  1.35474032e+00 
 3.38844156e+06  4.30642613e-03  1.38623996e+00 
 3.46736850e+06  4.36204691e-03  1.41847204e+00 
 3.54813389e+06  4.41750412e-03  1.45145368e+00 
 3.63078055e+06  4.47274035e-03  1.48520237e+00 
 3.71535229e+06  4.52769998e-03  1.51973602e+00 
 3.80189396e+06  4.58232755e-03  1.55507296e+00 
 3.89045145e+06  4.63657064e-03  1.59123196e+00 
 3.98107171e+06  4.69037617e-03  1.62823222e+00 
 4.07380278e+06  4.74369419e-03  1.66609338e+00 
 4.16869383e+06  4.79647670e-03  1.70483555e+00 
 4.26579519e+06  4.84867732e-03  1.74447931e+00 
 4.36515832e+06  4.90025184e-03  1.78504572e+00 
 4.46683592e+06  4.95115922e-03  1.82655634e+00 
 4.57088190e+06  5.00135979e-03  1.86903322e+00 
 4.67735141e+06  5.05081754e-03  1.91249893e+00 
 4.78630092e+06  5.09949809e-03  1.95697656e+00 
 4.89778819e+06  5.14737115e-03  2.00248975e+00 
 5.01187234e+06  5.19440737e-03  2.04906268e+00 
 5.12861384e+06  5.24058149e-03  2.09672010e+00 
 5.24807460e+06  5.28587073e-03  2.14548733e+00 
 5.37031796e+06  5.33025509e-03  2.19539029e+00 
 5.49540874e+06  5.37371719e-03  2.24645550e+00 
 5.62341325e+06  5.41624210e-03  2.29871008e+00 
 5.75439937e+06  5.45781819e-03  2.35218180e+00 
 5.88843655e+06  5.49843525e-03  2.40689907e+00 
 6.02559586e+06  5.53808729e-03  2.46289095e+00 
 6.16595002e+06  5.57676916e-03  2.52018720e+00 
 6.30957344e+06  5.61447830e-03  2.57881824e+00 
 6.45654229e+06  5.65121533e-03  2.63881523e+00 
 6.60693448e+06  5.68698189e-03  2.70021001e+00 
 6.76082975e+06  5.72178184e-03  2.76303521e+00 
 6.91830971e+06  5.75562131e-03  2.82732419e+00 
 7.07945784e+06  5.78850788e-03  2.89311108e+00 
 7.24435960e+06  5.82045061e-03  2.96043082e+00 
 7.41310241e+06  5.85146082e-03  3.02931915e+00 
 7.58577575e+06  5.88154997e-03  3.09981265e+00 
 7.76247117e+06  5.91073202e-03  3.17194873e+00 
 7.94328235e+06  5.93902128e-03  3.24576570e+00 
 8.12830516e+06  5.96643410e-03  3.32130273e+00 
 8.31763771e+06  5.99298628e-03  3.39859992e+00 
 8.51138038e+06  6.01869614e-03  3.47769829e+00 
 8.70963590e+06  6.04358116e-03  3.55863983e+00 
 8.91250938e+06  6.06766100e-03  3.64146748e+00 
 9.12010839e+06  6.09095487e-03  3.72622521e+00 
 9.33254301e+06  6.11348284e-03  3.81295798e+00 
 9.54992586e+06  6.13526506e-03  3.90171182e+00 
 9.77237221e+06  6.15632279e-03  3.99253381e+00 
 1.00000000e+07  6.17667648e-03  4.08547215e+00 
 1.02329299e+07  6.19634757e-03  4.18057614e+00 
 1.04712855e+07  6.21535744e-03  4.27789624e+00 
 1.07151931e+07  6.23372750e-03  4.37748407e+00 
 1.09647820e+07  6.25147923e-03  4.47939247e+00 
 1.12201845e+07  6.26863392e-03  4.58367548e+00 
 1.14815362e+07  6.28521339e-03  4.69038843e+00 
 1.17489755e+07  6.30123886e-03  4.79958792e+00 
 1.20226443e+07  6.31673101e-03  4.91133187e+00 
 1.23026877e+07  6.33171165e-03  5.02567955e+00 
 1.25892541e+07  6.34620150e-03  5.14269161e+00 
 1.28824955e+07  6.36022109e-03  5.26243010e+00 
 1.31825674e+07  6.37379116e-03  5.38495853e+00 
 1.34896288e+07  6.38693212e-03  5.51034188e+00 
 1.38038426e+07  6.39966402e-03  5.63864666e+00 
 1.41253754e+07  6.41200688e-03  5.76994089e+00 
 1.44543977e+07  6.42398022e-03  5.90429422e+00 
 1.47910839e+07  6.43560353e-03  6.04177788e+00 
 1.51356125e+07  6.44689598e-03  6.18246479e+00 
 1.54881662e+07  6.45787671e-03  6.32642956e+00 
 1.58489319e+07  6.46856439e-03  6.47374852e+00 
 1.62181010e+07  6.47897798e-03  6.62449980e+00 
 1.65958691e+07  6.48913559e-03  6.77876334e+00 
 1.69824365e+07  6.49905504e-03  6.93662093e+00 
 1.73780083e+07  6.50875516e-03  7.09815630e+00 
 1.77827941e+07  6.51825283e-03  7.26345509e+00 
 1.81970086e+07  6.52756694e-03  7.43260495e+00 
 1.86208714e+07  6.53671418e-03  7.60569558e+00 
 1.90546072e+07  6.54571245e-03  7.78281876e+00 
 1.94984460e+07  6.55457928e-03  7.96406841e+00 
 1.99526231e+07  6.56333176e-03  8.14954064e+00 
 2.04173794e+07  6.57198734e-03  8.33933379e+00 
 2.08929613e+07  6.58056322e-03  8.53354850e+00 
 2.13796209e+07  6.58907672e-03  8.73228775e+00 
 2.18776162e+07  6.59754546e-03  8.93565692e+00 
 2.23872114e+07  6.60598640e-03  9.14376384e+00 
 2.29086765e+07  6.61441729e-03  9.35671886e+00 
 2.34422882e+07  6.62285536e-03  9.57463489e+00 
 2.39883292e+07  6.63131854e-03  9.79762749e+00 
 2.45470892e+07  6.63982501e-03  1.00258149e+01 
 2.51188643e+07  6.64839253e-03  1.02593181e+01 
 2.57039578e+07  6.65703932e-03  1.04982608e+01 
 2.63026799e+07  6.66578422e-03  1.07427699e+01 
 2.69153480e+07  6.67464572e-03  1.09929749e+01 
 2.75422870e+07  6.68364341e-03  1.12490085e+01 
 2.81838293e+07  6.69279658e-03  1.15110065e+01 
 2.88403150e+07  6.70212540e-03  1.17791077e+01 
 2.95120923e+07  6.71165009e-03  1.20534543e+01 
 3.01995172e+07  6.72139137e-03  1.23341919e+01 
 3.09029543e+07  6.73137093e-03  1.26214692e+01 
 3.16227766e+07  6.74161002e-03  1.29154385e+01 
 3.23593657e+07  6.75213181e-03  1.32162558e+01 
 3.31131121e+07  6.76295909e-03  1.35240805e+01 
 3.38844156e+07  6.77411578e-03  1.38390759e+01 
 3.46736850e+07  6.78562608e-03  1.41614089e+01 
 3.54813389e+07  6.79751596e-03  1.44912505e+01 
 3.63078055e+07  6.80981063e-03  1.48287755e+01 
 3.71535229e+07  6.82253802e-03  1.51741630e+01 
 3.80189396e+07  6.83572539e-03  1.55275960e+01 
 3.89045145e+07  6.84940180e-03  1.58892619e+01 
 3.98107171e+07  6.86359705e-03  1.62593525e+01 
 4.07380278e+07  6.87834215e-03  1.66380641e+01 
 4.16869383e+07  6.89366949e-03  1.70255974e+01 
 4.26579519e+07  6.90961253e-03  1.74221579e+01 
 4.36515832e+07  6.92620596e-03  1.78279558e+01 
 4.46683592e+07  6.94348538e-03  1.82432064e+01 
 4.57088190e+07  6.96148875e-03  1.86681298e+01 
 4.67735141e+07  6.98025536e-03  1.91029512e+01 
 4.78630092e+07  6.99982518e-03  1.95479013e+01 
 4.89778819e+07  7.02024052e-03  2.00032160e+01 
 5.01187234e+07  7.04154621e-03  2.04691367e+01 
 5.12861384e+07  7.06378751e-03  2.09459103e+01 
 5.24807460e+07  7.08701252e-03  2.14337898e+01 
 5.37031796e+07  7.11127133e-03  2.19330338e+01 
 5.49540874e+07  7.13661598e-03  2.24439069e+01 
 5.62341325e+07  7.16310072e-03  2.29666801e+01 
 5.75439937e+07  7.19078293e-03  2.35016306e+01 
 5.88843655e+07  7.21972116e-03  2.40490419e+01 
 6.02559586e+07  7.24997792e-03  2.46092044e+01 
 6.16595002e+07  7.28161755e-03  2.51824150e+01 
 6.30957344e+07  7.31470761e-03  2.57689776e+01 
 6.45654229e+07  7.34931950e-03  2.63692033e+01 
 6.60693448e+07  7.38552629e-03  2.69834104e+01 
 6.76082975e+07  7.42340584e-03  2.76119243e+01 
 6.91830971e+07  7.46303864e-03  2.82550785e+01 
 7.07945784e+07  7.50450885e-03  2.89132140e+01 
 7.24435960e+07  7.54790544e-03  2.95866796e+01 
 7.41310241e+07  7.59332005e-03  3.02758324e+01 
 7.58577575e+07  7.64085014e-03  3.09810379e+01 
 7.76247117e+07  7.69059630e-03  3.17026700e+01 
 7.94328235e+07  7.74266408e-03  3.24411112e+01 
 8.12830516e+07  7.79716511e-03  3.31967531e+01 
 8.31763771e+07  7.85421435e-03  3.39699965e+01 
 8.51138038e+07  7.91393345e-03  3.47612511e+01 
 8.70963590e+07  7.97644945e-03  3.55709366e+01 
 8.91250938e+07  8.04189461e-03  3.63994824e+01 
 9.12010839e+07  8.11040842e-03  3.72473276e+01 
 9.33254301e+07  8.18213646e-03  3.81149218e+01 
 9.54992586e+07  8.25723026e-03  3.90027251e+01 
 9.77237221e+07  8.33584996e-03  3.99112081e+01 
 1.00000000e+08  8.41816216e-03  4.08408526e+01 
