 frequency       er              ei              fr              fi              ir              ii             
 1.00000000e+00  3.98603948e-08  1.00930776e-07 -9.99999960e-01  1.00930776e-07  3.94488211e-16  1.01085515e-15 
 1.02329299e+00  3.98603652e-08  1.03281756e-07 -9.99999960e-01  1.03281756e-07  3.94254248e-16  1.03440099e-15 
 1.04712855e+00  3.98603343e-08  1.05687497e-07 -9.99999960e-01  1.05687497e-07  3.94019579e-16  1.05849527e-15 
 1.07151931e+00  3.98603018e-08  1.08149275e-07 -9.99999960e-01  1.08149275e-07  3.93817727e-16  1.08315079e-15 
 1.09647820e+00  3.98602676e-08  1.10668395e-07 -9.99999960e-01  1.10668395e-07  3.93632901e-16  1.10838060e-15 
 1.12201845e+00  3.98602321e-08  1.13246193e-07 -9.99999960e-01  1.13246193e-07  3.93395263e-16  1.13419809e-15 
 1.14815362e+00  3.98601947e-08  1.15884035e-07 -9.99999960e-01  1.15884035e-07  3.93148139e-16  1.16061695e-15 
 1.17489755e+00  3.98601556e-08  1.18583321e-07 -9.99999960e-01  1.18583321e-07  3.92909877e-16  1.18765118e-15 
 1.20226443e+00  3.98601145e-08  1.21345481e-07 -9.99999960e-01  1.21345481e-07  3.92589527e-16  1.21531512e-15 
 1.23026877e+00  3.98600717e-08  1.24171980e-07 -9.99999960e-01  1.24171980e-07  3.92361764e-16  1.24362343e-15 
 1.25892541e+00  3.98600268e-08  1.27064317e-07 -9.99999960e-01  1.27064317e-07  3.92028024e-16  1.27259113e-15 
 1.28824955e+00  3.98599800e-08  1.30024025e-07 -9.99999960e-01  1.30024025e-07  3.91697375e-16  1.30223358e-15 
 1.31825674e+00  3.98599307e-08  1.33052674e-07 -9.99999960e-01  1.33052674e-07  3.91379173e-16  1.33256648e-15 
 1.34896288e+00  3.98598786e-08  1.36151869e-07 -9.99999960e-01  1.36151869e-07  3.91062880e-16  1.36360593e-15 
 1.38038426e+00  3.98598251e-08  1.39323253e-07 -9.99999960e-01  1.39323253e-07  3.90733229e-16  1.39536837e-15 
 1.41253754e+00  3.98597687e-08  1.42568508e-07 -9.99999960e-01  1.42568508e-07  3.90367165e-16  1.42787066e-15 
 1.44543977e+00  3.98597092e-08  1.45889355e-07 -9.99999960e-01  1.45889355e-07  3.89920456e-16  1.46113002e-15 
 1.47910839e+00  3.98596475e-08  1.49287555e-07 -9.99999960e-01  1.49287555e-07  3.89541269e-16  1.49516409e-15 
 1.51356125e+00  3.98595823e-08  1.52764908e-07 -9.99999960e-01  1.52764908e-07  3.89105751e-16  1.52999092e-15 
 1.54881662e+00  3.98595144e-08  1.56323260e-07 -9.99999960e-01  1.56323260e-07  3.88665651e-16  1.56562897e-15 
 1.58489319e+00  3.98594434e-08  1.59964496e-07 -9.99999960e-01  1.59964496e-07  3.88220321e-16  1.60209713e-15 
 1.62181010e+00  3.98593681e-08  1.63690548e-07 -9.99999960e-01  1.63690548e-07  3.87708928e-16  1.63941939e-15 
 1.65958691e+00  3.98592903e-08  1.67503391e-07 -9.99999960e-01  1.67503391e-07  3.87196986e-16  1.67760635e-15 
 1.69824365e+00  3.98592085e-08  1.71405046e-07 -9.99999960e-01  1.71405046e-07  3.86710084e-16  1.71668280e-15 
 1.73780083e+00  3.98591227e-08  1.75397582e-07 -9.99999960e-01  1.75397582e-07  3.86141885e-16  1.75666945e-15 
 1.77827941e+00  3.98590335e-08  1.79483116e-07 -9.99999960e-01  1.79483116e-07  3.85493489e-16  1.79758750e-15 
 1.81970086e+00  3.98589394e-08  1.83663815e-07 -9.99999960e-01  1.83663815e-07  3.84907362e-16  1.83945866e-15 
 1.86208714e+00  3.98588411e-08  1.87941895e-07 -9.99999960e-01  1.87941895e-07  3.84287217e-16  1.88230512e-15 
 1.90546072e+00  3.98587381e-08  1.92319624e-07 -9.99999960e-01  1.92319624e-07  3.83608878e-16  1.92614960e-15 
 1.94984460e+00  3.98586303e-08  1.96799323e-07 -9.99999960e-01  1.96799323e-07  3.82884644e-16  1.97101535e-15 
 1.99526231e+00  3.98585176e-08  2.01383368e-07 -9.99999960e-01  2.01383368e-07  3.82132201e-16  2.01692615e-15 
 2.04173794e+00  3.98583994e-08  2.06074189e-07 -9.99999960e-01  2.06074189e-07  3.81412440e-16  2.06390635e-15 
 2.08929613e+00  3.98582758e-08  2.10874274e-07 -9.99999960e-01  2.10874274e-07  3.80543406e-16  2.11198085e-15 
 2.13796209e+00  3.98581456e-08  2.15786166e-07 -9.99999960e-01  2.15786166e-07  3.79728627e-16  2.16117516e-15 
 2.18776162e+00  3.98580101e-08  2.20812472e-07 -9.99999960e-01  2.20812472e-07  3.78801317e-16  2.21151534e-15 
 2.23872114e+00  3.98578681e-08  2.25955855e-07 -9.99999960e-01  2.25955855e-07  3.77879683e-16  2.26302808e-15 
 2.29086765e+00  3.98577190e-08  2.31219043e-07 -9.99999960e-01  2.31219043e-07  3.76875631e-16  2.31574071e-15 
 2.34422882e+00  3.98575631e-08  2.36604826e-07 -9.99999960e-01  2.36604826e-07  3.75855984e-16  2.36968118e-15 
 2.39883292e+00  3.98573999e-08  2.42116060e-07 -9.99999960e-01  2.42116060e-07  3.74806352e-16  2.42487807e-15 
 2.45470892e+00  3.98572291e-08  2.47755668e-07 -9.99999960e-01  2.47755668e-07  3.73684082e-16  2.48136066e-15 
 2.51188643e+00  3.98570503e-08  2.53526639e-07 -9.99999960e-01  2.53526639e-07  3.72526422e-16  2.53915888e-15 
 2.57039578e+00  3.98568625e-08  2.59432032e-07 -9.99999960e-01  2.59432032e-07  3.71325452e-16  2.59830340e-15 
 2.63026799e+00  3.98566667e-08  2.65474981e-07 -9.99999960e-01  2.65474981e-07  3.70021042e-16  2.65882556e-15 
 2.69153480e+00  3.98564615e-08  2.71658687e-07 -9.99999960e-01  2.71658687e-07  3.68625398e-16  2.72075746e-15 
 2.75422870e+00  3.98562462e-08  2.77986431e-07 -9.99999960e-01  2.77986431e-07  3.67299847e-16  2.78413193e-15 
 2.81838293e+00  3.98560206e-08  2.84461567e-07 -9.99999960e-01  2.84461567e-07  3.65742857e-16  2.84898258e-15 
 2.88403150e+00  3.98557849e-08  2.91087528e-07 -9.99999960e-01  2.91087528e-07  3.64218408e-16  2.91534378e-15 
 2.95120923e+00  3.98555381e-08  2.97867827e-07 -9.99999960e-01  2.97867827e-07  3.62644387e-16  2.98325072e-15 
 3.01995172e+00  3.98552792e-08  3.04806060e-07 -9.99999960e-01  3.04806060e-07  3.60950803e-16  3.05273941e-15 
 3.09029543e+00  3.98550085e-08  3.11905905e-07 -9.99999960e-01  3.11905905e-07  3.59172124e-16  3.12384669e-15 
 3.16227766e+00  3.98547247e-08  3.19171127e-07 -9.99999960e-01  3.19171127e-07  3.57350555e-16  3.19661026e-15 
 3.23593657e+00  3.98544275e-08  3.26605577e-07 -9.99999960e-01  3.26605577e-07  3.55334952e-16  3.27106869e-15 
 3.31131121e+00  3.98541168e-08  3.34213199e-07 -9.99999960e-01  3.34213199e-07  3.53324028e-16  3.34726148e-15 
 3.38844156e+00  3.98537909e-08  3.41998024e-07 -9.99999960e-01  3.41998024e-07  3.51205561e-16  3.42522901e-15 
 3.46736850e+00  3.98534501e-08  3.49964181e-07 -9.99999960e-01  3.49964181e-07  3.48972180e-16  3.50501262e-15 
 3.54813389e+00  3.98530932e-08  3.58115894e-07 -9.99999960e-01  3.58115894e-07  3.46550068e-16  3.58665461e-15 
 3.63078055e+00  3.98527188e-08  3.66457485e-07 -9.99999960e-01  3.66457485e-07  3.44150426e-16  3.67019827e-15 
 3.71535229e+00  3.98523272e-08  3.74993376e-07 -9.99999960e-01  3.74993376e-07  3.41571185e-16  3.75568790e-15 
 3.80189396e+00  3.98519179e-08  3.83728094e-07 -9.99999960e-01  3.83728094e-07  3.38918710e-16  3.84316882e-15 
 3.89045145e+00  3.98514882e-08  3.92666269e-07 -9.99999960e-01  3.92666269e-07  3.36104625e-16  3.93268741e-15 
 3.98107171e+00  3.98510387e-08  4.01812642e-07 -9.99999960e-01  4.01812642e-07  3.33211411e-16  4.02429113e-15 
 4.07380278e+00  3.98505680e-08  4.11172060e-07 -9.99999960e-01  4.11172060e-07  3.30078847e-16  4.11802855e-15 
 4.16869383e+00  3.98500749e-08  4.20749488e-07 -9.99999960e-01  4.20749488e-07  3.26837761e-16  4.21394937e-15 
 4.26579519e+00  3.98495590e-08  4.30550002e-07 -9.99999960e-01  4.30550002e-07  3.23422865e-16  4.31210445e-15 
 4.36515832e+00  3.98490189e-08  4.40578800e-07 -9.99999960e-01  4.40578800e-07  3.19962039e-16  4.41254582e-15 
 4.46683592e+00  3.98484528e-08  4.50841199e-07 -9.99999960e-01  4.50841199e-07  3.16182032e-16  4.51532674e-15 
 4.57088190e+00  3.98478601e-08  4.61342639e-07 -9.99999960e-01  4.61342639e-07  3.12390983e-16  4.62050171e-15 
 4.67735141e+00  3.98472397e-08  4.72088690e-07 -9.99999960e-01  4.72088690e-07  3.08273404e-16  4.72812648e-15 
 4.78630092e+00  3.98465898e-08  4.83085048e-07 -9.99999960e-01  4.83085048e-07  3.03968820e-16  4.83825810e-15 
 4.89778819e+00  3.98459096e-08  4.94337544e-07 -9.99999960e-01  4.94337544e-07  2.99588032e-16  4.95095499e-15 
 5.01187234e+00  3.98451971e-08  5.05852145e-07 -9.99999960e-01  5.05852145e-07  2.94840993e-16  5.06627688e-15 
 5.12861384e+00  3.98444510e-08  5.17634955e-07 -9.99999960e-01  5.17634955e-07  2.89959362e-16  5.18428491e-15 
 5.24807460e+00  3.98436696e-08  5.29692222e-07 -9.99999960e-01  5.29692222e-07  2.84866603e-16  5.30504165e-15 
 5.37031796e+00  3.98428515e-08  5.42030338e-07 -9.99999960e-01  5.42030338e-07  2.79487444e-16  5.42861112e-15 
 5.49540874e+00  3.98419950e-08  5.54655847e-07 -9.99999960e-01  5.54655847e-07  2.73856049e-16  5.55505883e-15 
 5.62341325e+00  3.98410982e-08  5.67575441e-07 -9.99999960e-01  5.67575441e-07  2.68060573e-16  5.68445183e-15 
 5.75439937e+00  3.98401592e-08  5.80795971e-07 -9.99999960e-01  5.80795971e-07  2.61899561e-16  5.81685871e-15 
 5.88843655e+00  3.98391755e-08  5.94324447e-07 -9.99999960e-01  5.94324447e-07  2.55405606e-16  5.95234967e-15 
 6.02559586e+00  3.98381457e-08  6.08168042e-07 -9.99999960e-01  6.08168042e-07  2.48695850e-16  6.09099654e-15 
 6.16595002e+00  3.98370675e-08  6.22334096e-07 -9.99999960e-01  6.22334096e-07  2.41557080e-16  6.23287283e-15 
 6.30957344e+00  3.98359382e-08  6.36830119e-07 -9.99999960e-01  6.36830119e-07  2.34196866e-16  6.37805376e-15 
 6.45654229e+00  3.98347562e-08  6.51663798e-07 -9.99999960e-01  6.51663798e-07  2.26498833e-16  6.52661628e-15 
 6.60693448e+00  3.98335176e-08  6.66842998e-07 -9.99999960e-01  6.66842998e-07  2.18359863e-16  6.67863917e-15 
 6.76082975e+00  3.98322212e-08  6.82375766e-07 -9.99999960e-01  6.82375766e-07  2.09900250e-16  6.83420302e-15 
 6.91830971e+00  3.98308639e-08  6.98270340e-07 -9.99999960e-01  6.98270340e-07  2.00993638e-16  6.99339030e-15 
 7.07945784e+00  3.98294417e-08  7.14535145e-07 -9.99999960e-01  7.14535145e-07  1.91653081e-16  7.15630571e-15 
 7.24435960e+00  3.98279532e-08  7.31178807e-07 -9.99999960e-01  7.31178807e-07  1.81909130e-16  7.32299546e-15 
 7.41310241e+00  3.98263950e-08  7.48210149e-07 -9.99999960e-01  7.48210149e-07  1.71709838e-16  7.49356778e-15 
 7.58577575e+00  3.98247625e-08  7.65638202e-07 -9.99999960e-01  7.65638202e-07  1.61004366e-16  7.66811307e-15 
 7.76247117e+00  3.98230540e-08  7.83472207e-07 -9.99999960e-01  7.83472207e-07  1.49840747e-16  7.84672389e-15 
 7.94328235e+00  3.98212640e-08  8.01721619e-07 -9.99999960e-01  8.01721619e-07  1.38098248e-16  8.02949490e-15 
 8.12830516e+00  3.98193901e-08  8.20396114e-07 -9.99999960e-01  8.20396114e-07  1.25831729e-16  8.21653467e-15 
 8.31763771e+00  3.98174277e-08  8.39505594e-07 -9.99999960e-01  8.39505594e-07  1.12970833e-16  8.40791929e-15 
 8.51138038e+00  3.98153729e-08  8.59060192e-07 -9.99999960e-01  8.59060192e-07  9.94961994e-17  8.60376161e-15 
 8.70963590e+00  3.98132213e-08  8.79070274e-07 -9.99999960e-01  8.79070274e-07  8.54218978e-17  8.80416546e-15 
 8.91250938e+00  3.98109687e-08  8.99546451e-07 -9.99999960e-01  8.99546451e-07  7.06801712e-17  9.00923705e-15 
 9.12010839e+00  3.98086092e-08  9.20499579e-07 -9.99999960e-01  9.20499579e-07  5.51884820e-17  9.21909819e-15 
 9.33254301e+00  3.98061393e-08  9.41940769e-07 -9.99999960e-01  9.41940769e-07  3.90133679e-17  9.43383426e-15 
 9.54992586e+00  3.98035518e-08  9.63881388e-07 -9.99999960e-01  9.63881388e-07  2.20913160e-17  9.65357186e-15 
 9.77237221e+00  3.98008434e-08  9.86333069e-07 -9.99999960e-01  9.86333069e-07  4.28590982e-18  9.87842747e-15 
 1.00000000e+01  3.97980069e-08  1.00930772e-06 -9.99999960e-01  1.00930772e-06 -1.43100288e-17  1.01085490e-14 
 1.02329299e+01  3.97950369e-08  1.03281751e-06 -9.99999960e-01  1.03281751e-06 -3.37232469e-17  1.03440016e-14 
 1.04712855e+01  3.97919271e-08  1.05687492e-06 -9.99999960e-01  1.05687492e-06 -5.40970777e-17  1.05849383e-14 
 1.07151931e+01  3.97886708e-08  1.08149270e-06 -9.99999960e-01  1.08149270e-06 -7.54285478e-17  1.08315020e-14 
 1.09647820e+01  3.97852605e-08  1.10668391e-06 -9.99999960e-01  1.10668391e-06 -9.77364634e-17  1.10837931e-14 
 1.12201845e+01  3.97816897e-08  1.13246188e-06 -9.99999960e-01  1.13246188e-06 -1.21207535e-16  1.13419603e-14 
 1.14815362e+01  3.97779504e-08  1.15884031e-06 -9.99999960e-01  1.15884031e-06 -1.45637950e-16  1.16061405e-14 
 1.17489755e+01  3.97740356e-08  1.18583317e-06 -9.99999960e-01  1.18583317e-06 -1.71278197e-16  1.18764736e-14 
 1.20226443e+01  3.97699355e-08  1.21345477e-06 -9.99999960e-01  1.21345477e-06 -1.98126238e-16  1.21531202e-14 
 1.23026877e+01  3.97656428e-08  1.24171976e-06 -9.99999960e-01  1.24171976e-06 -2.26313926e-16  1.24361928e-14 
 1.25892541e+01  3.97611473e-08  1.27064313e-06 -9.99999960e-01  1.27064313e-06 -2.55743624e-16  1.27258764e-14 
 1.28824955e+01  3.97564399e-08  1.30024021e-06 -9.99999960e-01  1.30024021e-06 -2.86554217e-16  1.30222888e-14 
 1.31825674e+01  3.97515112e-08  1.33052670e-06 -9.99999960e-01  1.33052670e-06 -3.18833110e-16  1.33256425e-14 
 1.34896288e+01  3.97463495e-08  1.36151865e-06 -9.99999960e-01  1.36151865e-06 -3.52655171e-16  1.36360236e-14 
 1.38038426e+01  3.97409455e-08  1.39323249e-06 -9.99999960e-01  1.39323249e-06 -3.88062386e-16  1.39536334e-14 
 1.41253754e+01  3.97352858e-08  1.42568504e-06 -9.99999960e-01  1.42568504e-06 -4.25099385e-16  1.42786403e-14 
 1.44543977e+01  3.97293602e-08  1.45889351e-06 -9.99999960e-01  1.45889351e-06 -4.63978688e-16  1.46112165e-14 
 1.47910839e+01  3.97231550e-08  1.49287551e-06 -9.99999960e-01  1.49287551e-06 -5.04643460e-16  1.49515383e-14 
 1.51356125e+01  3.97166574e-08  1.52764904e-06 -9.99999960e-01  1.52764904e-06 -5.47209784e-16  1.52998293e-14 
 1.54881662e+01  3.97098531e-08  1.56323256e-06 -9.99999960e-01  1.56323256e-06 -5.91728389e-16  1.56562106e-14 
 1.58489319e+01  3.97027282e-08  1.59964492e-06 -9.99999960e-01  1.59964492e-06 -6.38409795e-16  1.60208695e-14 
 1.62181010e+01  3.96952677e-08  1.63690544e-06 -9.99999960e-01  1.63690544e-06 -6.87330338e-16  1.63940441e-14 
 1.65958691e+01  3.96874553e-08  1.67503387e-06 -9.99999960e-01  1.67503387e-06 -7.38470565e-16  1.67759337e-14 
 1.69824365e+01  3.96792759e-08  1.71405042e-06 -9.99999960e-01  1.71405042e-06 -7.92048785e-16  1.71666937e-14 
 1.73780083e+01  3.96707097e-08  1.75397578e-06 -9.99999960e-01  1.75397578e-06 -8.48201175e-16  1.75665295e-14 
 1.77827941e+01  3.96617410e-08  1.79483112e-06 -9.99999960e-01  1.79483112e-06 -9.06902159e-16  1.79757022e-14 
 1.81970086e+01  3.96523491e-08  1.83663811e-06 -9.99999960e-01  1.83663811e-06 -9.68476510e-16  1.83944042e-14 
 1.86208714e+01  3.96425143e-08  1.87941891e-06 -9.99999960e-01  1.87941891e-06 -1.03290446e-15  1.88228840e-14 
 1.90546072e+01  3.96322161e-08  1.92319620e-06 -9.99999960e-01  1.92319620e-06 -1.10037155e-15  1.92612885e-14 
 1.94984460e+01  3.96214323e-08  1.96799319e-06 -9.99999960e-01  1.96799319e-06 -1.17096649e-15  1.97099581e-14 
 1.99526231e+01  3.96101410e-08  2.01383364e-06 -9.99999960e-01  2.01383364e-06 -1.24497369e-15  2.01690198e-14 
 2.04173794e+01  3.95983169e-08  2.06074185e-06 -9.99999960e-01  2.06074185e-06 -1.32243436e-15  2.06388007e-14 
 2.08929613e+01  3.95859354e-08  2.10874269e-06 -9.99999960e-01  2.10874269e-06 -1.40356272e-15  2.11195217e-14 
 2.13796209e+01  3.95729711e-08  2.15786162e-06 -9.99999960e-01  2.15786162e-06 -1.48846635e-15  2.16114986e-14 
 2.18776162e+01  3.95593954e-08  2.20812467e-06 -9.99999960e-01  2.20812467e-06 -1.57740183e-15  2.21148394e-14 
 2.23872114e+01  3.95451800e-08  2.25955850e-06 -9.99999960e-01  2.25955850e-06 -1.67052043e-15  2.26299648e-14 
 2.29086765e+01  3.95302944e-08  2.31219038e-06 -9.99999960e-01  2.31219038e-06 -1.76800394e-15  2.31570863e-14 
 2.34422882e+01  3.95147077e-08  2.36604821e-06 -9.99999960e-01  2.36604821e-06 -1.87014606e-15  2.36964829e-14 
 2.39883292e+01  3.94983863e-08  2.42116055e-06 -9.99999961e-01  2.42116055e-06 -1.97705450e-15  2.42483715e-14 
 2.45470892e+01  3.94812951e-08  2.47755662e-06 -9.99999961e-01  2.47755662e-06 -2.08903358e-15  2.48131805e-14 
 2.51188643e+01  3.94633987e-08  2.53526633e-06 -9.99999961e-01  2.53526633e-06 -2.20621143e-15  2.53911776e-14 
 2.57039578e+01  3.94446594e-08  2.59432027e-06 -9.99999961e-01  2.59432027e-06 -2.32900084e-15  2.59825608e-14 
 2.63026799e+01  3.94250363e-08  2.65474975e-06 -9.99999961e-01  2.65474975e-06 -2.45755552e-15  2.65877511e-14 
 2.69153480e+01  3.94044890e-08  2.71658681e-06 -9.99999961e-01  2.71658681e-06 -2.59219047e-15  2.72070716e-14 
 2.75422870e+01  3.93829730e-08  2.77986424e-06 -9.99999961e-01  2.77986424e-06 -2.73309021e-15  2.78407342e-14 
 2.81838293e+01  3.93604430e-08  2.84461560e-06 -9.99999961e-01  2.84461560e-06 -2.88068320e-15  2.84892306e-14 
 2.88403150e+01  3.93368510e-08  2.91087520e-06 -9.99999961e-01  2.91087520e-06 -3.03525370e-15  2.91527853e-14 
 2.95120923e+01  3.93121478e-08  2.97867819e-06 -9.99999961e-01  2.97867819e-06 -3.19709698e-15  2.98317890e-14 
 3.01995172e+01  3.92862794e-08  3.04806052e-06 -9.99999961e-01  3.04806052e-06 -3.36660355e-15  3.05266442e-14 
 3.09029543e+01  3.92591924e-08  3.11905897e-06 -9.99999961e-01  3.11905897e-06 -3.54403300e-15  3.12377216e-14 
 3.16227766e+01  3.92308284e-08  3.19171118e-06 -9.99999961e-01  3.19171118e-06 -3.72977938e-15  3.19652643e-14 
 3.23593657e+01  3.92011282e-08  3.26605568e-06 -9.99999961e-01  3.26605568e-06 -3.92439951e-15  3.27098366e-14 
 3.31131121e+01  3.91700280e-08  3.34213188e-06 -9.99999961e-01  3.34213188e-06 -4.12810492e-15  3.34716487e-14 
 3.38844156e+01  3.91374622e-08  3.41998013e-06 -9.99999961e-01  3.41998013e-06 -4.34146218e-15  3.42512912e-14 
 3.46736850e+01  3.91033615e-08  3.49964170e-06 -9.99999961e-01  3.49964170e-06 -4.56480368e-15  3.50490340e-14 
 3.54813389e+01  3.90676538e-08  3.58115882e-06 -9.99999961e-01  3.58115882e-06 -4.79873317e-15  3.58653463e-14 
 3.63078055e+01  3.90302629e-08  3.66457472e-06 -9.99999961e-01  3.66457472e-06 -5.04371340e-15  3.67007636e-14 
 3.71535229e+01  3.89911107e-08  3.74993363e-06 -9.99999961e-01  3.74993363e-06 -5.30017600e-15  3.75555216e-14 
 3.80189396e+01  3.89501127e-08  3.83728079e-06 -9.99999961e-01  3.83728079e-06 -5.56876343e-15  3.84302282e-14 
 3.89045145e+01  3.89071822e-08  3.92666254e-06 -9.99999961e-01  3.92666254e-06 -5.85001525e-15  3.93253494e-14 
 3.98107171e+01  3.88622287e-08  4.01812625e-06 -9.99999961e-01  4.01812625e-06 -6.14442457e-15  4.02412476e-14 
 4.07380278e+01  3.88151565e-08  4.11172043e-06 -9.99999961e-01  4.11172043e-06 -6.45285160e-15  4.11785781e-14 
 4.16869383e+01  3.87658664e-08  4.20749469e-06 -9.99999961e-01  4.20749469e-06 -6.77567515e-15  4.21376645e-14 
 4.26579519e+01  3.87142531e-08  4.30549983e-06 -9.99999961e-01  4.30549983e-06 -7.11388932e-15  4.31190091e-14 
 4.36515832e+01  3.86602066e-08  4.40578779e-06 -9.99999961e-01  4.40578779e-06 -7.46785227e-15  4.41233762e-14 
 4.46683592e+01  3.86036132e-08  4.50841176e-06 -9.99999961e-01  4.50841176e-06 -7.83868309e-15  4.51510526e-14 
 4.57088190e+01  3.85443526e-08  4.61342615e-06 -9.99999961e-01  4.61342615e-06 -8.22683195e-15  4.62026417e-14 
 4.67735141e+01  3.84823000e-08  4.72088664e-06 -9.99999962e-01  4.72088664e-06 -8.63336261e-15  4.72786983e-14 
 4.78630092e+01  3.84173220e-08  4.83085021e-06 -9.99999962e-01  4.83085021e-06 -9.05897794e-15  4.83797900e-14 
 4.89778819e+01  3.83492822e-08  4.94337515e-06 -9.99999962e-01  4.94337515e-06 -9.50475716e-15  4.95066379e-14 
 5.01187234e+01  3.82780361e-08  5.05852114e-06 -9.99999962e-01  5.05852114e-06 -9.97142589e-15  5.06596300e-14 
 5.12861384e+01  3.82034318e-08  5.17634922e-06 -9.99999962e-01  5.17634922e-06 -1.04601928e-14  5.18394426e-14 
 5.24807460e+01  3.81253106e-08  5.29692186e-06 -9.99999962e-01  5.29692186e-06 -1.09719653e-14  5.30467725e-14 
 5.37031796e+01  3.80435082e-08  5.42030300e-06 -9.99999962e-01  5.42030300e-06 -1.15078284e-14  5.42821840e-14 
 5.49540874e+01  3.79578510e-08  5.54655806e-06 -9.99999962e-01  5.54655806e-06 -1.20689887e-14  5.55464061e-14 
 5.62341325e+01  3.78681572e-08  5.67575398e-06 -9.99999962e-01  5.67575398e-06 -1.26565429e-14  5.68400293e-14 
 5.75439937e+01  3.77742352e-08  5.80795925e-06 -9.99999962e-01  5.80795925e-06 -1.32717868e-14  5.81638167e-14 
 5.88843655e+01  3.76758867e-08  5.94324398e-06 -9.99999962e-01  5.94324398e-06 -1.39160912e-14  5.95183858e-14 
 6.02559586e+01  3.75729035e-08  6.08167989e-06 -9.99999962e-01  6.08167989e-06 -1.45906513e-14  6.09045355e-14 
 6.16595002e+01  3.74650669e-08  6.22334039e-06 -9.99999963e-01  6.22334039e-06 -1.52970972e-14  6.23228233e-14 
 6.30957344e+01  3.73521475e-08  6.36830058e-06 -9.99999963e-01  6.36830058e-06 -1.60368211e-14  6.37741693e-14 
 6.45654229e+01  3.72339067e-08  6.51663733e-06 -9.99999963e-01  6.51663733e-06 -1.68113916e-14  6.52594344e-14 
 6.60693448e+01  3.71100936e-08  6.66842928e-06 -9.99999963e-01  6.66842928e-06 -1.76224846e-14  6.67791268e-14 
 6.76082975e+01  3.69804447e-08  6.82375692e-06 -9.99999963e-01  6.82375692e-06 -1.84717947e-14  6.83343283e-14 
 6.91830971e+01  3.68446859e-08  6.98270260e-06 -9.99999963e-01  6.98270260e-06 -1.93611365e-14  6.99255700e-14 
 7.07945784e+01  3.67025281e-08  7.14535060e-06 -9.99999963e-01  7.14535060e-06 -2.02923561e-14  7.15540853e-14 
 7.24435960e+01  3.65536715e-08  7.31178715e-06 -9.99999963e-01  7.31178715e-06 -2.12675529e-14  7.32202289e-14 
 7.41310241e+01  3.63977990e-08  7.48210051e-06 -9.99999964e-01  7.48210051e-06 -2.22886174e-14  7.49252839e-14 
 7.58577575e+01  3.62345801e-08  7.65638097e-06 -9.99999964e-01  7.65638097e-06 -2.33578335e-14  7.66700485e-14 
 7.76247117e+01  3.60636691e-08  7.83472094e-06 -9.99999964e-01  7.83472094e-06 -2.44774510e-14  7.84553311e-14 
 7.94328235e+01  3.58847032e-08  8.01721498e-06 -9.99999964e-01  8.01721498e-06 -2.56497253e-14  8.02821785e-14 
 8.12830516e+01  3.56973015e-08  8.20395985e-06 -9.99999964e-01  8.20395985e-06 -2.68773578e-14  8.21515526e-14 
 8.31763771e+01  3.55010691e-08  8.39505456e-06 -9.99999964e-01  8.39505456e-06 -2.81629133e-14  8.40644368e-14 
 8.51138038e+01  3.52955878e-08  8.59060044e-06 -9.99999965e-01  8.59060044e-06 -2.95089435e-14  8.60219590e-14 
 8.70963590e+01  3.50804215e-08  8.79070116e-06 -9.99999965e-01  8.79070116e-06 -3.09184072e-14  8.80247810e-14 
 8.91250938e+01  3.48551157e-08  8.99546281e-06 -9.99999965e-01  8.99546281e-06 -3.23943498e-14  9.00744483e-14 
 9.12010839e+01  3.46191901e-08  9.20499398e-06 -9.99999965e-01  9.20499398e-06 -3.39398696e-14  9.21715301e-14 
 9.33254301e+01  3.43721457e-08  9.41940574e-06 -9.99999966e-01  9.41940574e-06 -3.55581693e-14  9.43177765e-14 
 9.54992586e+01  3.41134579e-08  9.63881180e-06 -9.99999966e-01  9.63881180e-06 -3.72527794e-14  9.65136538e-14 
 9.77237221e+01  3.38425783e-08  9.86332846e-06 -9.99999966e-01  9.86332846e-06 -3.90271913e-14  9.87607119e-14 
 1.00000000e+02  3.35589321e-08  1.00930748e-05 -9.99999966e-01  1.00930748e-05 -4.08852712e-14  1.01059991e-13 
 1.02329299e+02  3.32619170e-08  1.03281726e-05 -9.99999967e-01  1.03281726e-05 -4.28309064e-14  1.03412544e-13 
 1.04712855e+02  3.29509038e-08  1.05687465e-05 -9.99999967e-01  1.05687465e-05 -4.48682193e-14  1.05820038e-13 
 1.07151931e+02  3.26252326e-08  1.08149241e-05 -9.99999967e-01  1.08149241e-05 -4.70015916e-14  1.08283438e-13 
 1.09647820e+02  3.22842121e-08  1.10668359e-05 -9.99999968e-01  1.10668359e-05 -4.92354862e-14  1.10804184e-13 
 1.12201845e+02  3.19271190e-08  1.13246155e-05 -9.99999968e-01  1.13246155e-05 -5.15747306e-14  1.13383595e-13 
 1.14815362e+02  3.15531958e-08  1.15883995e-05 -9.99999968e-01  1.15883995e-05 -5.40241240e-14  1.16022855e-13 
 1.17489755e+02  3.11616487e-08  1.18583278e-05 -9.99999969e-01  1.18583278e-05 -5.65888870e-14  1.18723330e-13 
 1.20226443e+02  3.07516479e-08  1.21345436e-05 -9.99999969e-01  1.21345436e-05 -5.92747055e-14  1.21486934e-13 
 1.23026877e+02  3.03223233e-08  1.24171932e-05 -9.99999970e-01  1.24171932e-05 -6.20870488e-14  1.24314423e-13 
 1.25892541e+02  2.98727641e-08  1.27064266e-05 -9.99999970e-01  1.27064266e-05 -6.50318875e-14  1.27207783e-13 
 1.28824955e+02  2.94020160e-08  1.30023970e-05 -9.99999971e-01  1.30023970e-05 -6.81155081e-14  1.30168343e-13 
 1.31825674e+02  2.89090815e-08  1.33052615e-05 -9.99999971e-01  1.33052615e-05 -7.13445903e-14  1.33197636e-13 
 1.34896288e+02  2.83929135e-08  1.36151806e-05 -9.99999972e-01  1.36151806e-05 -7.47256783e-14  1.36297420e-13 
 1.38038426e+02  2.78524177e-08  1.39323186e-05 -9.99999972e-01  1.39323186e-05 -7.82661346e-14  1.39469110e-13 
 1.41253754e+02  2.72864471e-08  1.42568437e-05 -9.99999973e-01  1.42568437e-05 -8.19735106e-14  1.42714743e-13 
 1.44543977e+02  2.66938011e-08  1.45889279e-05 -9.99999973e-01  1.45889279e-05 -8.58555524e-14  1.46035391e-13 
 1.47910839e+02  2.60732218e-08  1.49287474e-05 -9.99999974e-01  1.49287474e-05 -8.99205957e-14  1.49433165e-13 
 1.51356125e+02  2.54233933e-08  1.52764822e-05 -9.99999975e-01  1.52764822e-05 -9.41772314e-14  1.52910034e-13 
 1.54881662e+02  2.47429362e-08  1.56323168e-05 -9.99999975e-01  1.56323168e-05 -9.86344584e-14  1.56467577e-13 
 1.58489319e+02  2.40304076e-08  1.59964398e-05 -9.99999976e-01  1.59964398e-05 -1.03301729e-13  1.60107391e-13 
 1.62181010e+02  2.32842946e-08  1.63690443e-05 -9.99999977e-01  1.63690443e-05 -1.08188976e-13  1.63831786e-13 
 1.65958691e+02  2.25030153e-08  1.67503278e-05 -9.99999977e-01  1.67503278e-05 -1.13306521e-13  1.67642676e-13 
 1.69824365e+02  2.16849110e-08  1.71404925e-05 -9.99999978e-01  1.71404925e-05 -1.18665316e-13  1.71541771e-13 
 1.73780083e+02  2.08282466e-08  1.75397453e-05 -9.99999979e-01  1.75397453e-05 -1.24276550e-13  1.75531544e-13 
 1.77827941e+02  1.99312034e-08  1.79482979e-05 -9.99999980e-01  1.79482979e-05 -1.30152359e-13  1.79613532e-13 
 1.81970086e+02  1.89918786e-08  1.83663668e-05 -9.99999981e-01  1.83663668e-05 -1.36304995e-13  1.83790311e-13 
 1.86208714e+02  1.80082791e-08  1.87941738e-05 -9.99999982e-01  1.87941738e-05 -1.42747673e-13  1.88063742e-13 
 1.90546072e+02  1.69783176e-08  1.92319456e-05 -9.99999983e-01  1.92319456e-05 -1.49493936e-13  1.92436522e-13 
 1.94984460e+02  1.58998086e-08  1.96799143e-05 -9.99999984e-01  1.96799143e-05 -1.56558177e-13  1.96910042e-13 
 1.99526231e+02  1.47704631e-08  2.01383176e-05 -9.99999985e-01  2.01383176e-05 -1.63955298e-13  2.01487947e-13 
 2.04173794e+02  1.35878847e-08  2.06073983e-05 -9.99999986e-01  2.06073983e-05 -1.71701007e-13  2.06170832e-13 
 2.08929613e+02  1.23495645e-08  2.10874053e-05 -9.99999988e-01  2.10874053e-05 -1.79811875e-13  2.10962770e-13 
 2.13796209e+02  1.10528734e-08  2.15785931e-05 -9.99999989e-01  2.15785931e-05 -1.88304829e-13  2.15865281e-13 
 2.18776162e+02  9.69506078e-09  2.20812220e-05 -9.99999990e-01  2.20812220e-05 -1.97198136e-13  2.20881412e-13 
 2.23872114e+02  8.27324391e-09  2.25955585e-05 -9.99999992e-01  2.25955585e-05 -2.06510578e-13  2.26013348e-13 
 2.29086765e+02  6.78440510e-09  2.31218754e-05 -9.99999993e-01  2.31218754e-05 -2.16261941e-13  2.31263942e-13 
 2.34422882e+02  5.22538586e-09  2.36604517e-05 -9.99999995e-01  2.36604517e-05 -2.26472854e-13  2.36636123e-13 
 2.39883292e+02  3.59287629e-09  2.42115729e-05 -9.99999996e-01  2.42115729e-05 -2.37164900e-13  2.42132205e-13 
 2.45470892e+02  1.88341116e-09  2.47755314e-05 -9.99999998e-01  2.47755314e-05 -2.48360879e-13  2.47754512e-13 
 2.51188643e+02  9.33627146e-11  2.53526260e-05 -1.00000000e+00  2.53526260e-05 -2.60084629e-13  2.53507181e-13 
 2.57039578e+02 -1.78106935e-09  2.59431627e-05 -1.00000000e+00  2.59431627e-05 -2.72360781e-13  2.59392309e-13 
 2.63026799e+02 -3.74386252e-09  2.65474547e-05 -1.00000000e+00  2.65474547e-05 -2.85215484e-13  2.65413101e-13 
 2.69153480e+02 -5.79918457e-09  2.71658223e-05 -1.00000001e+00  2.71658223e-05 -2.98676073e-13  2.71572839e-13 
 2.75422870e+02 -7.95139789e-09  2.77985934e-05 -1.00000001e+00  2.77985934e-05 -3.12770927e-13  2.77874880e-13 
 2.81838293e+02 -1.02050721e-08  2.84461034e-05 -1.00000001e+00  2.84461034e-05 -3.27530166e-13  2.84321042e-13 
 2.88403150e+02 -1.25649909e-08  2.91086958e-05 -1.00000001e+00  2.91086958e-05 -3.42984966e-13  2.90915968e-13 
 2.95120923e+02 -1.50361655e-08  2.97867217e-05 -1.00000002e+00  2.97867217e-05 -3.59168137e-13  2.97662795e-13 
 3.01995172e+02 -1.76238408e-08  3.04805407e-05 -1.00000002e+00  3.04805407e-05 -3.76113892e-13  3.04563834e-13 
 3.09029543e+02 -2.03335131e-08  3.11905207e-05 -1.00000002e+00  3.11905207e-05 -3.93858395e-13  3.11624011e-13 
 3.16227766e+02 -2.31709344e-08  3.19170380e-05 -1.00000002e+00  3.19170380e-05 -4.12439035e-13  3.18846182e-13 
 3.23593657e+02 -2.61421303e-08  3.26604778e-05 -1.00000003e+00  3.26604778e-05 -4.31895515e-13  3.26233660e-13 
 3.31131121e+02 -2.92534102e-08  3.34212343e-05 -1.00000003e+00  3.34212343e-05 -4.52268881e-13  3.33790263e-13 
 3.38844156e+02 -3.25113800e-08  3.41997108e-05 -1.00000003e+00  3.41997108e-05 -4.73602353e-13  3.41519880e-13 
 3.46736850e+02 -3.59229608e-08  3.49963201e-05 -1.00000004e+00  3.49963201e-05 -4.95941266e-13  3.49426972e-13 
 3.54813389e+02 -3.94953963e-08  3.58114846e-05 -1.00000004e+00  3.58114846e-05 -5.19333057e-13  3.57514588e-13 
 3.63078055e+02 -4.32362754e-08  3.66456363e-05 -1.00000004e+00  3.66456363e-05 -5.43827132e-13  3.65785751e-13 
 3.71535229e+02 -4.71535424e-08  3.74992176e-05 -1.00000005e+00  3.74992176e-05 -5.69475625e-13  3.74247185e-13 
 3.80189396e+02 -5.12555199e-08  3.83726810e-05 -1.00000005e+00  3.83726810e-05 -5.96332957e-13  3.82901014e-13 
 3.89045145e+02 -5.55509206e-08  3.92664896e-05 -1.00000006e+00  3.92664896e-05 -6.24455944e-13  3.91750898e-13 
 3.98107171e+02 -6.00488693e-08  4.01811172e-05 -1.00000006e+00  4.01811172e-05 -6.53904374e-13  4.00802787e-13 
 4.07380278e+02 -6.47589233e-08  4.11170489e-05 -1.00000006e+00  4.11170489e-05 -6.84740611e-13  4.10059918e-13 
 4.16869383e+02 -6.96910897e-08  4.20747807e-05 -1.00000007e+00  4.20747807e-05 -7.17030074e-13  4.19527864e-13 
 4.26579519e+02 -7.48558478e-08  4.30548205e-05 -1.00000007e+00  4.30548205e-05 -7.50841290e-13  4.29209907e-13 
 4.36515832e+02 -8.02641737e-08  4.40576878e-05 -1.00000008e+00  4.40576878e-05 -7.86245983e-13  4.39110509e-13 
 4.46683592e+02 -8.59275596e-08  4.50839144e-05 -1.00000009e+00  4.50839144e-05 -8.23319313e-13  4.49236089e-13 
 4.57088190e+02 -9.18580425e-08  4.61340442e-05 -1.00000009e+00  4.61340442e-05 -8.62139832e-13  4.59588682e-13 
 4.67735141e+02 -9.80682270e-08  4.72086341e-05 -1.00000010e+00  4.72086341e-05 -9.02789771e-13  4.70175474e-13 
 4.78630092e+02 -1.04571314e-07  4.83082537e-05 -1.00000010e+00  4.83082537e-05 -9.45355593e-13  4.80999787e-13 
 4.89778819e+02 -1.11381127e-07  4.94334860e-05 -1.00000011e+00  4.94334860e-05 -9.89927398e-13  4.92068342e-13 
 5.01187234e+02 -1.18512144e-07  5.05849276e-05 -1.00000012e+00  5.05849276e-05 -1.03659979e-12  5.03383017e-13 
 5.12861384e+02 -1.25979526e-07  5.17631889e-05 -1.00000013e+00  5.17631889e-05 -1.08547176e-12  5.14952033e-13 
 5.24807460e+02 -1.33799152e-07  5.29688946e-05 -1.00000013e+00  5.29688946e-05 -1.13664701e-12  5.26779410e-13 
 5.37031796e+02 -1.41987649e-07  5.42026839e-05 -1.00000014e+00  5.42026839e-05 -1.19023400e-12  5.38869836e-13 
 5.49540874e+02 -1.50562433e-07  5.54652109e-05 -1.00000015e+00  5.54652109e-05 -1.24634653e-12  5.51228736e-13 
 5.62341325e+02 -1.59541740e-07  5.67571449e-05 -1.00000016e+00  5.67571449e-05 -1.30510347e-12  5.63861549e-13 
 5.75439937e+02 -1.68944672e-07  5.80791708e-05 -1.00000017e+00  5.80791708e-05 -1.36662955e-12  5.76775357e-13 
 5.88843655e+02 -1.78791231e-07  5.94319895e-05 -1.00000018e+00  5.94319895e-05 -1.43105522e-12  5.89973157e-13 
 6.02559586e+02 -1.89102366e-07  6.08163181e-05 -1.00000019e+00  6.08163181e-05 -1.49851715e-12  6.03460272e-13 
 6.16595002e+02 -1.99900014e-07  6.22328907e-05 -1.00000020e+00  6.22328907e-05 -1.56915833e-12  6.17245509e-13 
 6.30957344e+02 -2.11207155e-07  6.36824581e-05 -1.00000021e+00  6.36824581e-05 -1.64312880e-12  6.31331593e-13 
 6.45654229e+02 -2.23047851e-07  6.51657888e-05 -1.00000022e+00  6.51657888e-05 -1.72058524e-12  6.45724613e-13 
 6.60693448e+02 -2.35447303e-07  6.66836692e-05 -1.00000024e+00  6.66836692e-05 -1.80169210e-12  6.60430628e-13 
 6.76082975e+02 -2.48431907e-07  6.82369040e-05 -1.00000025e+00  6.82369040e-05 -1.88662139e-12  6.75455641e-13 
 6.91830971e+02 -2.62029303e-07  6.98263166e-05 -1.00000026e+00  6.98263166e-05 -1.97555313e-12  6.90804585e-13 
 7.07945784e+02 -2.76268442e-07  7.14527495e-05 -1.00000028e+00  7.14527495e-05 -2.06867619e-12  7.06483210e-13 
 7.24435960e+02 -2.91179642e-07  7.31170651e-05 -1.00000029e+00  7.31170651e-05 -2.16618780e-12  7.22497128e-13 
 7.41310241e+02 -3.06794658e-07  7.48201456e-05 -1.00000031e+00  7.48201456e-05 -2.26829489e-12  7.38852845e-13 
 7.58577575e+02 -3.23146746e-07  7.65628938e-05 -1.00000032e+00  7.65628938e-05 -2.37521420e-12  7.55556756e-13 
 7.76247117e+02 -3.40270735e-07  7.83462336e-05 -1.00000034e+00  7.83462336e-05 -2.48717226e-12  7.72614003e-13 
 7.94328235e+02 -3.58203105e-07  8.01711105e-05 -1.00000036e+00  8.01711105e-05 -2.60440666e-12  7.90027165e-13 
 8.12830516e+02 -3.76982058e-07  8.20384918e-05 -1.00000038e+00  8.20384918e-05 -2.72716607e-12  8.07805273e-13 
 8.31763771e+02 -3.96647607e-07  8.39493674e-05 -1.00000040e+00  8.39493674e-05 -2.85571093e-12  8.25952627e-13 
 8.51138038e+02 -4.17241657e-07  8.59047503e-05 -1.00000042e+00  8.59047503e-05 -2.99031374e-12  8.44475539e-13 
 8.70963590e+02 -4.38808098e-07  8.79056772e-05 -1.00000044e+00  8.79056772e-05 -3.13126003e-12  8.63377551e-13 
 8.91250938e+02 -4.61392894e-07  8.99532087e-05 -1.00000046e+00  8.99532087e-05 -3.27884892e-12  8.82666762e-13 
 9.12010839e+02 -4.85044186e-07  9.20484303e-05 -1.00000049e+00  9.20484303e-05 -3.43339314e-12  9.02345885e-13 
 9.33254301e+02 -5.09812394e-07  9.41924526e-05 -1.00000051e+00  9.41924526e-05 -3.59522082e-12  9.22419615e-13 
 9.54992586e+02 -5.35750323e-07  9.63864123e-05 -1.00000054e+00  9.63864123e-05 -3.76467482e-12  9.42892112e-13 
 9.77237221e+02 -5.62913278e-07  9.86314724e-05 -1.00000056e+00  9.86314724e-05 -3.94211493e-12  9.63769726e-13 
 1.00000000e+03 -5.91359179e-07  1.00928823e-04 -1.00000059e+00  1.00928823e-04 -4.12791737e-12  9.85056929e-13 
 1.02329299e+03 -6.21148688e-07  1.03279682e-04 -1.00000062e+00  1.03279682e-04 -4.32247623e-12  1.00675607e-12 
 1.04712855e+03 -6.52345340e-07  1.05685296e-04 -1.00000065e+00  1.05685296e-04 -4.52620401e-12  1.02887159e-12 
 1.07151931e+03 -6.85015673e-07  1.08146939e-04 -1.00000069e+00  1.08146939e-04 -4.73953301e-12  1.05140723e-12 
 1.09647820e+03 -7.19229376e-07  1.10665918e-04 -1.00000072e+00  1.10665918e-04 -4.96291584e-12  1.07436587e-12 
 1.12201845e+03 -7.55059432e-07  1.13243566e-04 -1.00000076e+00  1.13243566e-04 -5.19682590e-12  1.09774943e-12 
 1.14815362e+03 -7.92582280e-07  1.15881251e-04 -1.00000079e+00  1.15881251e-04 -5.44175958e-12  1.12155543e-12 
 1.17489755e+03 -8.31877974e-07  1.18580371e-04 -1.00000083e+00  1.18580371e-04 -5.69823644e-12  1.14579503e-12 
 1.20226443e+03 -8.73030356e-07  1.21342357e-04 -1.00000087e+00  1.21342357e-04 -5.96680037e-12  1.17046181e-12 
 1.23026877e+03 -9.16127232e-07  1.24168673e-04 -1.00000092e+00  1.24168673e-04 -6.24802091e-12  1.19555791e-12 
 1.25892541e+03 -9.61260564e-07  1.27060817e-04 -1.00000096e+00  1.27060817e-04 -6.54249460e-12  1.22108422e-12 
 1.28824955e+03 -1.00852666e-06  1.30020322e-04 -1.00000101e+00  1.30020322e-04 -6.85084620e-12  1.24704017e-12 
 1.31825674e+03 -1.05802639e-06  1.33048758e-04 -1.00000106e+00  1.33048758e-04 -7.17372955e-12  1.27342166e-12 
 1.34896288e+03 -1.10986538e-06  1.36147729e-04 -1.00000111e+00  1.36147729e-04 -7.51182936e-12  1.30022449e-12 
 1.38038426e+03 -1.16415427e-06  1.39318880e-04 -1.00000116e+00  1.39318880e-04 -7.86586305e-12  1.32744634e-12 
 1.41253754e+03 -1.22100891e-06  1.42563890e-04 -1.00000122e+00  1.42563890e-04 -8.23658142e-12  1.35508895e-12 
 1.44543977e+03 -1.28055065e-06  1.45884480e-04 -1.00000128e+00  1.45884480e-04 -8.62477070e-12  1.38313581e-12 
 1.47910839e+03 -1.34290656e-06  1.49282411e-04 -1.00000134e+00  1.49282411e-04 -9.03125427e-12  1.41158387e-12 
 1.51356125e+03 -1.40820972e-06  1.52759483e-04 -1.00000141e+00  1.52759483e-04 -9.45689434e-12  1.44042782e-12 
 1.54881662e+03 -1.47659952e-06  1.56317541e-04 -1.00000148e+00  1.56317541e-04 -9.90259367e-12  1.46965089e-12 
 1.58489319e+03 -1.54822191e-06  1.59958471e-04 -1.00000155e+00  1.59958471e-04 -1.03692976e-11  1.49924617e-12 
 1.62181010e+03 -1.62322977e-06  1.63684202e-04 -1.00000162e+00  1.63684202e-04 -1.08579961e-11  1.52919689e-12 
 1.65958691e+03 -1.70178318e-06  1.67496711e-04 -1.00000170e+00  1.67496711e-04 -1.13697255e-11  1.55948947e-12 
 1.69824365e+03 -1.78404980e-06  1.71398017e-04 -1.00000178e+00  1.71398017e-04 -1.19055714e-11  1.59010659e-12 
 1.73780083e+03 -1.87020522e-06  1.75390191e-04 -1.00000187e+00  1.75390191e-04 -1.24666704e-11  1.62102923e-12 
 1.77827941e+03 -1.96043332e-06  1.79475348e-04 -1.00000196e+00  1.79475348e-04 -1.30542123e-11  1.65223388e-12 
 1.81970086e+03 -2.05492669e-06  1.83655654e-04 -1.00000205e+00  1.83655654e-04 -1.36694438e-11  1.68369726e-12 
 1.86208714e+03 -2.15388702e-06  1.87933325e-04 -1.00000215e+00  1.87933325e-04 -1.43136693e-11  1.71538558e-12 
 1.90546072e+03 -2.25752552e-06  1.92310630e-04 -1.00000226e+00  1.92310630e-04 -1.49882555e-11  1.74727249e-12 
 1.94984460e+03 -2.36606341e-06  1.96789889e-04 -1.00000237e+00  1.96789889e-04 -1.56946333e-11  1.77932596e-12 
 1.99526231e+03 -2.47973237e-06  2.01373477e-04 -1.00000248e+00  2.01373477e-04 -1.64343008e-11  1.81151045e-12 
 2.04173794e+03 -2.59877502e-06  2.06063824e-04 -1.00000260e+00  2.06063824e-04 -1.72088270e-11  1.84377472e-12 
 2.08929613e+03 -2.72344549e-06  2.10863418e-04 -1.00000272e+00  2.10863418e-04 -1.80198548e-11  1.87608002e-12 
 2.13796209e+03 -2.85400990e-06  2.15774803e-04 -1.00000285e+00  2.15774803e-04 -1.88691042e-11  1.90838009e-12 
 2.18776162e+03 -2.99074700e-06  2.20800582e-04 -1.00000299e+00  2.20800582e-04 -1.97583766e-11  1.94060453e-12 
 2.23872114e+03 -3.13394871e-06  2.25943422e-04 -1.00000313e+00  2.25943422e-04 -2.06895584e-11  1.97271380e-12 
 2.29086765e+03 -3.28392078e-06  2.31206049e-04 -1.00000328e+00  2.31206049e-04 -2.16646245e-11  2.00463058e-12 
 2.34422882e+03 -3.44098343e-06  2.36591252e-04 -1.00000344e+00  2.36591252e-04 -2.26856433e-11  2.03628573e-12 
 2.39883292e+03 -3.60547207e-06  2.42101888e-04 -1.00000361e+00  2.42101888e-04 -2.37547803e-11  2.06760207e-12 
 2.45470892e+03 -3.77773798e-06  2.47740879e-04 -1.00000378e+00  2.47740879e-04 -2.48743034e-11  2.09848994e-12 
 2.51188643e+03 -3.95814912e-06  2.53511215e-04 -1.00000396e+00  2.53511215e-04 -2.60465870e-11  2.12885655e-12 
 2.57039578e+03 -4.14709086e-06  2.59415955e-04 -1.00000415e+00  2.59415955e-04 -2.72741179e-11  2.15860566e-12 
 2.63026799e+03 -4.34496687e-06  2.65458231e-04 -1.00000434e+00  2.65458231e-04 -2.85594998e-11  2.18762964e-12 
 2.69153480e+03 -4.55219997e-06  2.71641247e-04 -1.00000455e+00  2.71641247e-04 -2.99054590e-11  2.21580046e-12 
 2.75422870e+03 -4.76923304e-06  2.77968281e-04 -1.00000477e+00  2.77968281e-04 -3.13148507e-11  2.24299887e-12 
 2.81838293e+03 -4.99652999e-06  2.84442688e-04 -1.00000500e+00  2.84442688e-04 -3.27906643e-11  2.26908324e-12 
 2.88403150e+03 -5.23457677e-06  2.91067903e-04 -1.00000523e+00  2.91067903e-04 -3.43360303e-11  2.29389515e-12 
 2.95120923e+03 -5.48388241e-06  2.97847438e-04 -1.00000548e+00  2.97847438e-04 -3.59542265e-11  2.31727023e-12 
 3.01995172e+03 -5.74498013e-06  3.04784889e-04 -1.00000574e+00  3.04784889e-04 -3.76486856e-11  2.33903756e-12 
 3.09029543e+03 -6.01842854e-06  3.11883935e-04 -1.00000602e+00  3.11883935e-04 -3.94230018e-11  2.35900564e-12 
 3.16227766e+03 -6.30481279e-06  3.19148341e-04 -1.00000630e+00  3.19148341e-04 -4.12809389e-11  2.37696913e-12 
 3.23593657e+03 -6.60474589e-06  3.26581960e-04 -1.00000660e+00  3.26581960e-04 -4.32264379e-11  2.39269800e-12 
 3.31131121e+03 -6.91887005e-06  3.34188735e-04 -1.00000692e+00  3.34188735e-04 -4.52636255e-11  2.40594426e-12 
 3.38844156e+03 -7.24785806e-06  3.41972700e-04 -1.00000725e+00  3.41972700e-04 -4.73968234e-11  2.41645457e-12 
 3.46736850e+03 -7.59241480e-06  3.49937984e-04 -1.00000759e+00  3.49937984e-04 -4.96305563e-11  2.42393990e-12 
 3.54813389e+03 -7.95327873e-06  3.58088813e-04 -1.00000795e+00  3.58088813e-04 -5.19695634e-11  2.42811219e-12 
 3.63078055e+03 -8.33122357e-06  3.66429510e-04 -1.00000833e+00  3.66429510e-04 -5.44188057e-11  2.42862732e-12 
 3.71535229e+03 -8.72705996e-06  3.74964500e-04 -1.00000873e+00  3.74964500e-04 -5.69834789e-11  2.42512663e-12 
 3.80189396e+03 -9.14163724e-06  3.83698311e-04 -1.00000914e+00  3.83698311e-04 -5.96690242e-11  2.41724637e-12 
 3.89045145e+03 -9.57584537e-06  3.92635578e-04 -1.00000958e+00  3.92635578e-04 -6.24811380e-11  2.40455035e-12 
 3.98107171e+03 -1.00306168e-05  4.01781042e-04 -1.00001003e+00  4.01781042e-04 -6.54257867e-11  2.38661868e-12 
 4.07380278e+03 -1.05069287e-05  4.11139557e-04 -1.00001051e+00  4.11139557e-04 -6.85092170e-11  2.36296239e-12 
 4.16869383e+03 -1.10058048e-05  4.20716089e-04 -1.00001101e+00  4.20716089e-04 -7.17379703e-11  2.33306926e-12 
 4.26579519e+03 -1.15283181e-05  4.30515721e-04 -1.00001153e+00  4.30515721e-04 -7.51188965e-11  2.29637092e-12 
 4.36515832e+03 -1.20755929e-05  4.40543654e-04 -1.00001208e+00  4.40543654e-04 -7.86591693e-11  2.25230540e-12 
 4.46683592e+03 -1.26488073e-05  4.50805213e-04 -1.00001265e+00  4.50805213e-04 -8.23662987e-11  2.20019017e-12 
 4.57088190e+03 -1.32491960e-05  4.61305846e-04 -1.00001325e+00  4.61305846e-04 -8.62481509e-11  2.13935248e-12 
 4.67735141e+03 -1.38780532e-05  4.72051128e-04 -1.00001388e+00  4.72051128e-04 -9.03129625e-11  2.06906402e-12 
 4.78630092e+03 -1.45367348e-05  4.83046767e-04 -1.00001454e+00  4.83046767e-04 -9.45693581e-11  1.98850728e-12 
 4.89778819e+03 -1.52266622e-05  4.94298602e-04 -1.00001523e+00  4.94298602e-04 -9.90263692e-11  1.89682178e-12 
 5.01187234e+03 -1.59493250e-05  5.05812613e-04 -1.00001595e+00  5.05812613e-04 -1.03693454e-10  1.79308524e-12 
 5.12861384e+03 -1.67062845e-05  5.17594917e-04 -1.00001671e+00  5.17594917e-04 -1.08580515e-10  1.67629959e-12 
 5.24807460e+03 -1.74991773e-05  5.29651777e-04 -1.00001750e+00  5.29651777e-04 -1.13697925e-10  1.54540526e-12 
 5.37031796e+03 -1.83297186e-05  5.41989603e-04 -1.00001833e+00  5.41989603e-04 -1.19056545e-10  1.39925163e-12 
 5.49540874e+03 -1.91997065e-05  5.54614955e-04 -1.00001920e+00  5.54614955e-04 -1.24667746e-10  1.23660278e-12 
 5.62341325e+03 -2.01110257e-05  5.67534549e-04 -1.00002011e+00  5.67534549e-04 -1.30543439e-10  1.05612025e-12 
 5.75439937e+03 -2.10656518e-05  5.80755260e-04 -1.00002107e+00  5.80755260e-04 -1.36696097e-10  8.56384980e-13 
 5.88843655e+03 -2.20656559e-05  5.94284123e-04 -1.00002207e+00  5.94284123e-04 -1.43138778e-10  6.35846592e-13 
 6.02559586e+03 -2.31132092e-05  6.08128343e-04 -1.00002311e+00  6.08128343e-04 -1.49885163e-10  3.92886820e-13 
 6.16595002e+03 -2.42105878e-05  6.22295294e-04 -1.00002421e+00  6.22295294e-04 -1.56949572e-10  1.25697801e-13 
 6.30957344e+03 -2.53601778e-05  6.36792525e-04 -1.00002536e+00  6.36792525e-04 -1.64347007e-10 -1.67585208e-13 
 6.45654229e+03 -2.65644810e-05  6.51627765e-04 -1.00002656e+00  6.51627765e-04 -1.72093177e-10 -4.89018649e-13 
 6.60693448e+03 -2.78261201e-05  6.66808927e-04 -1.00002783e+00  6.66808927e-04 -1.80204532e-10 -8.40805505e-13 
 6.76082975e+03 -2.91478451e-05  6.82344112e-04 -1.00002915e+00  6.82344112e-04 -1.88698299e-10 -1.22531082e-12 
 6.91830971e+03 -3.05325391e-05  6.98241616e-04 -1.00003053e+00  6.98241616e-04 -1.97592522e-10 -1.64505911e-12 
 7.07945784e+03 -3.19832250e-05  7.14509934e-04 -1.00003198e+00  7.14509934e-04 -2.06906097e-10 -2.10278160e-12 
 7.24435960e+03 -3.35030725e-05  7.31157764e-04 -1.00003350e+00  7.31157764e-04 -2.16658813e-10 -2.60137616e-12 
 7.41310241e+03 -3.50954050e-05  7.48194014e-04 -1.00003510e+00  7.48194014e-04 -2.26871397e-10 -3.14399896e-12 
 7.58577575e+03 -3.67637074e-05  7.65627805e-04 -1.00003676e+00  7.65627805e-04 -2.37565553e-10 -3.73402728e-12 
 7.76247117e+03 -3.85116336e-05  7.83468483e-04 -1.00003851e+00  7.83468483e-04 -2.48764018e-10 -4.37508266e-12 
 7.94328235e+03 -4.03430153e-05  8.01725615e-04 -1.00004034e+00  8.01725615e-04 -2.60490602e-10 -5.07101110e-12 
 8.12830516e+03 -4.22618701e-05  8.20409007e-04 -1.00004226e+00  8.20409007e-04 -2.72770243e-10 -5.82604629e-12 
 8.31763771e+03 -4.42724112e-05  8.39528699e-04 -1.00004427e+00  8.39528699e-04 -2.85629064e-10 -6.64462514e-12 
 8.51138038e+03 -4.63790563e-05  8.59094980e-04 -1.00004638e+00  8.59094980e-04 -2.99094422e-10 -7.53159086e-12 
 8.70963590e+03 -4.85864381e-05  8.79118391e-04 -1.00004859e+00  8.79118391e-04 -3.13194977e-10 -8.49208695e-12 
 8.91250938e+03 -5.08994146e-05  8.99609733e-04 -1.00005090e+00  8.99609733e-04 -3.27960745e-10 -9.53165185e-12 
 9.12010839e+03 -5.33230798e-05  9.20580075e-04 -1.00005332e+00  9.20580075e-04 -3.43423170e-10 -1.06562607e-11 
 9.33254301e+03 -5.58627755e-05  9.42040759e-04 -1.00005586e+00  9.42040759e-04 -3.59615187e-10 -1.18723047e-11 
 9.54992586e+03 -5.85241036e-05  9.64003413e-04 -1.00005852e+00  9.64003413e-04 -3.76571300e-10 -1.31866340e-11 
 9.77237221e+03 -6.13129378e-05  9.86479954e-04 -1.00006131e+00  9.86479954e-04 -3.94327653e-10 -1.46066196e-11 
 1.00000000e+04 -6.42354378e-05  1.00948260e-03 -1.00006424e+00  1.00948260e-03 -4.12922110e-10 -1.61401797e-11 
 1.02329299e+04 -6.72980625e-05  1.03302388e-03 -1.00006730e+00  1.03302388e-03 -4.32394336e-10 -1.77958065e-11 
 1.04712855e+04 -7.05075848e-05  1.05711664e-03 -1.00007051e+00  1.05711664e-03 -4.52785895e-10 -1.95825665e-11 
 1.07151931e+04 -7.38711066e-05  1.08177406e-03 -1.00007387e+00  1.08177406e-03 -4.74140325e-10 -2.15102817e-11 
 1.09647820e+04 -7.73960747e-05  1.10700964e-03 -1.00007740e+00  1.10700964e-03 -4.96503244e-10 -2.35894682e-11 
 1.12201845e+04 -8.10902977e-05  1.13283725e-03 -1.00008109e+00  1.13283725e-03 -5.19922454e-10 -2.58313426e-11 
 1.14815362e+04 -8.49619630e-05  1.15927111e-03 -1.00008496e+00  1.15927111e-03 -5.44448038e-10 -2.82480579e-11 
 1.17489755e+04 -8.90196553e-05  1.18632582e-03 -1.00008902e+00  1.18632582e-03 -5.70132482e-10 -3.08525323e-11 
 1.20226443e+04 -9.32723758e-05  1.21401635e-03 -1.00009327e+00  1.21401635e-03 -5.97030778e-10 -3.36587840e-11 
 1.23026877e+04 -9.77295619e-05  1.24235807e-03 -1.00009773e+00  1.24235807e-03 -6.25200569e-10 -3.66816585e-11 
 1.25892541e+04 -1.02401108e-04  1.27136677e-03 -1.00010240e+00  1.27136677e-03 -6.54702252e-10 -3.99372710e-11 
 1.28824955e+04 -1.07297389e-04  1.30105866e-03 -1.00010730e+00  1.30105866e-03 -6.85599135e-10 -4.34428245e-11 
 1.31825674e+04 -1.12429282e-04  1.33145038e-03 -1.00011243e+00  1.33145038e-03 -7.17957569e-10 -4.72168138e-11 
 1.34896288e+04 -1.17808188e-04  1.36255902e-03 -1.00011781e+00  1.36255902e-03 -7.51847103e-10 -5.12790796e-11 
 1.38038426e+04 -1.23446062e-04  1.39440214e-03 -1.00012345e+00  1.39440214e-03 -7.87340645e-10 -5.56508653e-11 
 1.41253754e+04 -1.29355438e-04  1.42699780e-03 -1.00012936e+00  1.42699780e-03 -8.24514618e-10 -6.03550592e-11 
 1.44543977e+04 -1.35549454e-04  1.46036454e-03 -1.00013555e+00  1.46036454e-03 -8.63449152e-10 -6.54160923e-11 
 1.47910839e+04 -1.42041884e-04  1.49452142e-03 -1.00014204e+00  1.49452142e-03 -9.04228243e-10 -7.08603667e-11 
 1.51356125e+04 -1.48847167e-04  1.52948804e-03 -1.00014885e+00  1.52948804e-03 -9.46939974e-10 -7.67160656e-11 
 1.54881662e+04 -1.55980440e-04  1.56528457e-03 -1.00015598e+00  1.56528457e-03 -9.91676709e-10 -8.30134393e-11 
 1.58489319e+04 -1.63457572e-04  1.60193174e-03 -1.00016346e+00  1.60193174e-03 -1.03853530e-09 -8.97850114e-11 
 1.62181010e+04 -1.71295198e-04  1.63945089e-03 -1.00017130e+00  1.63945089e-03 -1.08761732e-09 -9.70656663e-11 
 1.65958691e+04 -1.79510757e-04  1.67786396e-03 -1.00017951e+00  1.67786396e-03 -1.13902932e-09 -1.04892739e-10 
 1.69824365e+04 -1.88122532e-04  1.71719356e-03 -1.00018812e+00  1.71719356e-03 -1.19288304e-09 -1.13306427e-10 
 1.73780083e+04 -1.97149687e-04  1.75746295e-03 -1.00019715e+00  1.75746295e-03 -1.24929570e-09 -1.22349799e-10 
 1.77827941e+04 -2.06612315e-04  1.79869610e-03 -1.00020661e+00  1.79869610e-03 -1.30839030e-09 -1.32069075e-10 
 1.81970086e+04 -2.16531482e-04  1.84091768e-03 -1.00021653e+00  1.84091768e-03 -1.37029586e-09 -1.42513831e-10 
 1.86208714e+04 -2.26929271e-04  1.88415314e-03 -1.00022693e+00  1.88415314e-03 -1.43514780e-09 -1.53737273e-10 
 1.90546072e+04 -2.37828839e-04  1.92842868e-03 -1.00023783e+00  1.92842868e-03 -1.50308820e-09 -1.65796475e-10 
 1.94984460e+04 -2.49254462e-04  1.97377133e-03 -1.00024925e+00  1.97377133e-03 -1.57426621e-09 -1.78752674e-10 
 1.99526231e+04 -2.61231598e-04  2.02020897e-03 -1.00026123e+00  2.02020897e-03 -1.64883835e-09 -1.92671670e-10 
 2.04173794e+04 -2.73786940e-04  2.06777035e-03 -1.00027379e+00  2.06777035e-03 -1.72696897e-09 -2.07623938e-10 
 2.08929613e+04 -2.86948482e-04  2.11648515e-03 -1.00028695e+00  2.11648515e-03 -1.80883061e-09 -2.23685138e-10 
 2.13796209e+04 -3.00745581e-04  2.16638401e-03 -1.00030075e+00  2.16638401e-03 -1.89460443e-09 -2.40936515e-10 
 2.18776162e+04 -3.15209027e-04  2.21749855e-03 -1.00031521e+00  2.21749855e-03 -1.98448072e-09 -2.59465143e-10 
 2.23872114e+04 -3.30371117e-04  2.26986147e-03 -1.00033037e+00  2.26986147e-03 -2.07865931e-09 -2.79364640e-10 
 2.29086765e+04 -3.46265728e-04  2.32350653e-03 -1.00034627e+00  2.32350653e-03 -2.17735018e-09 -3.00735183e-10 
 2.34422882e+04 -3.62928401e-04  2.37846868e-03 -1.00036293e+00  2.37846868e-03 -2.28077388e-09 -3.23684631e-10 
 2.39883292e+04 -3.80396424e-04  2.43478403e-03 -1.00038040e+00  2.43478403e-03 -2.38916222e-09 -3.48328548e-10 
 2.45470892e+04 -3.98708924e-04  2.49248996e-03 -1.00039871e+00  2.49248996e-03 -2.50275885e-09 -3.74790845e-10 
 2.51188643e+04 -4.17906960e-04  2.55162517e-03 -1.00041791e+00  2.55162517e-03 -2.62181985e-09 -4.03204833e-10 
 2.57039578e+04 -4.38033625e-04  2.61222975e-03 -1.00043803e+00  2.61222975e-03 -2.74661453e-09 -4.33713310e-10 
 2.63026799e+04 -4.59134149e-04  2.67434524e-03 -1.00045913e+00  2.67434524e-03 -2.87742606e-09 -4.66469725e-10 
 2.69153480e+04 -4.81256017e-04  2.73801470e-03 -1.00048126e+00  2.73801470e-03 -3.01455233e-09 -5.01638674e-10 
 2.75422870e+04 -5.04449082e-04  2.80328283e-03 -1.00050445e+00  2.80328283e-03 -3.15830672e-09 -5.39397061e-10 
 2.81838293e+04 -5.28765691e-04  2.87019600e-03 -1.00052877e+00  2.87019600e-03 -3.30901902e-09 -5.79934630e-10 
 2.88403150e+04 -5.54260823e-04  2.93880238e-03 -1.00055426e+00  2.93880238e-03 -3.46703637e-09 -6.23455226e-10 
 2.95120923e+04 -5.80992220e-04  3.00915203e-03 -1.00058099e+00  3.00915203e-03 -3.63272429e-09 -6.70177612e-10 
 3.01995172e+04 -6.09020543e-04  3.08129703e-03 -1.00060902e+00  3.08129703e-03 -3.80646769e-09 -7.20336816e-10 
 3.09029543e+04 -6.38409527e-04  3.15529155e-03 -1.00063841e+00  3.15529155e-03 -3.98867210e-09 -7.74185142e-10 
 3.16227766e+04 -6.69226144e-04  3.23119200e-03 -1.00066923e+00  3.23119200e-03 -4.17976482e-09 -8.31993799e-10 
 3.23593657e+04 -7.01540783e-04  3.30905719e-03 -1.00070154e+00  3.30905719e-03 -4.38019633e-09 -8.94053721e-10 
 3.31131121e+04 -7.35427434e-04  3.38894843e-03 -1.00073543e+00  3.38894843e-03 -4.59044158e-09 -9.60677906e-10 
 3.38844156e+04 -7.70963885e-04  3.47092973e-03 -1.00077096e+00  3.47092973e-03 -4.81100168e-09 -1.03220206e-09 
 3.46736850e+04 -8.08231934e-04  3.55506794e-03 -1.00080823e+00  3.55506794e-03 -5.04240532e-09 -1.10898742e-09 
 3.54813389e+04 -8.47317604e-04  3.64143295e-03 -1.00084732e+00  3.64143295e-03 -5.28521066e-09 -1.19142189e-09 
 3.63078055e+04 -8.88311384e-04  3.73009790e-03 -1.00088831e+00  3.73009790e-03 -5.54000719e-09 -1.27992232e-09 
 3.71535229e+04 -9.31308475e-04  3.82113937e-03 -1.00093131e+00  3.82113937e-03 -5.80741775e-09 -1.37493664e-09 
 3.80189396e+04 -9.76409050e-04  3.91463767e-03 -1.00097641e+00  3.91463767e-03 -6.08810064e-09 -1.47694673e-09 
 3.89045145e+04 -1.02371854e-03  4.01067703e-03 -1.00102372e+00  4.01067703e-03 -6.38275213e-09 -1.58647018e-09 
 3.98107171e+04 -1.07334792e-03  4.10934595e-03 -1.00107335e+00  4.10934595e-03 -6.69210893e-09 -1.70406360e-09 
 4.07380278e+04 -1.12541404e-03  4.21073747e-03 -1.00112541e+00  4.21073747e-03 -7.01695091e-09 -1.83032573e-09 
 4.16869383e+04 -1.18003992e-03  4.31494951e-03 -1.00118004e+00  4.31494951e-03 -7.35810430e-09 -1.96589998e-09 
 4.26579519e+04 -1.23735516e-03  4.42208524e-03 -1.00123736e+00  4.42208524e-03 -7.71644464e-09 -2.11147890e-09 
 4.36515832e+04 -1.29749626e-03  4.53225349e-03 -1.00129750e+00  4.53225349e-03 -8.09290060e-09 -2.26780717e-09 
 4.46683592e+04 -1.36060703e-03  4.64556919e-03 -1.00136061e+00  4.64556919e-03 -8.48845773e-09 -2.43568587e-09 
 4.57088190e+04 -1.42683902e-03  4.76215385e-03 -1.00142684e+00  4.76215385e-03 -8.90416265e-09 -2.61597707e-09 
 4.67735141e+04 -1.49635197e-03  4.88213609e-03 -1.00149635e+00  4.88213609e-03 -9.34112764e-09 -2.80960852e-09 
 4.78630092e+04 -1.56931424e-03  5.00565220e-03 -1.00156931e+00  5.00565220e-03 -9.80053576e-09 -3.01757834e-09 
 4.89778819e+04 -1.64590334e-03  5.13284684e-03 -1.00164590e+00  5.13284684e-03 -1.02836462e-08 -3.24096137e-09 
 5.01187234e+04 -1.72630644e-03  5.26387368e-03 -1.00172631e+00  5.26387368e-03 -1.07918004e-08 -3.48091417e-09 
 5.12861384e+04 -1.81072092e-03  5.39889621e-03 -1.00181072e+00  5.39889621e-03 -1.13264288e-08 -3.73868236e-09 
 5.24807460e+04 -1.89935497e-03  5.53808859e-03 -1.00189935e+00  5.53808859e-03 -1.18890579e-08 -4.01560687e-09 
 5.37031796e+04 -1.99242816e-03  5.68163663e-03 -1.00199243e+00  5.68163663e-03 -1.24813183e-08 -4.31313207e-09 
 5.49540874e+04 -2.09017213e-03  5.82973875e-03 -1.00209017e+00  5.82973875e-03 -1.31049539e-08 -4.63281325e-09 
 5.62341325e+04 -2.19283124e-03  5.98260725e-03 -1.00219283e+00  5.98260725e-03 -1.37618313e-08 -4.97632570e-09 
 5.75439937e+04 -2.30066327e-03  6.14046949e-03 -1.00230066e+00  6.14046949e-03 -1.44539510e-08 -5.34547414e-09 
 5.88843655e+04 -2.41394018e-03  6.30356939e-03 -1.00241394e+00  6.30356939e-03 -1.51834591e-08 -5.74220289e-09 
 6.02559586e+04 -2.53294883e-03  6.47216894e-03 -1.00253295e+00  6.47216894e-03 -1.59526610e-08 -6.16860626e-09 
 6.16595002e+04 -2.65799183e-03  6.64655002e-03 -1.00265799e+00  6.64655002e-03 -1.67640361e-08 -6.62694065e-09 
 6.30957344e+04 -2.78938830e-03  6.82701630e-03 -1.00278939e+00  6.82701630e-03 -1.76202544e-08 -7.11963745e-09 
 6.45654229e+04 -2.92747470e-03  7.01389543e-03 -1.00292747e+00  7.01389543e-03 -1.85241950e-08 -7.64931639e-09 
 6.60693448e+04 -3.07260573e-03  7.20754142e-03 -1.00307261e+00  7.20754142e-03 -1.94789668e-08 -8.21879883e-09 
 6.76082975e+04 -3.22515508e-03  7.40833737e-03 -1.00322516e+00  7.40833737e-03 -2.04879319e-08 -8.83112481e-09 
 6.91830971e+04 -3.38551634e-03  7.61669848e-03 -1.00338552e+00  7.61669848e-03 -2.15547309e-08 -9.48956894e-09 
 7.07945784e+04 -3.55410377e-03  7.83307533e-03 -1.00355410e+00  7.83307533e-03 -2.26833128e-08 -1.01976566e-08 
 7.24435960e+04 -3.73135305e-03  8.05795769e-03 -1.00373135e+00  8.05795769e-03 -2.38779673e-08 -1.09591843e-08 
 7.41310241e+04 -3.91772201e-03  8.29187865e-03 -1.00391772e+00  8.29187865e-03 -2.51433617e-08 -1.17782379e-08 
 7.58577575e+04 -4.11369116e-03  8.53541934e-03 -1.00411369e+00  8.53541934e-03 -2.64845824e-08 -1.26592135e-08 
 7.76247117e+04 -4.31976421e-03  8.78921408e-03 -1.00431976e+00  8.78921408e-03 -2.79071823e-08 -1.36068373e-08 
 7.94328235e+04 -4.53646826e-03  9.05395630e-03 -1.00453647e+00  9.05395630e-03 -2.94172331e-08 -1.46261890e-08 
 8.12830516e+04 -4.76435386e-03  9.33040501e-03 -1.00476435e+00  9.33040501e-03 -3.10213855e-08 -1.57227233e-08 
 8.31763771e+04 -5.00399467e-03  9.61939213e-03 -1.00500399e+00  9.61939213e-03 -3.27269369e-08 -1.69022916e-08 
 8.51138038e+04 -5.25598674e-03  9.92183067e-03 -1.00525599e+00  9.92183067e-03 -3.45419085e-08 -1.81711642e-08 
 8.70963590e+04 -5.52094722e-03  1.02387238e-02 -1.00552095e+00  1.02387238e-02 -3.64751315e-08 -1.95360518e-08 
 8.91250938e+04 -5.79951242e-03  1.05711752e-02 -1.00579951e+00  1.05711752e-02 -3.85363461e-08 -2.10041238e-08 
 9.12010839e+04 -6.09233502e-03  1.09204001e-02 -1.00609234e+00  1.09204001e-02 -4.07363140e-08 -2.25830239e-08 
 9.33254301e+04 -6.40008021e-03  1.12877382e-02 -1.00640008e+00  1.12877382e-02 -4.30869435e-08 -2.42808840e-08 
 9.54992586e+04 -6.72342051e-03  1.16746677e-02 -1.00672342e+00  1.16746677e-02 -4.56014346e-08 -2.61063284e-08 
 9.77237221e+04 -7.06302892e-03  1.20828208e-02 -1.00706303e+00  1.20828208e-02 -4.82944402e-08 -2.80684738e-08 
 1.00000000e+05 -7.41957011e-03  1.25140006e-02 -1.00741957e+00  1.25140006e-02 -5.11822511e-08 -3.01769145e-08 
 1.02329299e+05 -7.79368906e-03  1.29702004e-02 -1.00779369e+00  1.29702004e-02 -5.42830024e-08 -3.24416964e-08 
 1.04712855e+05 -8.18599666e-03  1.34536242e-02 -1.00818600e+00  1.34536242e-02 -5.76169082e-08 -3.48732691e-08 
 1.07151931e+05 -8.59705162e-03  1.39667088e-02 -1.00859705e+00  1.39667088e-02 -6.12065225e-08 -3.74824176e-08 
 1.09647820e+05 -9.02733786e-03  1.45121481e-02 -1.00902734e+00  1.45121481e-02 -6.50770344e-08 -4.02801562e-08 
 1.12201845e+05 -9.47723636e-03  1.50929183e-02 -1.00947724e+00  1.50929183e-02 -6.92565921e-08 -4.32775900e-08 
 1.14815362e+05 -9.94699057e-03  1.57123046e-02 -1.00994699e+00  1.57123046e-02 -7.37766648e-08 -4.64857196e-08 
 1.17489755e+05 -1.04366638e-02  1.63739285e-02 -1.01043666e+00  1.63739285e-02 -7.86724364e-08 -4.99151856e-08 
 1.20226443e+05 -1.09460876e-02  1.70817744e-02 -1.01094609e+00  1.70817744e-02 -8.39832334e-08 -5.35759329e-08 
 1.23026877e+05 -1.14747985e-02  1.78402147e-02 -1.01147480e+00  1.78402147e-02 -8.97529782e-08 -5.74767818e-08 
 1.25892541e+05 -1.20219631e-02  1.86540320e-02 -1.01202196e+00  1.86540320e-02 -9.60306669e-08 -6.16248740e-08 
 1.28824955e+05 -1.25862877e-02  1.95284349e-02 -1.01258629e+00  1.95284349e-02 -1.02870849e-07 -6.60249849e-08 
 1.31825674e+05 -1.31659114e-02  2.04690650e-02 -1.01316591e+00  2.04690650e-02 -1.10334098e-07 -7.06786558e-08 
 1.34896288e+05 -1.37582821e-02  2.14819906e-02 -1.01375828e+00  2.14819906e-02 -1.18487436e-07 -7.55831354e-08 
 1.38038426e+05 -1.43600123e-02  2.25736814e-02 -1.01436001e+00  2.25736814e-02 -1.27404677e-07 -8.07300857e-08 
 1.41253754e+05 -1.49667156e-02  2.37509568e-02 -1.01496672e+00  2.37509568e-02 -1.37166623e-07 -8.61040283e-08 
 1.44543977e+05 -1.55728252e-02  2.50209005e-02 -1.01557283e+00  2.50209005e-02 -1.47861050e-07 -9.16805159e-08 
 1.47910839e+05 -1.61713972e-02  2.63907296e-02 -1.01617140e+00  2.63907296e-02 -1.59582375e-07 -9.74240016e-08 
 1.51356125e+05 -1.67539047e-02  2.78676077e-02 -1.01675390e+00  2.78676077e-02 -1.72430893e-07 -1.03285441e-07 
 1.54881662e+05 -1.73100353e-02  2.94583892e-02 -1.01731004e+00  2.94583892e-02 -1.86511433e-07 -1.09199643e-07 
 1.58489319e+05 -1.78275064e-02  3.11692824e-02 -1.01782751e+00  3.11692824e-02 -2.01931282e-07 -1.15082476e-07 
 1.62181010e+05 -1.82919225e-02  3.30054221e-02 -1.01829192e+00  3.30054221e-02 -2.18797188e-07 -1.20828090e-07 
 1.65958691e+05 -1.86867056e-02  3.49703446e-02 -1.01868671e+00  3.49703446e-02 -2.37211306e-07 -1.26306365e-07 
 1.69824365e+05 -1.89931364e-02  3.70653701e-02 -1.01899314e+00  3.70653701e-02 -2.57265945e-07 -1.31360940e-07 
 1.73780083e+05 -1.91905526e-02  3.92889073e-02 -1.01919055e+00  3.92889073e-02 -2.79037103e-07 -1.35808248e-07 
 1.77827941e+05 -1.92567500e-02  4.16357159e-02 -1.01925675e+00  4.16357159e-02 -3.02576879e-07 -1.39438078e-07 
 1.81970086e+05 -1.91686316e-02  4.40961822e-02 -1.01916863e+00  4.40961822e-02 -3.27905095e-07 -1.42016224e-07 
 1.86208714e+05 -1.89031315e-02  4.66556921e-02 -1.01890313e+00  4.66556921e-02 -3.55000671e-07 -1.43289780e-07 
 1.90546072e+05 -1.84384164e-02  4.92942033e-02 -1.01843842e+00  4.92942033e-02 -3.83793637e-07 -1.42995480e-07 
 1.94984460e+05 -1.77553245e-02  5.19861354e-02 -1.01775532e+00  5.19861354e-02 -4.14158884e-07 -1.40871167e-07 
 1.99526231e+05 -1.68389491e-02  5.47006920e-02 -1.01683895e+00  5.47006920e-02 -4.45912942e-07 -1.36670088e-07 
 2.04173794e+05 -1.56802218e-02  5.74026979e-02 -1.01568022e+00  5.74026979e-02 -4.78815030e-07 -1.30177097e-07 
 2.08929613e+05 -1.42773019e-02  6.00539802e-02 -1.01427730e+00  6.00539802e-02 -5.12573332e-07 -1.21225287e-07 
 2.13796209e+05 -1.26365612e-02  6.26152388e-02 -1.01263656e+00  6.26152388e-02 -5.46856821e-07 -1.09711088e-07 
 2.18776162e+05 -1.07729727e-02  6.50482601e-02 -1.01077297e+00  6.50482601e-02 -5.81312152e-07 -9.56057279e-08 
 2.23872114e+05 -8.70977682e-03  6.73182441e-02 -1.00870978e+00  6.73182441e-02 -6.15584189e-07 -7.89611245e-08 
 2.29086765e+05 -6.47740094e-03  6.93959711e-02 -1.00647740e+00  6.93959711e-02 -6.49337983e-07 -5.99090121e-08 
 2.34422882e+05 -4.11172839e-03  7.12595338e-02 -1.00411173e+00  7.12595338e-02 -6.82279583e-07 -3.86530596e-08 
 2.39883292e+05 -1.65191888e-03  7.28954258e-02 -1.00165192e+00  7.28954258e-02 -7.14173198e-07 -1.54548801e-08 
 2.45470892e+05  8.61949491e-04  7.42988781e-02 -9.99138051e-01  7.42988781e-02 -7.44852801e-07  9.38423243e-09 
 2.51188643e+05  3.39113517e-03  7.54734579e-02 -9.96608865e-01  7.54734579e-02 -7.74227246e-07  3.55434721e-08 
 2.57039578e+05  5.90014583e-03  7.64300495e-02 -9.94099854e-01  7.64300495e-02 -8.02279003e-07  6.27021612e-08 
 2.63026799e+05  8.35815082e-03  7.71854113e-02 -9.91641849e-01  7.71854113e-02 -8.29057523e-07  9.05568150e-08 
 2.69153480e+05  1.07398305e-02  7.77605266e-02 -9.89260169e-01  7.77605266e-02 -8.54668789e-07  1.18834351e-07 
 2.75422870e+05  1.30256864e-02  7.81789497e-02 -9.86974314e-01  7.81789497e-02 -8.79262841e-07  1.47300802e-07 
 2.81838293e+05  1.52018972e-02  7.84653051e-02 -9.84798103e-01  7.84653051e-02 -9.03020860e-07  1.75765755e-07 
 2.88403150e+05  1.72598418e-02  7.86440384e-02 -9.82740158e-01  7.86440384e-02 -9.26143103e-07  2.04083061e-07 
 2.95120923e+05  1.91954108e-02  7.87384629e-02 -9.80804589e-01  7.87384629e-02 -9.48838503e-07  2.32148706e-07 
 3.01995172e+05  2.10082220e-02  7.87701005e-02 -9.78991778e-01  7.87701005e-02 -9.71316340e-07  2.59896785e-07 
 3.09029543e+05  2.27008239e-02  7.87582870e-02 -9.77299176e-01  7.87582870e-02 -9.93780070e-07  2.87294400e-07 
 3.16227766e+05  2.42779518e-02  7.87199932e-02 -9.75722048e-01  7.87199932e-02 -1.01642313e-06  3.14336172e-07 
 3.23593657e+05  2.57458701e-02  7.86698121e-02 -9.74254130e-01  7.86698121e-02 -1.03942646e-06  3.41038874e-07 
 3.31131121e+05  2.71118204e-02  7.86200615e-02 -9.72888180e-01  7.86200615e-02 -1.06295734e-06  3.67436477e-07 
 3.38844156e+05  2.83835749e-02  7.85809607e-02 -9.71616425e-01  7.85809607e-02 -1.08716929e-06  3.93575818e-07 
 3.46736850e+05  2.95690910e-02  7.85608488e-02 -9.70430909e-01  7.85608488e-02 -1.11220266e-06  4.19512945e-07 
 3.54813389e+05  3.06762531e-02  7.85664175e-02 -9.69323747e-01  7.85664175e-02 -1.13818569e-06  4.45310114e-07 
 3.63078055e+05  3.17126887e-02  7.86029440e-02 -9.68287311e-01  7.86029440e-02 -1.16523585e-06  4.71033433e-07 
 3.71535229e+05  3.26856453e-02  7.86745107e-02 -9.67314355e-01  7.86745107e-02 -1.19346127e-06  4.96751035e-07 
 3.80189396e+05  3.36019134e-02  7.87842053e-02 -9.66398087e-01  7.87842053e-02 -1.22296225e-06  5.22531711e-07 
 3.89045145e+05  3.44677866e-02  7.89343000e-02 -9.65532213e-01  7.89343000e-02 -1.25383270e-06  5.48443947e-07 
 3.98107171e+05  3.52890474e-02  7.91264069e-02 -9.64710953e-01  7.91264069e-02 -1.28616149e-06  5.74555250e-07 
 4.07380278e+05  3.60709725e-02  7.93616122e-02 -9.63929028e-01  7.93616122e-02 -1.32003371e-06  6.00931724e-07 
 4.16869383e+05  3.68183513e-02  7.96405886e-02 -9.63181649e-01  7.96405886e-02 -1.35553181e-06  6.27637837e-07 
 4.26579519e+05  3.75355123e-02  7.99636908e-02 -9.62464488e-01  7.99636908e-02 -1.39273662e-06  6.54736331e-07 
 4.36515832e+05  3.82263554e-02  8.03310337e-02 -9.61773645e-01  8.03310337e-02 -1.43172830e-06  6.82288240e-07 
 4.46683592e+05  3.88943862e-02  8.07425571e-02 -9.61105614e-01  8.07425571e-02 -1.47258713e-06  7.10352987e-07 
 4.57088190e+05  3.95427512e-02  8.11980783e-02 -9.60457249e-01  8.11980783e-02 -1.51539424e-06  7.38988541e-07 
 4.67735141e+05  4.01742727e-02  8.16973344e-02 -9.59825727e-01  8.16973344e-02 -1.56023230e-06  7.68251610e-07 
 4.78630092e+05  4.07914828e-02  8.22400165e-02 -9.59208517e-01  8.22400165e-02 -1.60718608e-06  7.98197867e-07 
 4.89778819e+05  4.13966545e-02  8.28257965e-02 -9.58603345e-01  8.28257965e-02 -1.65634301e-06  8.28882193e-07 
 5.01187234e+05  4.19918321e-02  8.34543485e-02 -9.58008168e-01  8.34543485e-02 -1.70779360e-06  8.60358941e-07 
 5.12861384e+05  4.25788586e-02  8.41253647e-02 -9.57421141e-01  8.41253647e-02 -1.76163198e-06  8.92682193e-07 
 5.24807460e+05  4.31594008e-02  8.48385683e-02 -9.56840599e-01  8.48385683e-02 -1.81795622e-06  9.25906039e-07 
 5.37031796e+05  4.37349727e-02  8.55937223e-02 -9.56265027e-01  8.55937223e-02 -1.87686876e-06  9.60084845e-07 
 5.49540874e+05  4.43069566e-02  8.63906361e-02 -9.55693043e-01  8.63906361e-02 -1.93847675e-06  9.95273540e-07 
 5.62341325e+05  4.48766218e-02  8.72291702e-02 -9.55123378e-01  8.72291702e-02 -2.00289241e-06  1.03152789e-06 
 5.75439937e+05  4.54451422e-02  8.81092390e-02 -9.54554858e-01  8.81092390e-02 -2.07023335e-06  1.06890477e-06 
 5.88843655e+05  4.60136119e-02  8.90308117e-02 -9.53986388e-01  8.90308117e-02 -2.14062288e-06  1.10746248e-06 
 6.02559586e+05  4.65830585e-02  8.99939132e-02 -9.53416941e-01  8.99939132e-02 -2.21419033e-06  1.14726099e-06 
 6.16595002e+05  4.71544567e-02  9.09986233e-02 -9.52845543e-01  9.09986233e-02 -2.29107136e-06  1.18836229e-06 
 6.30957344e+05  4.77287386e-02  9.20450753e-02 -9.52271261e-01  9.20450753e-02 -2.37140824e-06  1.23083062e-06 
 6.45654229e+05  4.83068044e-02  9.31334545e-02 -9.51693196e-01  9.31334545e-02 -2.45535020e-06  1.27473282e-06 
 6.60693448e+05  4.88895314e-02  9.42639960e-02 -9.51110469e-01  9.42639960e-02 -2.54305368e-06  1.32013863e-06 
 6.76082975e+05  4.94777817e-02  9.54369820e-02 -9.50522218e-01  9.54369820e-02 -2.63468264e-06  1.36712100e-06 
 6.91830971e+05  5.00724101e-02  9.66527394e-02 -9.49927590e-01  9.66527394e-02 -2.73040891e-06  1.41575645e-06 
 7.07945784e+05  5.06742700e-02  9.79116367e-02 -9.49325730e-01  9.79116367e-02 -2.83041243e-06  1.46612534e-06 
 7.24435960e+05  5.12842198e-02  9.92140814e-02 -9.48715780e-01  9.92140814e-02 -2.93488164e-06  1.51831230e-06 
 7.41310241e+05  5.19031276e-02  1.00560516e-01 -9.48096872e-01  1.00560516e-01 -3.04401373e-06  1.57240655e-06 
 7.58577575e+05  5.25318763e-02  1.01951418e-01 -9.47468124e-01  1.01951418e-01 -3.15801499e-06  1.62850229e-06 
 7.76247117e+05  5.31713676e-02  1.03387291e-01 -9.46828632e-01  1.03387291e-01 -3.27710116e-06  1.68669910e-06 
 7.94328235e+05  5.38225258e-02  1.04868667e-01 -9.46177474e-01  1.04868667e-01 -3.40149773e-06  1.74710232e-06 
 8.12830516e+05  5.44863015e-02  1.06396103e-01 -9.45513699e-01  1.06396103e-01 -3.53144029e-06  1.80982353e-06 
 8.31763771e+05  5.51636742e-02  1.07970173e-01 -9.44836326e-01  1.07970173e-01 -3.66717489e-06  1.87498097e-06 
 8.51138038e+05  5.58556556e-02  1.09591473e-01 -9.44144344e-01  1.09591473e-01 -3.80895840e-06  1.94270003e-06 
 8.70963590e+05  5.65632918e-02  1.11260610e-01 -9.43436708e-01  1.11260610e-01 -3.95705883e-06  2.01311371e-06 
 8.91250938e+05  5.72876659e-02  1.12978205e-01 -9.42712334e-01  1.12978205e-01 -4.11175575e-06  2.08636320e-06 
 9.12010839e+05  5.80299000e-02  1.14744887e-01 -9.41970100e-01  1.14744887e-01 -4.27334061e-06  2.16259837e-06 
 9.33254301e+05  5.87911571e-02  1.16561290e-01 -9.41208843e-01  1.16561290e-01 -4.44211717e-06  2.24197840e-06 
 9.54992586e+05  5.95726432e-02  1.18428055e-01 -9.40427357e-01  1.18428055e-01 -4.61840183e-06  2.32467235e-06 
 9.77237221e+05  6.03756089e-02  1.20345820e-01 -9.39624391e-01  1.20345820e-01 -4.80252405e-06  2.41085980e-06 
 1.00000000e+06  6.12013508e-02  1.22315222e-01 -9.38798649e-01  1.22315222e-01 -4.99482674e-06  2.50073157e-06 
 1.02329299e+06  6.20512135e-02  1.24336893e-01 -9.37948787e-01  1.24336893e-01 -5.19566662e-06  2.59449038e-06 
 1.04712855e+06  6.29265904e-02  1.26411458e-01 -9.37073410e-01  1.26411458e-01 -5.40541464e-06  2.69235161e-06 
 1.07151931e+06  6.38289257e-02  1.28539531e-01 -9.36171074e-01  1.28539531e-01 -5.62445638e-06  2.79454411e-06 
 1.09647820e+06  6.47597152e-02  1.30721711e-01 -9.35240285e-01  1.30721711e-01 -5.85319240e-06  2.90131103e-06 
 1.12201845e+06  6.57205077e-02  1.32958583e-01 -9.34279492e-01  1.32958583e-01 -6.09203867e-06  3.01291067e-06 
 1.14815362e+06  6.67129065e-02  1.35250712e-01 -9.33287093e-01  1.35250712e-01 -6.34142691e-06  3.12961742e-06 
 1.17489755e+06  6.77385699e-02  1.37598638e-01 -9.32261430e-01  1.37598638e-01 -6.60180501e-06  3.25172276e-06 
 1.20226443e+06  6.87992127e-02  1.40002879e-01 -9.31200787e-01  1.40002879e-01 -6.87363734e-06  3.37953622e-06 
 1.23026877e+06  6.98966070e-02  1.42463923e-01 -9.30103393e-01  1.42463923e-01 -7.15740514e-06  3.51338651e-06 
 1.25892541e+06  7.10325833e-02  1.44982224e-01 -9.28967417e-01  1.44982224e-01 -7.45360684e-06  3.65362264e-06 
 1.28824955e+06  7.22090310e-02  1.47558203e-01 -9.27790969e-01  1.47558203e-01 -7.76275837e-06  3.80061508e-06 
 1.31825674e+06  7.34278997e-02  1.50192240e-01 -9.26572100e-01  1.50192240e-01 -8.08539347e-06  3.95475704e-06 
 1.34896288e+06  7.46911992e-02  1.52884672e-01 -9.25308801e-01  1.52884672e-01 -8.42206392e-06  4.11646575e-06 
 1.38038426e+06  7.60010007e-02  1.55635790e-01 -9.23998999e-01  1.55635790e-01 -8.77333982e-06  4.28618386e-06 
 1.41253754e+06  7.73594367e-02  1.58445832e-01 -9.22640563e-01  1.58445832e-01 -9.13980978e-06  4.46438085e-06 
 1.44543977e+06  7.87687018e-02  1.61314983e-01 -9.21231298e-01  1.61314983e-01 -9.52208106e-06  4.65155450e-06 
 1.47910839e+06  8.02310524e-02  1.64243367e-01 -9.19768948e-01  1.64243367e-01 -9.92077972e-06  4.84823253e-06 
 1.51356125e+06  8.17488070e-02  1.67231044e-01 -9.18251193e-01  1.67231044e-01 -1.03365507e-05  5.05497413e-06 
 1.54881662e+06  8.33243457e-02  1.70278003e-01 -9.16675654e-01  1.70278003e-01 -1.07700577e-05  5.27237175e-06 
 1.58489319e+06  8.49601103e-02  1.73384162e-01 -9.15039890e-01  1.73384162e-01 -1.12219834e-05  5.50105280e-06 
 1.62181010e+06  8.66586028e-02  1.76549358e-01 -9.13341397e-01  1.76549358e-01 -1.16930291e-05  5.74168151e-06 
 1.65958691e+06  8.84223854e-02  1.79773343e-01 -9.11577615e-01  1.79773343e-01 -1.21839146e-05  5.99496083e-06 
 1.69824365e+06  9.02540787e-02  1.83055780e-01 -9.09745921e-01  1.83055780e-01 -1.26953781e-05  6.26163435e-06 
 1.73780083e+06  9.21563605e-02  1.86396236e-01 -9.07843640e-01  1.86396236e-01 -1.32281754e-05  6.54248840e-06 
 1.77827941e+06  9.41319637e-02  1.89794175e-01 -9.05868036e-01  1.89794175e-01 -1.37830799e-05  6.83835406e-06 
 1.81970086e+06  9.61836744e-02  1.93248954e-01 -9.03816326e-01  1.93248954e-01 -1.43608821e-05  7.15010936e-06 
 1.86208714e+06  9.83143291e-02  1.96759817e-01 -9.01685671e-01  1.96759817e-01 -1.49623883e-05  7.47868144e-06 
 1.90546072e+06  1.00526812e-01  2.00325886e-01 -8.99473188e-01  2.00325886e-01 -1.55884204e-05  7.82504886e-06 
 1.94984460e+06  1.02824050e-01  2.03946159e-01 -8.97175950e-01  2.03946159e-01 -1.62398147e-05  8.19024381e-06 
 1.99526231e+06  1.05209012e-01  2.07619499e-01 -8.94790988e-01  2.07619499e-01 -1.69174212e-05  8.57535451e-06 
 2.04173794e+06  1.07684701e-01  2.11344629e-01 -8.92315299e-01  2.11344629e-01 -1.76221017e-05  8.98152754e-06 
 2.08929613e+06  1.10254150e-01  2.15120127e-01 -8.89745850e-01  2.15120127e-01 -1.83547291e-05  9.40997024e-06 
 2.13796209e+06  1.12920419e-01  2.18944419e-01 -8.87079581e-01  2.18944419e-01 -1.91161856e-05  9.86195309e-06 
 2.18776162e+06  1.15686586e-01  2.22815769e-01 -8.84313414e-01  2.22815769e-01 -1.99073610e-05  1.03388122e-05 
 2.23872114e+06  1.18555738e-01  2.26732278e-01 -8.81444262e-01  2.26732278e-01 -2.07291509e-05  1.08419515e-05 
 2.29086765e+06  1.21530971e-01  2.30691875e-01 -8.78469029e-01  2.30691875e-01 -2.15824546e-05  1.13728453e-05 
 2.34422882e+06  1.24615374e-01  2.34692309e-01 -8.75384626e-01  2.34692309e-01 -2.24681728e-05  1.19330407e-05 
 2.39883292e+06  1.27812024e-01  2.38731147e-01 -8.72187976e-01  2.38731147e-01 -2.33872053e-05  1.25241596e-05 
 2.45470892e+06  1.31123977e-01  2.42805766e-01 -8.68876023e-01  2.42805766e-01 -2.43404481e-05  1.31479009e-05 
 2.51188643e+06  1.34554255e-01  2.46913348e-01 -8.65445745e-01  2.46913348e-01 -2.53287910e-05  1.38060432e-05 
 2.57039578e+06  1.38105839e-01  2.51050879e-01 -8.61894161e-01  2.51050879e-01 -2.63531139e-05  1.45004461e-05 
 2.63026799e+06  1.41781651e-01  2.55215136e-01 -8.58218349e-01  2.55215136e-01 -2.74142842e-05  1.52330524e-05 
 2.69153480e+06  1.45584550e-01  2.59402696e-01 -8.54415450e-01  2.59402696e-01 -2.85131530e-05  1.60058900e-05 
 2.75422870e+06  1.49517310e-01  2.63609920e-01 -8.50482690e-01  2.63609920e-01 -2.96505513e-05  1.68210733e-05 
 2.81838293e+06  1.53582614e-01  2.67832961e-01 -8.46417386e-01  2.67832961e-01 -3.08272866e-05  1.76808044e-05 
 2.88403150e+06  1.57783033e-01  2.72067759e-01 -8.42216967e-01  2.72067759e-01 -3.20441383e-05  1.85873749e-05 
 2.95120923e+06  1.62121017e-01  2.76310040e-01 -8.37878983e-01  2.76310040e-01 -3.33018541e-05  1.95431661e-05 
 3.01995172e+06  1.66598874e-01  2.80555316e-01 -8.33401126e-01  2.80555316e-01 -3.46011450e-05  2.05506500e-05 
 3.09029543e+06  1.71218757e-01  2.84798891e-01 -8.28781243e-01  2.84798891e-01 -3.59426812e-05  2.16123898e-05 
 3.16227766e+06  1.75982648e-01  2.89035860e-01 -8.24017352e-01  2.89035860e-01 -3.73270876e-05  2.27310398e-05 
 3.23593657e+06  1.80892337e-01  2.93261115e-01 -8.19107663e-01  2.93261115e-01 -3.87549384e-05  2.39093451e-05 
 3.31131121e+06  1.85949411e-01  2.97469353e-01 -8.14050589e-01  2.97469353e-01 -4.02267530e-05  2.51501412e-05 
 3.38844156e+06  1.91155233e-01  3.01655078e-01 -8.08844767e-01  3.01655078e-01 -4.17429909e-05  2.64563527e-05 
 3.46736850e+06  1.96510922e-01  3.05812614e-01 -8.03489078e-01  3.05812614e-01 -4.33040467e-05  2.78309920e-05 
 3.54813389e+06  2.02017345e-01  3.09936115e-01 -7.97982655e-01  3.09936115e-01 -4.49102453e-05  2.92771580e-05 
 3.63078055e+06  2.07675090e-01  3.14019575e-01 -7.92324910e-01  3.14019575e-01 -4.65618376e-05  3.07980329e-05 
 3.71535229e+06  2.13484457e-01  3.18056843e-01 -7.86515543e-01  3.18056843e-01 -4.82589950e-05  3.23968807e-05 
 3.80189396e+06  2.19445438e-01  3.22041637e-01 -7.80554562e-01  3.22041637e-01 -5.00018059e-05  3.40770432e-05 
 3.89045145e+06  2.25557703e-01  3.25967565e-01 -7.74442297e-01  3.25967565e-01 -5.17902704e-05  3.58419373e-05 
 3.98107171e+06  2.31820589e-01  3.29828138e-01 -7.68179411e-01  3.29828138e-01 -5.36242970e-05  3.76950504e-05 
 4.07380278e+06  2.38233082e-01  3.33616794e-01 -7.61766918e-01  3.33616794e-01 -5.55036987e-05  3.96399367e-05 
 4.16869383e+06  2.44793810e-01  3.37326917e-01 -7.55206190e-01  3.37326917e-01 -5.74281894e-05  4.16802121e-05 
 4.26579519e+06  2.51501030e-01  3.40951864e-01 -7.48498970e-01  3.40951864e-01 -5.93973810e-05  4.38195493e-05 
 4.36515832e+06  2.58352621e-01  3.44484987e-01 -7.41647379e-01  3.44484987e-01 -6.14107809e-05  4.60616728e-05 
 4.46683592e+06  2.65346076e-01  3.47919658e-01 -7.34653924e-01  3.47919658e-01 -6.34677901e-05  4.84103523e-05 
 4.57088190e+06  2.72478501e-01  3.51249300e-01 -7.27521499e-01  3.51249300e-01 -6.55677013e-05  5.08693979e-05 
 4.67735141e+06  2.79746609e-01  3.54467411e-01 -7.20253391e-01  3.54467411e-01 -6.77096984e-05  5.34426531e-05 
 4.78630092e+06  2.87146721e-01  3.57567592e-01 -7.12853279e-01  3.57567592e-01 -6.98928561e-05  5.61339890e-05 
 4.89778819e+06  2.94674770e-01  3.60543582e-01 -7.05325230e-01  3.60543582e-01 -7.21161400e-05  5.89472981e-05 
 5.01187234e+06  3.02326306e-01  3.63389282e-01 -6.97673694e-01  3.63389282e-01 -7.43784079e-05  6.18864873e-05 
 5.12861384e+06  3.10096503e-01  3.66098784e-01 -6.89903497e-01  3.66098784e-01 -7.66784114e-05  6.49554723e-05 
 5.24807460e+06  3.17980168e-01  3.68666407e-01 -6.82019832e-01  3.68666407e-01 -7.90147984e-05  6.81581714e-05 
 5.37031796e+06  3.25971758e-01  3.71086715e-01 -6.74028242e-01  3.71086715e-01 -8.13861160e-05  7.14984992e-05 
 5.49540874e+06  3.34065392e-01  3.73354557e-01 -6.65934608e-01  3.73354557e-01 -8.37908147e-05  7.49803611e-05 
 5.62341325e+06  3.42254873e-01  3.75465083e-01 -6.57745127e-01  3.75465083e-01 -8.62272526e-05  7.86076487e-05 
 5.75439937e+06  3.50533707e-01  3.77413777e-01 -6.49466293e-01  3.77413777e-01 -8.86937003e-05  8.23842340e-05 
 5.88843655e+06  3.58895127e-01  3.79196476e-01 -6.41104873e-01  3.79196476e-01 -9.11883473e-05  8.63139662e-05 
 6.02559586e+06  3.67332121e-01  3.80809396e-01 -6.32667879e-01  3.80809396e-01 -9.37093077e-05  9.04006676e-05 
 6.16595002e+06  3.75837457e-01  3.82249146e-01 -6.24162543e-01  3.82249146e-01 -9.62546271e-05  9.46481309e-05 
 6.30957344e+06  3.84403715e-01  3.83512751e-01 -6.15596285e-01  3.83512751e-01 -9.88222899e-05  9.90601169e-05 
 6.45654229e+06  3.93023320e-01  3.84597663e-01 -6.06976680e-01  3.84597663e-01 -1.01410227e-04  1.03640354e-04 
 6.60693448e+06  4.01688573e-01  3.85501774e-01 -5.98311427e-01  3.85501774e-01 -1.04016323e-04  1.08392536e-04 
 6.76082975e+06  4.10391687e-01  3.86223421e-01 -5.89608313e-01  3.86223421e-01 -1.06638426e-04  1.13320326e-04 
 6.91830971e+06  4.19124821e-01  3.86761400e-01 -5.80875179e-01  3.86761400e-01 -1.09274351e-04  1.18427354e-04 
 7.07945784e+06  4.27880117e-01  3.87114957e-01 -5.72119883e-01  3.87114957e-01 -1.11921895e-04  1.23717223e-04 
 7.24435960e+06  4.36649736e-01  3.87283796e-01 -5.63350264e-01  3.87283796e-01 -1.14578839e-04  1.29193508e-04 
 7.41310241e+06  4.45425893e-01  3.87268070e-01 -5.54574107e-01  3.87268070e-01 -1.17242957e-04  1.34859767e-04 
 7.58577575e+06  4.54200892e-01  3.87068373e-01 -5.45799108e-01  3.87068373e-01 -1.19912025e-04  1.40719541e-04 
 7.76247117e+06  4.62967163e-01  3.86685733e-01 -5.37032837e-01  3.86685733e-01 -1.22583825e-04  1.46776360e-04 
 7.94328235e+06  4.71717292e-01  3.86121594e-01 -5.28282708e-01  3.86121594e-01 -1.25256155e-04  1.53033757e-04 
 8.12830516e+06  4.80444053e-01  3.85377798e-01 -5.19555947e-01  3.85377798e-01 -1.27926830e-04  1.59495269e-04 
 8.31763771e+06  4.89140441e-01  3.84456571e-01 -5.10859559e-01  3.84456571e-01 -1.30593690e-04  1.66164449e-04 
 8.51138038e+06  4.97799698e-01  3.83360493e-01 -5.02200302e-01  3.83360493e-01 -1.33254601e-04  1.73044877e-04 
 8.70963590e+06  5.06415337e-01  3.82092481e-01 -4.93584663e-01  3.82092481e-01 -1.35907459e-04  1.80140167e-04 
 8.91250938e+06  5.14981169e-01  3.80655755e-01 -4.85018831e-01  3.80655755e-01 -1.38550195e-04  1.87453982e-04 
 9.12010839e+06  5.23491320e-01  3.79053811e-01 -4.76508680e-01  3.79053811e-01 -1.41180770e-04  1.94990042e-04 
 9.33254301e+06  5.31940248e-01  3.77290394e-01 -4.68059752e-01  3.77290394e-01 -1.43797175e-04  2.02752138e-04 
 9.54992586e+06  5.40322761e-01  3.75369463e-01 -4.59677239e-01  3.75369463e-01 -1.46397435e-04  2.10744142e-04 
 9.77237221e+06  5.48634027e-01  3.73295158e-01 -4.51365973e-01  3.73295158e-01 -1.48979599e-04  2.18970021e-04 
 1.00000000e+07  5.56869581e-01  3.71071768e-01 -4.43130419e-01  3.71071768e-01 -1.51541739e-04  2.27433848e-04 
 1.02329299e+07  5.65025330e-01  3.68703699e-01 -4.34974670e-01  3.68703699e-01 -1.54081944e-04  2.36139815e-04 
 1.04712855e+07  5.73097557e-01  3.66195435e-01 -4.26902443e-01  3.66195435e-01 -1.56598312e-04  2.45092245e-04 
 1.07151931e+07  5.81082920e-01  3.63551509e-01 -4.18917080e-01  3.63551509e-01 -1.59088941e-04  2.54295600e-04 
 1.09647820e+07  5.88978445e-01  3.60776472e-01 -4.11021555e-01  3.60776472e-01 -1.61551920e-04  2.63754495e-04 
 1.12201845e+07  5.96781522e-01  3.57874853e-01 -4.03218478e-01  3.57874853e-01 -1.63985320e-04  2.73473710e-04 
 1.14815362e+07  6.04489894e-01  3.54851135e-01 -3.95510106e-01  3.54851135e-01 -1.66387176e-04  2.83458193e-04 
 1.17489755e+07  6.12101644e-01  3.51709725e-01 -3.87898356e-01  3.51709725e-01 -1.68755478e-04  2.93713076e-04 
 1.20226443e+07  6.19615182e-01  3.48454919e-01 -3.80384818e-01  3.48454919e-01 -1.71088156e-04  3.04243677e-04 
 1.23026877e+07  6.27029225e-01  3.45090884e-01 -3.72970775e-01  3.45090884e-01 -1.73383062e-04  3.15055510e-04 
 1.25892541e+07  6.34342779e-01  3.41621629e-01 -3.65657221e-01  3.41621629e-01 -1.75637951e-04  3.26154286e-04 
 1.28824955e+07  6.41555117e-01  3.38050981e-01 -3.58444883e-01  3.38050981e-01 -1.77850469e-04  3.37545922e-04 
 1.31825674e+07  6.48665758e-01  3.34382569e-01 -3.51334242e-01  3.34382569e-01 -1.80018128e-04  3.49236539e-04 
 1.34896288e+07  6.55674439e-01  3.30619800e-01 -3.44325561e-01  3.30619800e-01 -1.82138291e-04  3.61232464e-04 
 1.38038426e+07  6.62581089e-01  3.26765850e-01 -3.37418911e-01  3.26765850e-01 -1.84208147e-04  3.73540230e-04 
 1.41253754e+07  6.69385805e-01  3.22823645e-01 -3.30614195e-01  3.22823645e-01 -1.86224692e-04  3.86166571e-04 
 1.44543977e+07  6.76088821e-01  3.18795851e-01 -3.23911179e-01  3.18795851e-01 -1.88184709e-04  3.99118420e-04 
 1.47910839e+07  6.82690478e-01  3.14684872e-01 -3.17309522e-01  3.14684872e-01 -1.90084744e-04  4.12402897e-04 
 1.51356125e+07  6.89191199e-01  3.10492833e-01 -3.10808801e-01  3.10492833e-01 -1.91921084e-04  4.26027306e-04 
 1.54881662e+07  6.95591453e-01  3.06221590e-01 -3.04408547e-01  3.06221590e-01 -1.93689735e-04  4.39999120e-04 
 1.58489319e+07  7.01891730e-01  3.01872718e-01 -2.98108270e-01  3.01872718e-01 -1.95386402e-04  4.54325966e-04 
 1.62181010e+07  7.08092509e-01  2.97447522e-01 -2.91907491e-01  2.97447522e-01 -1.97006464e-04  4.69015614e-04 
 1.65958691e+07  7.14194228e-01  2.92947038e-01 -2.85805772e-01  2.92947038e-01 -1.98544957e-04  4.84075955e-04 
 1.69824365e+07  7.20197256e-01  2.88372041e-01 -2.79802744e-01  2.88372041e-01 -1.99996550e-04  4.99514978e-04 
 1.73780083e+07  7.26101864e-01  2.83723054e-01 -2.73898136e-01  2.83723054e-01 -2.01355528e-04  5.15340751e-04 
 1.77827941e+07  7.31908196e-01  2.79000366e-01 -2.68091804e-01  2.79000366e-01 -2.02615774e-04  5.31561393e-04 
 1.81970086e+07  7.37616244e-01  2.74204040e-01 -2.62383756e-01  2.74204040e-01 -2.03770753e-04  5.48185044e-04 
 1.86208714e+07  7.43225823e-01  2.69333936e-01 -2.56774177e-01  2.69333936e-01 -2.04813494e-04  5.65219836e-04 
 1.90546072e+07  7.48736544e-01  2.64389729e-01 -2.51263456e-01  2.64389729e-01 -2.05736583e-04  5.82673856e-04 
 1.94984460e+07  7.54147796e-01  2.59370931e-01 -2.45852204e-01  2.59370931e-01 -2.06532148e-04  6.00555112e-04 
 1.99526231e+07  7.59458721e-01  2.54276918e-01 -2.40541279e-01  2.54276918e-01 -2.07191854e-04  6.18871495e-04 
 2.04173794e+07  7.64668201e-01  2.49106954e-01 -2.35331799e-01  2.49106954e-01 -2.07706898e-04  6.37630735e-04 
 2.08929613e+07  7.69774835e-01  2.43860219e-01 -2.30225165e-01  2.43860219e-01 -2.08068010e-04  6.56840361e-04 
 2.13796209e+07  7.74776931e-01  2.38535843e-01 -2.25223069e-01  2.38535843e-01 -2.08265452e-04  6.76507655e-04 
 2.18776162e+07  7.79672492e-01  2.33132935e-01 -2.20327508e-01  2.33132935e-01 -2.08289029e-04  6.96639603e-04 
 2.23872114e+07  7.84459207e-01  2.27650616e-01 -2.15540793e-01  2.27650616e-01 -2.08128094e-04  7.17242852e-04 
 2.29086765e+07  7.89134447e-01  2.22088056e-01 -2.10865553e-01  2.22088056e-01 -2.07771573e-04  7.38323657e-04 
 2.34422882e+07  7.93695262e-01  2.16444508e-01 -2.06304738e-01  2.16444508e-01 -2.07207977e-04  7.59887833e-04 
 2.39883292e+07  7.98138382e-01  2.10719347e-01 -2.01861618e-01  2.10719347e-01 -2.06425433e-04  7.81940704e-04 
 2.45470892e+07  8.02460220e-01  2.04912103e-01 -1.97539780e-01  2.04912103e-01 -2.05411714e-04  8.04487055e-04 
 2.51188643e+07  8.06656881e-01  1.99022501e-01 -1.93343119e-01  1.99022501e-01 -2.04154275e-04  8.27531083e-04 
 2.57039578e+07  8.10724174e-01  1.93050498e-01 -1.89275826e-01  1.93050498e-01 -2.02640299e-04  8.51076348e-04 
 2.63026799e+07  8.14657626e-01  1.86996318e-01 -1.85342374e-01  1.86996318e-01 -2.00856744e-04  8.75125729e-04 
 2.69153480e+07  8.18452501e-01  1.80860491e-01 -1.81547499e-01  1.80860491e-01 -1.98790398e-04  8.99681381e-04 
 2.75422870e+07  8.22103823e-01  1.74643886e-01 -1.77896177e-01  1.74643886e-01 -1.96427941e-04  9.24744695e-04 
 2.81838293e+07  8.25606401e-01  1.68347744e-01 -1.74393599e-01  1.68347744e-01 -1.93756010e-04  9.50316263e-04 
 2.88403150e+07  8.28954862e-01  1.61973707e-01 -1.71045138e-01  1.61973707e-01 -1.90761276e-04  9.76395845e-04 
 2.95120923e+07  8.32143682e-01  1.55523855e-01 -1.67856318e-01  1.55523855e-01 -1.87430515e-04  1.00298235e-03 
 3.01995172e+07  8.35167225e-01  1.49000723e-01 -1.64832775e-01  1.49000723e-01 -1.83750697e-04  1.03007380e-03 
 3.09029543e+07  8.38019781e-01  1.42407329e-01 -1.61980219e-01  1.42407329e-01 -1.79709073e-04  1.05766735e-03 
 3.16227766e+07  8.40695611e-01  1.35747193e-01 -1.59304389e-01  1.35747193e-01 -1.75293265e-04  1.08575925e-03 
 3.23593657e+07  8.43188993e-01  1.29024353e-01 -1.56811007e-01  1.29024353e-01 -1.70491360e-04  1.11434487e-03 
 3.31131121e+07  8.45494269e-01  1.22243374e-01 -1.54505731e-01  1.22243374e-01 -1.65292014e-04  1.14341869e-03 
 3.38844156e+07  8.47605898e-01  1.15409359e-01 -1.52394102e-01  1.15409359e-01 -1.59684544e-04  1.17297436e-03 
 3.46736850e+07  8.49518503e-01  1.08527946e-01 -1.50481497e-01  1.08527946e-01 -1.53659035e-04  1.20300469e-03 
 3.54813389e+07  8.51226928e-01  1.01605309e-01 -1.48773072e-01  1.01605309e-01 -1.47206435e-04  1.23350172e-03 
 3.63078055e+07  8.52726290e-01  9.46481458e-02 -1.47273710e-01  9.46481458e-02 -1.40318660e-04  1.26445677e-03 
 3.71535229e+07  8.54012029e-01  8.76636671e-02 -1.45987971e-01  8.76636671e-02 -1.32988685e-04  1.29586048e-03 
 3.80189396e+07  8.55079964e-01  8.06595753e-02 -1.44920036e-01  8.06595753e-02 -1.25210641e-04  1.32770293e-03 
 3.89045145e+07  8.55926343e-01  7.36440398e-02 -1.44073657e-01  7.36440398e-02 -1.16979902e-04  1.35997368e-03 
 3.98107171e+07  8.56547891e-01  6.66256665e-02 -1.43452109e-01  6.66256665e-02 -1.08293168e-04  1.39266187e-03 
 4.07380278e+07  8.56941856e-01  5.96134620e-02 -1.43058144e-01  5.96134620e-02 -9.91485391e-05  1.42575634e-03 
 4.16869383e+07  8.57106053e-01  5.26167929e-02 -1.42893947e-01  5.26167929e-02 -8.95455826e-05  1.45924576e-03 
 4.26579519e+07  8.57038903e-01  4.56453405e-02 -1.42961097e-01  4.56453405e-02 -7.94853908e-05  1.49311870e-03 
 4.36515832e+07  8.56739471e-01  3.87090503e-02 -1.43260529e-01  3.87090503e-02 -6.89706273e-05  1.52736380e-03 
 4.46683592e+07  8.56207488e-01  3.18180790e-02 -1.43792512e-01  3.18180790e-02 -5.80055621e-05  1.56196989e-03 
 4.57088190e+07  8.55443386e-01  2.49827367e-02 -1.44556614e-01  2.49827367e-02 -4.65960952e-05  1.59692612e-03 
 4.67735141e+07  8.54448310e-01  1.82134277e-02 -1.45551690e-01  1.82134277e-02 -3.47497665e-05  1.63222213e-03 
 4.78630092e+07  8.53224134e-01  1.15205883e-02 -1.46775866e-01  1.15205883e-02 -2.24757532e-05  1.66784817e-03 
 4.89778819e+07  8.51773466e-01  4.91462309e-03 -1.48226534e-01  4.91462309e-03 -9.78485282e-06  1.70379523e-03 
 5.01187234e+07  8.50099651e-01 -1.59415853e-03 -1.49900349e-01 -1.59415853e-03  3.31054680e-06  1.74005526e-03 
 5.12861384e+07  8.48206763e-01 -7.99560694e-03 -1.51793237e-01 -7.99560694e-03  1.67965115e-05  1.77662121e-03 
 5.24807460e+07  8.46099591e-01 -1.42797954e-02 -1.53900409e-01 -1.42797954e-02  3.06576183e-05  1.81348724e-03 
 5.37031796e+07  8.43783624e-01 -2.04370820e-02 -1.56216376e-01 -2.04370820e-02  4.48770250e-05  1.85064883e-03 
 5.49540874e+07  8.41265023e-01 -2.64581693e-02 -1.58734977e-01 -2.64581693e-02  5.94365531e-05  1.88810291e-03 
 5.62341325e+07  8.38550590e-01 -3.23341611e-02 -1.61449410e-01 -3.23341611e-02  7.43167811e-05  1.92584797e-03 
 5.75439937e+07  8.35647731e-01 -3.80566155e-02 -1.64352269e-01 -3.80566155e-02  8.94971489e-05  1.96388417e-03 
 5.88843655e+07  8.32564419e-01 -4.36175947e-02 -1.67435581e-01 -4.36175947e-02  1.04956071e-04  2.00221347e-03 
 6.02559586e+07  8.29309143e-01 -4.90097090e-02 -1.70690857e-01 -4.90097090e-02  1.20671057e-04  2.04083964e-03 
 6.16595002e+07  8.25890858e-01 -5.42261568e-02 -1.74109142e-01 -5.42261568e-02  1.36618843e-04  2.07976844e-03 
 6.30957344e+07  8.22318937e-01 -5.92607584e-02 -1.77681063e-01 -5.92607584e-02  1.52775518e-04  2.11900759e-03 
 6.45654229e+07  8.18603109e-01 -6.41079851e-02 -1.81396891e-01 -6.41079851e-02  1.69116670e-04  2.15856685e-03 
 6.60693448e+07  8.14753407e-01 -6.87629811e-02 -1.85246593e-01 -6.87629811e-02  1.85617515e-04  2.19845809e-03 
 6.76082975e+07  8.10780105e-01 -7.32215812e-02 -1.89219895e-01 -7.32215812e-02  2.02253044e-04  2.23869526e-03 
 6.91830971e+07  8.06693658e-01 -7.74803206e-02 -1.93306342e-01 -7.74803206e-02  2.18998159e-04  2.27929443e-03 
 7.07945784e+07  8.02504646e-01 -8.15364404e-02 -1.97495354e-01 -8.15364404e-02  2.35827809e-04  2.32027377e-03 
 7.24435960e+07  7.98223712e-01 -8.53878865e-02 -2.01776288e-01 -8.53878865e-02  2.52717126e-04  2.36165355e-03 
 7.41310241e+07  7.93861506e-01 -8.90333029e-02 -2.06138494e-01 -8.90333029e-02  2.69641549e-04  2.40345609e-03 
 7.58577575e+07  7.89428629e-01 -9.24720207e-02 -2.10571371e-01 -9.24720207e-02  2.86576949e-04  2.44570576e-03 
 7.76247117e+07  7.84935578e-01 -9.57040407e-02 -2.15064422e-01 -9.57040407e-02  3.03499742e-04  2.48842889e-03 
 7.94328235e+07  7.80392698e-01 -9.87300130e-02 -2.19607302e-01 -9.87300130e-02  3.20387000e-04  2.53165371e-03 
 8.12830516e+07  7.75810135e-01 -1.01551211e-01 -2.24189865e-01 -1.01551211e-01  3.37216545e-04  2.57541035e-03 
 8.31763771e+07  7.71197788e-01 -1.04169504e-01 -2.28802212e-01 -1.04169504e-01  3.53967042e-04  2.61973067e-03 
 8.51138038e+07  7.66565273e-01 -1.06587323e-01 -2.33434727e-01 -1.06587323e-01  3.70618077e-04  2.66464829e-03 
 8.70963590e+07  7.61921886e-01 -1.08807629e-01 -2.38078114e-01 -1.08807629e-01  3.87150227e-04  2.71019839e-03 
 8.91250938e+07  7.57276571e-01 -1.10833873e-01 -2.42723429e-01 -1.10833873e-01  4.03545122e-04  2.75641775e-03 
 9.12010839e+07  7.52637892e-01 -1.12669960e-01 -2.47362108e-01 -1.12669960e-01  4.19785489e-04  2.80334454e-03 
 9.33254301e+07  7.48014008e-01 -1.14320209e-01 -2.51985992e-01 -1.14320209e-01  4.35855200e-04  2.85101834e-03 
 9.54992586e+07  7.43412657e-01 -1.15789310e-01 -2.56587343e-01 -1.15789310e-01  4.51739294e-04  2.89947997e-03 
 9.77237221e+07  7.38841139e-01 -1.17082288e-01 -2.61158861e-01 -1.17082288e-01  4.67424001e-04  2.94877145e-03 
 1.00000000e+08  7.34306302e-01 -1.18204459e-01 -2.65693698e-01 -1.18204459e-01  4.82896755e-04  2.99893590e-03 
