 frequency       er              ei              fr              fi              ir              ii             
 1.00000000e+00  9.90001000e-03  9.80101960e-06 -9.90099990e-01  9.80101960e-06  9.90001000e-08  9.80101960e-11 
 1.02329299e+00  9.90001000e-03  1.00293147e-05 -9.90099990e-01  1.00293147e-05  9.90001000e-08  1.00293147e-10 
 1.04712855e+00  9.90001001e-03  1.02629274e-05 -9.90099990e-01  1.02629274e-05  9.90001001e-08  1.02629274e-10 
 1.07151931e+00  9.90001001e-03  1.05019817e-05 -9.90099990e-01  1.05019817e-05  9.90001001e-08  1.05019817e-10 
 1.09647820e+00  9.90001002e-03  1.07466043e-05 -9.90099990e-01  1.07466043e-05  9.90001002e-08  1.07466043e-10 
 1.12201845e+00  9.90001002e-03  1.09969249e-05 -9.90099990e-01  1.09969249e-05  9.90001002e-08  1.09969249e-10 
 1.14815362e+00  9.90001003e-03  1.12530761e-05 -9.90099990e-01  1.12530761e-05  9.90001003e-08  1.12530761e-10 
 1.17489755e+00  9.90001004e-03  1.15151940e-05 -9.90099990e-01  1.15151940e-05  9.90001004e-08  1.15151940e-10 
 1.20226443e+00  9.90001004e-03  1.17834173e-05 -9.90099990e-01  1.17834173e-05  9.90001004e-08  1.17834173e-10 
 1.23026877e+00  9.90001005e-03  1.20578883e-05 -9.90099990e-01  1.20578883e-05  9.90001005e-08  1.20578883e-10 
 1.25892541e+00  9.90001006e-03  1.23387526e-05 -9.90099990e-01  1.23387526e-05  9.90001006e-08  1.23387526e-10 
 1.28824955e+00  9.90001006e-03  1.26261591e-05 -9.90099990e-01  1.26261591e-05  9.90001006e-08  1.26261591e-10 
 1.31825674e+00  9.90001007e-03  1.29202601e-05 -9.90099990e-01  1.29202601e-05  9.90001007e-08  1.29202601e-10 
 1.34896288e+00  9.90001008e-03  1.32212117e-05 -9.90099990e-01  1.32212117e-05  9.90001008e-08  1.32212117e-10 
 1.38038426e+00  9.90001009e-03  1.35291732e-05 -9.90099990e-01  1.35291732e-05  9.90001009e-08  1.35291732e-10 
 1.41253754e+00  9.90001010e-03  1.38443082e-05 -9.90099990e-01  1.38443082e-05  9.90001010e-08  1.38443082e-10 
 1.44543977e+00  9.90001010e-03  1.41667835e-05 -9.90099990e-01  1.41667835e-05  9.90001010e-08  1.41667835e-10 
 1.47910839e+00  9.90001011e-03  1.44967703e-05 -9.90099990e-01  1.44967703e-05  9.90001011e-08  1.44967703e-10 
 1.51356125e+00  9.90001012e-03  1.48344435e-05 -9.90099990e-01  1.48344435e-05  9.90001012e-08  1.48344435e-10 
 1.54881662e+00  9.90001014e-03  1.51799820e-05 -9.90099990e-01  1.51799820e-05  9.90001014e-08  1.51799820e-10 
 1.58489319e+00  9.90001015e-03  1.55335692e-05 -9.90099990e-01  1.55335692e-05  9.90001015e-08  1.55335692e-10 
 1.62181010e+00  9.90001016e-03  1.58953926e-05 -9.90099990e-01  1.58953926e-05  9.90001016e-08  1.58953926e-10 
 1.65958691e+00  9.90001017e-03  1.62656438e-05 -9.90099990e-01  1.62656438e-05  9.90001017e-08  1.62656438e-10 
 1.69824365e+00  9.90001018e-03  1.66445193e-05 -9.90099990e-01  1.66445193e-05  9.90001018e-08  1.66445193e-10 
 1.73780083e+00  9.90001020e-03  1.70322200e-05 -9.90099990e-01  1.70322200e-05  9.90001020e-08  1.70322200e-10 
 1.77827941e+00  9.90001021e-03  1.74289514e-05 -9.90099990e-01  1.74289514e-05  9.90001021e-08  1.74289514e-10 
 1.81970086e+00  9.90001022e-03  1.78349238e-05 -9.90099990e-01  1.78349238e-05  9.90001022e-08  1.78349238e-10 
 1.86208714e+00  9.90001024e-03  1.82503525e-05 -9.90099990e-01  1.82503525e-05  9.90001024e-08  1.82503525e-10 
 1.90546072e+00  9.90001026e-03  1.86754578e-05 -9.90099990e-01  1.86754578e-05  9.90001026e-08  1.86754578e-10 
 1.94984460e+00  9.90001027e-03  1.91104651e-05 -9.90099990e-01  1.91104651e-05  9.90001027e-08  1.91104651e-10 
 1.99526231e+00  9.90001029e-03  1.95556051e-05 -9.90099990e-01  1.95556051e-05  9.90001029e-08  1.95556051e-10 
 2.04173794e+00  9.90001031e-03  2.00111136e-05 -9.90099990e-01  2.00111136e-05  9.90001031e-08  2.00111136e-10 
 2.08929613e+00  9.90001033e-03  2.04772323e-05 -9.90099990e-01  2.04772323e-05  9.90001033e-08  2.04772323e-10 
 2.13796209e+00  9.90001035e-03  2.09542083e-05 -9.90099990e-01  2.09542083e-05  9.90001035e-08  2.09542083e-10 
 2.18776162e+00  9.90001037e-03  2.14422946e-05 -9.90099990e-01  2.14422946e-05  9.90001037e-08  2.14422946e-10 
 2.23872114e+00  9.90001039e-03  2.19417498e-05 -9.90099990e-01  2.19417498e-05  9.90001039e-08  2.19417498e-10 
 2.29086765e+00  9.90001041e-03  2.24528388e-05 -9.90099990e-01  2.24528388e-05  9.90001041e-08  2.24528388e-10 
 2.34422882e+00  9.90001044e-03  2.29758326e-05 -9.90099990e-01  2.29758326e-05  9.90001044e-08  2.29758326e-10 
 2.39883292e+00  9.90001046e-03  2.35110084e-05 -9.90099990e-01  2.35110084e-05  9.90001046e-08  2.35110084e-10 
 2.45470892e+00  9.90001049e-03  2.40586502e-05 -9.90099990e-01  2.40586502e-05  9.90001049e-08  2.40586502e-10 
 2.51188643e+00  9.90001052e-03  2.46190481e-05 -9.90099989e-01  2.46190481e-05  9.90001052e-08  2.46190481e-10 
 2.57039578e+00  9.90001055e-03  2.51924994e-05 -9.90099989e-01  2.51924994e-05  9.90001055e-08  2.51924994e-10 
 2.63026799e+00  9.90001058e-03  2.57793081e-05 -9.90099989e-01  2.57793081e-05  9.90001058e-08  2.57793081e-10 
 2.69153480e+00  9.90001061e-03  2.63797854e-05 -9.90099989e-01  2.63797854e-05  9.90001061e-08  2.63797854e-10 
 2.75422870e+00  9.90001064e-03  2.69942495e-05 -9.90099989e-01  2.69942495e-05  9.90001064e-08  2.69942495e-10 
 2.81838293e+00  9.90001068e-03  2.76230263e-05 -9.90099989e-01  2.76230263e-05  9.90001068e-08  2.76230263e-10 
 2.88403150e+00  9.90001072e-03  2.82664493e-05 -9.90099989e-01  2.82664493e-05  9.90001072e-08  2.82664493e-10 
 2.95120923e+00  9.90001075e-03  2.89248595e-05 -9.90099989e-01  2.89248595e-05  9.90001075e-08  2.89248595e-10 
 3.01995172e+00  9.90001079e-03  2.95986060e-05 -9.90099989e-01  2.95986060e-05  9.90001079e-08  2.95986060e-10 
 3.09029543e+00  9.90001084e-03  3.02880461e-05 -9.90099989e-01  3.02880461e-05  9.90001084e-08  3.02880461e-10 
 3.16227766e+00  9.90001088e-03  3.09935453e-05 -9.90099989e-01  3.09935453e-05  9.90001088e-08  3.09935453e-10 
 3.23593657e+00  9.90001093e-03  3.17154777e-05 -9.90099989e-01  3.17154777e-05  9.90001093e-08  3.17154777e-10 
 3.31131121e+00  9.90001097e-03  3.24542261e-05 -9.90099989e-01  3.24542261e-05  9.90001097e-08  3.24542261e-10 
 3.38844156e+00  9.90001103e-03  3.32101821e-05 -9.90099989e-01  3.32101821e-05  9.90001103e-08  3.32101821e-10 
 3.46736850e+00  9.90001108e-03  3.39837466e-05 -9.90099989e-01  3.39837466e-05  9.90001108e-08  3.39837466e-10 
 3.54813389e+00  9.90001113e-03  3.47753298e-05 -9.90099989e-01  3.47753298e-05  9.90001113e-08  3.47753298e-10 
 3.63078055e+00  9.90001119e-03  3.55853513e-05 -9.90099989e-01  3.55853513e-05  9.90001119e-08  3.55853513e-10 
 3.71535229e+00  9.90001125e-03  3.64142406e-05 -9.90099989e-01  3.64142406e-05  9.90001125e-08  3.64142406e-10 
 3.80189396e+00  9.90001132e-03  3.72624372e-05 -9.90099989e-01  3.72624372e-05  9.90001132e-08  3.72624372e-10 
 3.89045145e+00  9.90001138e-03  3.81303909e-05 -9.90099989e-01  3.81303909e-05  9.90001138e-08  3.81303909e-10 
 3.98107171e+00  9.90001145e-03  3.90185618e-05 -9.90099989e-01  3.90185618e-05  9.90001145e-08  3.90185618e-10 
 4.07380278e+00  9.90001153e-03  3.99274208e-05 -9.90099988e-01  3.99274208e-05  9.90001153e-08  3.99274208e-10 
 4.16869383e+00  9.90001160e-03  4.08574499e-05 -9.90099988e-01  4.08574499e-05  9.90001160e-08  4.08574499e-10 
 4.26579519e+00  9.90001168e-03  4.18091422e-05 -9.90099988e-01  4.18091422e-05  9.90001168e-08  4.18091422e-10 
 4.36515832e+00  9.90001177e-03  4.27830022e-05 -9.90099988e-01  4.27830022e-05  9.90001177e-08  4.27830022e-10 
 4.46683592e+00  9.90001186e-03  4.37795463e-05 -9.90099988e-01  4.37795463e-05  9.90001186e-08  4.37795463e-10 
 4.57088190e+00  9.90001195e-03  4.47993030e-05 -9.90099988e-01  4.47993030e-05  9.90001195e-08  4.47993030e-10 
 4.67735141e+00  9.90001204e-03  4.58428128e-05 -9.90099988e-01  4.58428128e-05  9.90001204e-08  4.58428128e-10 
 4.78630092e+00  9.90001215e-03  4.69106291e-05 -9.90099988e-01  4.69106291e-05  9.90001215e-08  4.69106291e-10 
 4.89778819e+00  9.90001225e-03  4.80033180e-05 -9.90099988e-01  4.80033180e-05  9.90001225e-08  4.80033180e-10 
 5.01187234e+00  9.90001236e-03  4.91214589e-05 -9.90099988e-01  4.91214589e-05  9.90001236e-08  4.91214589e-10 
 5.12861384e+00  9.90001248e-03  5.02656446e-05 -9.90099988e-01  5.02656446e-05  9.90001248e-08  5.02656446e-10 
 5.24807460e+00  9.90001260e-03  5.14364819e-05 -9.90099987e-01  5.14364819e-05  9.90001260e-08  5.14364819e-10 
 5.37031796e+00  9.90001273e-03  5.26345915e-05 -9.90099987e-01  5.26345915e-05  9.90001273e-08  5.26345915e-10 
 5.49540874e+00  9.90001286e-03  5.38606086e-05 -9.90099987e-01  5.38606086e-05  9.90001286e-08  5.38606086e-10 
 5.62341325e+00  9.90001300e-03  5.51151833e-05 -9.90099987e-01  5.51151833e-05  9.90001300e-08  5.51151833e-10 
 5.75439937e+00  9.90001315e-03  5.63989809e-05 -9.90099987e-01  5.63989809e-05  9.90001315e-08  5.63989809e-10 
 5.88843655e+00  9.90001330e-03  5.77126819e-05 -9.90099987e-01  5.77126819e-05  9.90001330e-08  5.77126819e-10 
 6.02559586e+00  9.90001346e-03  5.90569829e-05 -9.90099987e-01  5.90569829e-05  9.90001346e-08  5.90569829e-10 
 6.16595002e+00  9.90001363e-03  6.04325968e-05 -9.90099986e-01  6.04325968e-05  9.90001363e-08  6.04325968e-10 
 6.30957344e+00  9.90001380e-03  6.18402528e-05 -9.90099986e-01  6.18402528e-05  9.90001380e-08  6.18402528e-10 
 6.45654229e+00  9.90001399e-03  6.32806973e-05 -9.90099986e-01  6.32806973e-05  9.90001399e-08  6.32806973e-10 
 6.60693448e+00  9.90001418e-03  6.47546941e-05 -9.90099986e-01  6.47546941e-05  9.90001418e-08  6.47546941e-10 
 6.76082975e+00  9.90001438e-03  6.62630246e-05 -9.90099986e-01  6.62630246e-05  9.90001438e-08  6.62630246e-10 
 6.91830971e+00  9.90001459e-03  6.78064888e-05 -9.90099985e-01  6.78064888e-05  9.90001459e-08  6.78064888e-10 
 7.07945784e+00  9.90001481e-03  6.93859048e-05 -9.90099985e-01  6.93859048e-05  9.90001481e-08  6.93859048e-10 
 7.24435960e+00  9.90001504e-03  7.10021101e-05 -9.90099985e-01  7.10021101e-05  9.90001504e-08  7.10021101e-10 
 7.41310241e+00  9.90001529e-03  7.26559617e-05 -9.90099985e-01  7.26559617e-05  9.90001529e-08  7.26559617e-10 
 7.58577575e+00  9.90001554e-03  7.43483364e-05 -9.90099984e-01  7.43483364e-05  9.90001554e-08  7.43483364e-10 
 7.76247117e+00  9.90001581e-03  7.60801316e-05 -9.90099984e-01  7.60801316e-05  9.90001581e-08  7.60801316e-10 
 7.94328235e+00  9.90001608e-03  7.78522655e-05 -9.90099984e-01  7.78522655e-05  9.90001608e-08  7.78522655e-10 
 8.12830516e+00  9.90001637e-03  7.96656777e-05 -9.90099984e-01  7.96656777e-05  9.90001637e-08  7.96656777e-10 
 8.31763771e+00  9.90001668e-03  8.15213297e-05 -9.90099983e-01  8.15213297e-05  9.90001668e-08  8.15213297e-10 
 8.51138038e+00  9.90001700e-03  8.34202054e-05 -9.90099983e-01  8.34202054e-05  9.90001700e-08  8.34202054e-10 
 8.70963590e+00  9.90001733e-03  8.53633115e-05 -9.90099983e-01  8.53633115e-05  9.90001733e-08  8.53633115e-10 
 8.91250938e+00  9.90001768e-03  8.73516785e-05 -9.90099982e-01  8.73516785e-05  9.90001768e-08  8.73516785e-10 
 9.12010839e+00  9.90001805e-03  8.93863604e-05 -9.90099982e-01  8.93863604e-05  9.90001805e-08  8.93863604e-10 
 9.33254301e+00  9.90001844e-03  9.14684362e-05 -9.90099982e-01  9.14684362e-05  9.90001844e-08  9.14684362e-10 
 9.54992586e+00  9.90001884e-03  9.35990097e-05 -9.90099981e-01  9.35990097e-05  9.90001884e-08  9.35990097e-10 
 9.77237221e+00  9.90001926e-03  9.57792107e-05 -9.90099981e-01  9.57792107e-05  9.90001926e-08  9.57792107e-10 
 1.00000000e+01  9.90001970e-03  9.80101950e-05 -9.90099980e-01  9.80101950e-05  9.90001970e-08  9.80101950e-10 
 1.02329299e+01  9.90002016e-03  1.00293146e-04 -9.90099980e-01  1.00293146e-04  9.90002016e-08  1.00293146e-09 
 1.04712855e+01  9.90002065e-03  1.02629273e-04 -9.90099979e-01  1.02629273e-04  9.90002065e-08  1.02629273e-09 
 1.07151931e+01  9.90002115e-03  1.05019816e-04 -9.90099979e-01  1.05019816e-04  9.90002115e-08  1.05019816e-09 
 1.09647820e+01  9.90002168e-03  1.07466042e-04 -9.90099978e-01  1.07466042e-04  9.90002168e-08  1.07466042e-09 
 1.12201845e+01  9.90002224e-03  1.09969247e-04 -9.90099978e-01  1.09969247e-04  9.90002224e-08  1.09969247e-09 
 1.14815362e+01  9.90002282e-03  1.12530760e-04 -9.90099977e-01  1.12530760e-04  9.90002282e-08  1.12530760e-09 
 1.17489755e+01  9.90002343e-03  1.15151938e-04 -9.90099977e-01  1.15151938e-04  9.90002343e-08  1.15151938e-09 
 1.20226443e+01  9.90002407e-03  1.17834171e-04 -9.90099976e-01  1.17834171e-04  9.90002407e-08  1.17834171e-09 
 1.23026877e+01  9.90002473e-03  1.20578882e-04 -9.90099975e-01  1.20578882e-04  9.90002473e-08  1.20578882e-09 
 1.25892541e+01  9.90002543e-03  1.23387524e-04 -9.90099975e-01  1.23387524e-04  9.90002543e-08  1.23387524e-09 
 1.28824955e+01  9.90002616e-03  1.26261589e-04 -9.90099974e-01  1.26261589e-04  9.90002616e-08  1.26261589e-09 
 1.31825674e+01  9.90002693e-03  1.29202599e-04 -9.90099973e-01  1.29202599e-04  9.90002693e-08  1.29202599e-09 
 1.34896288e+01  9.90002773e-03  1.32212114e-04 -9.90099972e-01  1.32212114e-04  9.90002773e-08  1.32212114e-09 
 1.38038426e+01  9.90002857e-03  1.35291730e-04 -9.90099971e-01  1.35291730e-04  9.90002857e-08  1.35291730e-09 
 1.41253754e+01  9.90002945e-03  1.38443079e-04 -9.90099971e-01  1.38443079e-04  9.90002945e-08  1.38443079e-09 
 1.44543977e+01  9.90003038e-03  1.41667832e-04 -9.90099970e-01  1.41667832e-04  9.90003038e-08  1.41667832e-09 
 1.47910839e+01  9.90003134e-03  1.44967700e-04 -9.90099969e-01  1.44967700e-04  9.90003134e-08  1.44967700e-09 
 1.51356125e+01  9.90003235e-03  1.48344431e-04 -9.90099968e-01  1.48344431e-04  9.90003235e-08  1.48344431e-09 
 1.54881662e+01  9.90003341e-03  1.51799817e-04 -9.90099967e-01  1.51799817e-04  9.90003341e-08  1.51799817e-09 
 1.58489319e+01  9.90003452e-03  1.55335689e-04 -9.90099965e-01  1.55335689e-04  9.90003452e-08  1.55335689e-09 
 1.62181010e+01  9.90003568e-03  1.58953921e-04 -9.90099964e-01  1.58953921e-04  9.90003568e-08  1.58953921e-09 
 1.65958691e+01  9.90003689e-03  1.62656434e-04 -9.90099963e-01  1.62656434e-04  9.90003689e-08  1.62656434e-09 
 1.69824365e+01  9.90003816e-03  1.66445188e-04 -9.90099962e-01  1.66445188e-04  9.90003816e-08  1.66445188e-09 
 1.73780083e+01  9.90003950e-03  1.70322195e-04 -9.90099961e-01  1.70322195e-04  9.90003950e-08  1.70322195e-09 
 1.77827941e+01  9.90004089e-03  1.74289508e-04 -9.90099959e-01  1.74289508e-04  9.90004089e-08  1.74289508e-09 
 1.81970086e+01  9.90004235e-03  1.78349232e-04 -9.90099958e-01  1.78349232e-04  9.90004235e-08  1.78349232e-09 
 1.86208714e+01  9.90004388e-03  1.82503519e-04 -9.90099956e-01  1.82503519e-04  9.90004388e-08  1.82503519e-09 
 1.90546072e+01  9.90004548e-03  1.86754572e-04 -9.90099955e-01  1.86754572e-04  9.90004548e-08  1.86754572e-09 
 1.94984460e+01  9.90004716e-03  1.91104644e-04 -9.90099953e-01  1.91104644e-04  9.90004716e-08  1.91104644e-09 
 1.99526231e+01  9.90004891e-03  1.95556043e-04 -9.90099951e-01  1.95556043e-04  9.90004891e-08  1.95556043e-09 
 2.04173794e+01  9.90005075e-03  2.00111128e-04 -9.90099949e-01  2.00111128e-04  9.90005075e-08  2.00111128e-09 
 2.08929613e+01  9.90005268e-03  2.04772314e-04 -9.90099947e-01  2.04772314e-04  9.90005268e-08  2.04772314e-09 
 2.13796209e+01  9.90005469e-03  2.09542074e-04 -9.90099945e-01  2.09542074e-04  9.90005469e-08  2.09542074e-09 
 2.18776162e+01  9.90005681e-03  2.14422935e-04 -9.90099943e-01  2.14422935e-04  9.90005681e-08  2.14422935e-09 
 2.23872114e+01  9.90005902e-03  2.19417487e-04 -9.90099941e-01  2.19417487e-04  9.90005902e-08  2.19417487e-09 
 2.29086765e+01  9.90006133e-03  2.24528376e-04 -9.90099939e-01  2.24528376e-04  9.90006133e-08  2.24528376e-09 
 2.34422882e+01  9.90006376e-03  2.29758313e-04 -9.90099936e-01  2.29758313e-04  9.90006376e-08  2.29758313e-09 
 2.39883292e+01  9.90006629e-03  2.35110071e-04 -9.90099934e-01  2.35110071e-04  9.90006629e-08  2.35110071e-09 
 2.45470892e+01  9.90006895e-03  2.40586488e-04 -9.90099931e-01  2.40586488e-04  9.90006895e-08  2.40586488e-09 
 2.51188643e+01  9.90007173e-03  2.46190466e-04 -9.90099928e-01  2.46190466e-04  9.90007173e-08  2.46190466e-09 
 2.57039578e+01  9.90007465e-03  2.51924978e-04 -9.90099925e-01  2.51924978e-04  9.90007465e-08  2.51924978e-09 
 2.63026799e+01  9.90007770e-03  2.57793064e-04 -9.90099922e-01  2.57793064e-04  9.90007770e-08  2.57793064e-09 
 2.69153480e+01  9.90008090e-03  2.63797835e-04 -9.90099919e-01  2.63797835e-04  9.90008090e-08  2.63797835e-09 
 2.75422870e+01  9.90008424e-03  2.69942475e-04 -9.90099916e-01  2.69942475e-04  9.90008424e-08  2.69942475e-09 
 2.81838293e+01  9.90008774e-03  2.76230242e-04 -9.90099912e-01  2.76230242e-04  9.90008774e-08  2.76230242e-09 
 2.88403150e+01  9.90009141e-03  2.82664469e-04 -9.90099909e-01  2.82664469e-04  9.90009141e-08  2.82664469e-09 
 2.95120923e+01  9.90009525e-03  2.89248570e-04 -9.90099905e-01  2.89248570e-04  9.90009525e-08  2.89248570e-09 
 3.01995172e+01  9.90009928e-03  2.95986033e-04 -9.90099901e-01  2.95986033e-04  9.90009928e-08  2.95986033e-09 
 3.09029543e+01  9.90010349e-03  3.02880432e-04 -9.90099897e-01  3.02880432e-04  9.90010349e-08  3.02880432e-09 
 3.16227766e+01  9.90010790e-03  3.09935422e-04 -9.90099892e-01  3.09935422e-04  9.90010790e-08  3.09935422e-09 
 3.23593657e+01  9.90011252e-03  3.17154744e-04 -9.90099887e-01  3.17154744e-04  9.90011252e-08  3.17154744e-09 
 3.31131121e+01  9.90011736e-03  3.24542226e-04 -9.90099883e-01  3.24542226e-04  9.90011736e-08  3.24542226e-09 
 3.38844156e+01  9.90012242e-03  3.32101784e-04 -9.90099878e-01  3.32101784e-04  9.90012242e-08  3.32101784e-09 
 3.46736850e+01  9.90012772e-03  3.39837426e-04 -9.90099872e-01  3.39837426e-04  9.90012772e-08  3.39837426e-09 
 3.54813389e+01  9.90013328e-03  3.47753255e-04 -9.90099867e-01  3.47753255e-04  9.90013328e-08  3.47753255e-09 
 3.63078055e+01  9.90013909e-03  3.55853466e-04 -9.90099861e-01  3.55853466e-04  9.90013909e-08  3.55853466e-09 
 3.71535229e+01  9.90014518e-03  3.64142356e-04 -9.90099855e-01  3.64142356e-04  9.90014518e-08  3.64142356e-09 
 3.80189396e+01  9.90015155e-03  3.72624319e-04 -9.90099848e-01  3.72624319e-04  9.90015155e-08  3.72624319e-09 
 3.89045145e+01  9.90015823e-03  3.81303852e-04 -9.90099842e-01  3.81303852e-04  9.90015823e-08  3.81303852e-09 
 3.98107171e+01  9.90016522e-03  3.90185556e-04 -9.90099835e-01  3.90185556e-04  9.90016522e-08  3.90185556e-09 
 4.07380278e+01  9.90017254e-03  3.99274143e-04 -9.90099827e-01  3.99274143e-04  9.90017254e-08  3.99274143e-09 
 4.16869383e+01  9.90018021e-03  4.08574429e-04 -9.90099820e-01  4.08574429e-04  9.90018021e-08  4.08574429e-09 
 4.26579519e+01  9.90018823e-03  4.18091347e-04 -9.90099812e-01  4.18091347e-04  9.90018823e-08  4.18091347e-09 
 4.36515832e+01  9.90019664e-03  4.27829941e-04 -9.90099803e-01  4.27829941e-04  9.90019664e-08  4.27829941e-09 
 4.46683592e+01  9.90020544e-03  4.37795377e-04 -9.90099795e-01  4.37795377e-04  9.90020544e-08  4.37795377e-09 
 4.57088190e+01  9.90021465e-03  4.47992937e-04 -9.90099785e-01  4.47992937e-04  9.90021465e-08  4.47992937e-09 
 4.67735141e+01  9.90022430e-03  4.58428029e-04 -9.90099776e-01  4.58428029e-04  9.90022430e-08  4.58428029e-09 
 4.78630092e+01  9.90023441e-03  4.69106184e-04 -9.90099766e-01  4.69106184e-04  9.90023441e-08  4.69106184e-09 
 4.89778819e+01  9.90024499e-03  4.80033066e-04 -9.90099755e-01  4.80033066e-04  9.90024499e-08  4.80033066e-09 
 5.01187234e+01  9.90025607e-03  4.91214467e-04 -9.90099744e-01  4.91214467e-04  9.90025607e-08  4.91214467e-09 
 5.12861384e+01  9.90026767e-03  5.02656316e-04 -9.90099732e-01  5.02656316e-04  9.90026767e-08  5.02656316e-09 
 5.24807460e+01  9.90027982e-03  5.14364679e-04 -9.90099720e-01  5.14364679e-04  9.90027982e-08  5.14364679e-09 
 5.37031796e+01  9.90029254e-03  5.26345765e-04 -9.90099707e-01  5.26345765e-04  9.90029254e-08  5.26345765e-09 
 5.49540874e+01  9.90030586e-03  5.38605925e-04 -9.90099694e-01  5.38605925e-04  9.90030586e-08  5.38605925e-09 
 5.62341325e+01  9.90031980e-03  5.51151661e-04 -9.90099680e-01  5.51151661e-04  9.90031980e-08  5.51151661e-09 
 5.75439937e+01  9.90033441e-03  5.63989624e-04 -9.90099666e-01  5.63989624e-04  9.90033441e-08  5.63989624e-09 
 5.88843655e+01  9.90034970e-03  5.77126621e-04 -9.90099650e-01  5.77126621e-04  9.90034970e-08  5.77126621e-09 
 6.02559586e+01  9.90036572e-03  5.90569617e-04 -9.90099634e-01  5.90569617e-04  9.90036572e-08  5.90569617e-09 
 6.16595002e+01  9.90038249e-03  6.04325740e-04 -9.90099618e-01  6.04325740e-04  9.90038249e-08  6.04325740e-09 
 6.30957344e+01  9.90040005e-03  6.18402284e-04 -9.90099600e-01  6.18402284e-04  9.90040005e-08  6.18402284e-09 
 6.45654229e+01  9.90041843e-03  6.32806712e-04 -9.90099582e-01  6.32806712e-04  9.90041843e-08  6.32806712e-09 
 6.60693448e+01  9.90043769e-03  6.47546661e-04 -9.90099562e-01  6.47546661e-04  9.90043769e-08  6.47546661e-09 
 6.76082975e+01  9.90045785e-03  6.62629947e-04 -9.90099542e-01  6.62629947e-04  9.90045785e-08  6.62629947e-09 
 6.91830971e+01  9.90047896e-03  6.78064566e-04 -9.90099521e-01  6.78064566e-04  9.90047896e-08  6.78064566e-09 
 7.07945784e+01  9.90050107e-03  6.93858703e-04 -9.90099499e-01  6.93858703e-04  9.90050107e-08  6.93858703e-09 
 7.24435960e+01  9.90052421e-03  7.10020732e-04 -9.90099476e-01  7.10020732e-04  9.90052421e-08  7.10020732e-09 
 7.41310241e+01  9.90054845e-03  7.26559221e-04 -9.90099452e-01  7.26559221e-04  9.90054845e-08  7.26559221e-09 
 7.58577575e+01  9.90057383e-03  7.43482941e-04 -9.90099426e-01  7.43482941e-04  9.90057383e-08  7.43482941e-09 
 7.76247117e+01  9.90060041e-03  7.60800862e-04 -9.90099400e-01  7.60800862e-04  9.90060041e-08  7.60800862e-09 
 7.94328235e+01  9.90062824e-03  7.78522169e-04 -9.90099372e-01  7.78522169e-04  9.90062824e-08  7.78522169e-09 
 8.12830516e+01  9.90065738e-03  7.96656256e-04 -9.90099343e-01  7.96656256e-04  9.90065738e-08  7.96656256e-09 
 8.31763771e+01  9.90068790e-03  8.15212739e-04 -9.90099312e-01  8.15212739e-04  9.90068790e-08  8.15212739e-09 
 8.51138038e+01  9.90071985e-03  8.34201455e-04 -9.90099280e-01  8.34201455e-04  9.90071985e-08  8.34201455e-09 
 8.70963590e+01  9.90075331e-03  8.53632474e-04 -9.90099247e-01  8.53632474e-04  9.90075331e-08  8.53632474e-09 
 8.91250938e+01  9.90078834e-03  8.73516098e-04 -9.90099212e-01  8.73516098e-04  9.90078834e-08  8.73516098e-09 
 9.12010839e+01  9.90082503e-03  8.93862868e-04 -9.90099175e-01  8.93862868e-04  9.90082503e-08  8.93862868e-09 
 9.33254301e+01  9.90086345e-03  9.14683573e-04 -9.90099137e-01  9.14683573e-04  9.90086345e-08  9.14683573e-09 
 9.54992586e+01  9.90090367e-03  9.35989252e-04 -9.90099096e-01  9.35989252e-04  9.90090367e-08  9.35989252e-09 
 9.77237221e+01  9.90094580e-03  9.57791201e-04 -9.90099054e-01  9.57791201e-04  9.90094580e-08  9.57791201e-09 
 1.00000000e+02  9.90098990e-03  9.80100980e-04 -9.90099010e-01  9.80100980e-04  9.90098990e-08  9.80100980e-09 
 1.02329299e+02  9.90103609e-03  1.00293042e-03 -9.90098964e-01  1.00293042e-03  9.90103609e-08  1.00293042e-08 
 1.04712855e+02  9.90108445e-03  1.02629162e-03 -9.90098916e-01  1.02629162e-03  9.90108445e-08  1.02629162e-08 
 1.07151931e+02  9.90113509e-03  1.05019697e-03 -9.90098865e-01  1.05019697e-03  9.90113509e-08  1.05019697e-08 
 1.09647820e+02  9.90118812e-03  1.07465914e-03 -9.90098812e-01  1.07465914e-03  9.90118812e-08  1.07465914e-08 
 1.12201845e+02  9.90124365e-03  1.09969110e-03 -9.90098756e-01  1.09969110e-03  9.90124365e-08  1.09969110e-08 
 1.14815362e+02  9.90130180e-03  1.12530613e-03 -9.90098698e-01  1.12530613e-03  9.90130180e-08  1.12530613e-08 
 1.17489755e+02  9.90136268e-03  1.15151781e-03 -9.90098637e-01  1.15151781e-03  9.90136268e-08  1.15151781e-08 
 1.20226443e+02  9.90142644e-03  1.17834003e-03 -9.90098574e-01  1.17834003e-03  9.90142644e-08  1.17834003e-08 
 1.23026877e+02  9.90149320e-03  1.20578701e-03 -9.90098507e-01  1.20578701e-03  9.90149320e-08  1.20578701e-08 
 1.25892541e+02  9.90156310e-03  1.23387331e-03 -9.90098437e-01  1.23387331e-03  9.90156310e-08  1.23387331e-08 
 1.28824955e+02  9.90163630e-03  1.26261382e-03 -9.90098364e-01  1.26261382e-03  9.90163630e-08  1.26261382e-08 
 1.31825674e+02  9.90171295e-03  1.29202377e-03 -9.90098287e-01  1.29202377e-03  9.90171295e-08  1.29202377e-08 
 1.34896288e+02  9.90179321e-03  1.32211876e-03 -9.90098207e-01  1.32211876e-03  9.90179321e-08  1.32211876e-08 
 1.38038426e+02  9.90187726e-03  1.35291475e-03 -9.90098123e-01  1.35291475e-03  9.90187726e-08  1.35291475e-08 
 1.41253754e+02  9.90196526e-03  1.38442805e-03 -9.90098035e-01  1.38442805e-03  9.90196526e-08  1.38442805e-08 
 1.44543977e+02  9.90205742e-03  1.41667539e-03 -9.90097943e-01  1.41667539e-03  9.90205742e-08  1.41667539e-08 
 1.47910839e+02  9.90215391e-03  1.44967386e-03 -9.90097846e-01  1.44967386e-03  9.90215391e-08  1.44967386e-08 
 1.51356125e+02  9.90225496e-03  1.48344095e-03 -9.90097745e-01  1.48344095e-03  9.90225496e-08  1.48344095e-08 
 1.54881662e+02  9.90236076e-03  1.51799456e-03 -9.90097639e-01  1.51799456e-03  9.90236076e-08  1.51799456e-08 
 1.58489319e+02  9.90247155e-03  1.55335302e-03 -9.90097528e-01  1.55335302e-03  9.90247155e-08  1.55335302e-08 
 1.62181010e+02  9.90258757e-03  1.58953508e-03 -9.90097412e-01  1.58953508e-03  9.90258757e-08  1.58953508e-08 
 1.65958691e+02  9.90270905e-03  1.62655990e-03 -9.90097291e-01  1.62655990e-03  9.90270905e-08  1.62655990e-08 
 1.69824365e+02  9.90283626e-03  1.66444713e-03 -9.90097164e-01  1.66444713e-03  9.90283626e-08  1.66444713e-08 
 1.73780083e+02  9.90296946e-03  1.70321686e-03 -9.90097031e-01  1.70321686e-03  9.90296946e-08  1.70321686e-08 
 1.77827941e+02  9.90310894e-03  1.74288963e-03 -9.90096891e-01  1.74288963e-03  9.90310894e-08  1.74288963e-08 
 1.81970086e+02  9.90325499e-03  1.78348647e-03 -9.90096745e-01  1.78348647e-03  9.90325499e-08  1.78348647e-08 
 1.86208714e+02  9.90340793e-03  1.82502893e-03 -9.90096592e-01  1.82502893e-03  9.90340793e-08  1.82502893e-08 
 1.90546072e+02  9.90356807e-03  1.86753901e-03 -9.90096432e-01  1.86753901e-03  9.90356807e-08  1.86753901e-08 
 1.94984460e+02  9.90373576e-03  1.91103925e-03 -9.90096264e-01  1.91103925e-03  9.90373576e-08  1.91103925e-08 
 1.99526231e+02  9.90391135e-03  1.95555272e-03 -9.90096089e-01  1.95555272e-03  9.90391135e-08  1.95555272e-08 
 2.04173794e+02  9.90409522e-03  2.00110302e-03 -9.90095905e-01  2.00110302e-03  9.90409522e-08  2.00110302e-08 
 2.08929613e+02  9.90428776e-03  2.04771430e-03 -9.90095712e-01  2.04771430e-03  9.90428776e-08  2.04771430e-08 
 2.13796209e+02  9.90448937e-03  2.09541126e-03 -9.90095511e-01  2.09541126e-03  9.90448937e-08  2.09541126e-08 
 2.18776162e+02  9.90470048e-03  2.14421920e-03 -9.90095300e-01  2.14421920e-03  9.90470048e-08  2.14421920e-08 
 2.23872114e+02  9.90492153e-03  2.19416398e-03 -9.90095078e-01  2.19416398e-03  9.90492153e-08  2.19416398e-08 
 2.29086765e+02  9.90515301e-03  2.24527210e-03 -9.90094847e-01  2.24527210e-03  9.90515301e-08  2.24527210e-08 
 2.34422882e+02  9.90539540e-03  2.29757063e-03 -9.90094605e-01  2.29757063e-03  9.90539540e-08  2.29757063e-08 
 2.39883292e+02  9.90564921e-03  2.35108732e-03 -9.90094351e-01  2.35108732e-03  9.90564921e-08  2.35108732e-08 
 2.45470892e+02  9.90591498e-03  2.40585053e-03 -9.90094085e-01  2.40585053e-03  9.90591498e-08  2.40585053e-08 
 2.51188643e+02  9.90619327e-03  2.46188929e-03 -9.90093807e-01  2.46188929e-03  9.90619327e-08  2.46188929e-08 
 2.57039578e+02  9.90648469e-03  2.51923330e-03 -9.90093515e-01  2.51923330e-03  9.90648469e-08  2.51923330e-08 
 2.63026799e+02  9.90678983e-03  2.57791298e-03 -9.90093210e-01  2.57791298e-03  9.90678983e-08  2.57791298e-08 
 2.69153480e+02  9.90710936e-03  2.63795943e-03 -9.90092891e-01  2.63795943e-03  9.90710936e-08  2.63795943e-08 
 2.75422870e+02  9.90744394e-03  2.69940448e-03 -9.90092556e-01  2.69940448e-03  9.90744394e-08  2.69940448e-08 
 2.81838293e+02  9.90779429e-03  2.76228070e-03 -9.90092206e-01  2.76228070e-03  9.90779429e-08  2.76228070e-08 
 2.88403150e+02  9.90816116e-03  2.82662142e-03 -9.90091839e-01  2.82662142e-03  9.90816116e-08  2.82662142e-08 
 2.95120923e+02  9.90854531e-03  2.89246076e-03 -9.90091455e-01  2.89246076e-03  9.90854531e-08  2.89246076e-08 
 3.01995172e+02  9.90894757e-03  2.95983361e-03 -9.90091052e-01  2.95983361e-03  9.90894757e-08  2.95983361e-08 
 3.09029543e+02  9.90936879e-03  3.02877569e-03 -9.90090631e-01  3.02877569e-03  9.90936879e-08  3.02877569e-08 
 3.16227766e+02  9.90980985e-03  3.09932355e-03 -9.90090190e-01  3.09932355e-03  9.90980985e-08  3.09932355e-08 
 3.23593657e+02  9.91027170e-03  3.17151457e-03 -9.90089728e-01  3.17151457e-03  9.91027170e-08  3.17151457e-08 
 3.31131121e+02  9.91075532e-03  3.24538703e-03 -9.90089245e-01  3.24538703e-03  9.91075532e-08  3.24538703e-08 
 3.38844156e+02  9.91126173e-03  3.32098009e-03 -9.90088738e-01  3.32098009e-03  9.91126173e-08  3.32098009e-08 
 3.46736850e+02  9.91179201e-03  3.39833382e-03 -9.90088208e-01  3.39833382e-03  9.91179201e-08  3.39833382e-08 
 3.54813389e+02  9.91234728e-03  3.47748921e-03 -9.90087653e-01  3.47748921e-03  9.91234728e-08  3.47748921e-08 
 3.63078055e+02  9.91292871e-03  3.55848823e-03 -9.90087071e-01  3.55848823e-03  9.91292871e-08  3.55848823e-08 
 3.71535229e+02  9.91353755e-03  3.64137381e-03 -9.90086462e-01  3.64137381e-03  9.91353755e-08  3.64137381e-08 
 3.80189396e+02  9.91417508e-03  3.72618988e-03 -9.90085825e-01  3.72618988e-03  9.91417508e-08  3.72618988e-08 
 3.89045145e+02  9.91484265e-03  3.81298139e-03 -9.90085157e-01  3.81298139e-03  9.91484265e-08  3.81298139e-08 
 3.98107171e+02  9.91554169e-03  3.90179436e-03 -9.90084458e-01  3.90179436e-03  9.91554169e-08  3.90179436e-08 
 4.07380278e+02  9.91627366e-03  3.99267584e-03 -9.90083726e-01  3.99267584e-03  9.91627366e-08  3.99267584e-08 
 4.16869383e+02  9.91704014e-03  4.08567401e-03 -9.90082960e-01  4.08567401e-03  9.91704014e-08  4.08567401e-08 
 4.26579519e+02  9.91784273e-03  4.18083816e-03 -9.90082157e-01  4.18083816e-03  9.91784273e-08  4.18083816e-08 
 4.36515832e+02  9.91868315e-03  4.27821872e-03 -9.90081317e-01  4.27821872e-03  9.91868315e-08  4.27821872e-08 
 4.46683592e+02  9.91956318e-03  4.37786731e-03 -9.90080437e-01  4.37786731e-03  9.91956318e-08  4.37786731e-08 
 4.57088190e+02  9.92048468e-03  4.47983673e-03 -9.90079515e-01  4.47983673e-03  9.92048468e-08  4.47983673e-08 
 4.67735141e+02  9.92144960e-03  4.58418102e-03 -9.90078550e-01  4.58418102e-03  9.92144960e-08  4.58418102e-08 
 4.78630092e+02  9.92246000e-03  4.69095547e-03 -9.90077540e-01  4.69095547e-03  9.92246000e-08  4.69095547e-08 
 4.89778819e+02  9.92351802e-03  4.80021668e-03 -9.90076482e-01  4.80021668e-03  9.92351802e-08  4.80021668e-08 
 5.01187234e+02  9.92462589e-03  4.91202254e-03 -9.90075374e-01  4.91202254e-03  9.92462589e-08  4.91202254e-08 
 5.12861384e+02  9.92578598e-03  5.02643230e-03 -9.90074214e-01  5.02643230e-03  9.92578598e-08  5.02643230e-08 
 5.24807460e+02  9.92700073e-03  5.14350657e-03 -9.90072999e-01  5.14350657e-03  9.92700073e-08  5.14350657e-08 
 5.37031796e+02  9.92827274e-03  5.26330740e-03 -9.90071727e-01  5.26330740e-03  9.92827274e-08  5.26330740e-08 
 5.49540874e+02  9.92960468e-03  5.38589826e-03 -9.90070395e-01  5.38589826e-03  9.92960468e-08  5.38589826e-08 
 5.62341325e+02  9.93099940e-03  5.51134410e-03 -9.90069001e-01  5.51134410e-03  9.93099940e-08  5.51134410e-08 
 5.75439937e+02  9.93245984e-03  5.63971139e-03 -9.90067540e-01  5.63971139e-03  9.93245984e-08  5.63971139e-08 
 5.88843655e+02  9.93398910e-03  5.77106814e-03 -9.90066011e-01  5.77106814e-03  9.93398910e-08  5.77106814e-08 
 6.02559586e+02  9.93559044e-03  5.90548394e-03 -9.90064410e-01  5.90548394e-03  9.93559044e-08  5.90548394e-08 
 6.16595002e+02  9.93726723e-03  6.04303000e-03 -9.90062733e-01  6.04303000e-03  9.93726723e-08  6.04303000e-08 
 6.30957344e+02  9.93902305e-03  6.18377917e-03 -9.90060977e-01  6.18377917e-03  9.93902305e-08  6.18377917e-08 
 6.45654229e+02  9.94086160e-03  6.32780602e-03 -9.90059138e-01  6.32780602e-03  9.94086160e-08  6.32780602e-08 
 6.60693448e+02  9.94278680e-03  6.47518684e-03 -9.90057213e-01  6.47518684e-03  9.94278680e-08  6.47518684e-08 
 6.76082975e+02  9.94480272e-03  6.62599969e-03 -9.90055197e-01  6.62599969e-03  9.94480272e-08  6.62599969e-08 
 6.91830971e+02  9.94691364e-03  6.78032445e-03 -9.90053086e-01  6.78032445e-03  9.94691364e-08  6.78032445e-08 
 7.07945784e+02  9.94912403e-03  6.93824284e-03 -9.90050876e-01  6.93824284e-03  9.94912403e-08  6.93824284e-08 
 7.24435960e+02  9.95143859e-03  7.09983851e-03 -9.90048561e-01  7.09983851e-03  9.95143859e-08  7.09983851e-08 
 7.41310241e+02  9.95386222e-03  7.26519703e-03 -9.90046138e-01  7.26519703e-03  9.95386222e-08  7.26519703e-08 
 7.58577575e+02  9.95640005e-03  7.43440596e-03 -9.90043600e-01  7.43440596e-03  9.95640005e-08  7.43440596e-08 
 7.76247117e+02  9.95905748e-03  7.60755490e-03 -9.90040943e-01  7.60755490e-03  9.95905748e-08  7.60755490e-08 
 7.94328235e+02  9.96184013e-03  7.78473551e-03 -9.90038160e-01  7.78473551e-03  9.96184013e-08  7.78473551e-08 
 8.12830516e+02  9.96475391e-03  7.96604162e-03 -9.90035246e-01  7.96604162e-03  9.96475391e-08  7.96604162e-08 
 8.31763771e+02  9.96780499e-03  8.15156919e-03 -9.90032195e-01  8.15156919e-03  9.96780499e-08  8.15156919e-08 
 8.51138038e+02  9.97099984e-03  8.34141643e-03 -9.90029000e-01  8.34141643e-03  9.97099984e-08  8.34141643e-08 
 8.70963590e+02  9.97434524e-03  8.53568385e-03 -9.90025655e-01  8.53568385e-03  9.97434524e-08  8.53568385e-08 
 8.91250938e+02  9.97784828e-03  8.73447425e-03 -9.90022152e-01  8.73447425e-03  9.97784828e-08  8.73447425e-08 
 9.12010839e+02  9.98151638e-03  8.93789284e-03 -9.90018484e-01  8.93789284e-03  9.98151638e-08  8.93789284e-08 
 9.33254301e+02  9.98535733e-03  9.14604727e-03 -9.90014643e-01  9.14604727e-03  9.98535733e-08  9.14604727e-08 
 9.54992586e+02  9.98937926e-03  9.35904767e-03 -9.90010621e-01  9.35904767e-03  9.98937926e-08  9.35904767e-08 
 9.77237221e+02  9.99359071e-03  9.57700674e-03 -9.90006409e-01  9.57700674e-03  9.99359071e-08  9.57700674e-08 
 1.00000000e+03  9.99800060e-03  9.80003979e-03 -9.90001999e-01  9.80003979e-03  9.99800060e-08  9.80003979e-08 
 1.02329299e+03  1.00026183e-02  1.00282648e-02 -9.89997382e-01  1.00282648e-02  1.00026183e-07  1.00282648e-07 
 1.04712855e+03  1.00074535e-02  1.02618025e-02 -9.89992546e-01  1.02618025e-02  1.00074535e-07  1.02618025e-07 
 1.07151931e+03  1.00125166e-02  1.05007763e-02 -9.89987483e-01  1.05007763e-02  1.00125166e-07  1.05007763e-07 
 1.09647820e+03  1.00178182e-02  1.07453127e-02 -9.89982182e-01  1.07453127e-02  1.00178182e-07  1.07453127e-07 
 1.12201845e+03  1.00233697e-02  1.09955409e-02 -9.89976630e-01  1.09955409e-02  1.00233697e-07  1.09955409e-07 
 1.14815362e+03  1.00291827e-02  1.12515932e-02 -9.89970817e-01  1.12515932e-02  1.00291827e-07  1.12515932e-07 
 1.17489755e+03  1.00352696e-02  1.15136050e-02 -9.89964730e-01  1.15136050e-02  1.00352696e-07  1.15136050e-07 
 1.20226443e+03  1.00416432e-02  1.17817147e-02 -9.89958357e-01  1.17817147e-02  1.00416432e-07  1.17817147e-07 
 1.23026877e+03  1.00483172e-02  1.20560639e-02 -9.89951683e-01  1.20560639e-02  1.00483172e-07  1.20560639e-07 
 1.25892541e+03  1.00553056e-02  1.23367978e-02 -9.89944694e-01  1.23367978e-02  1.00553056e-07  1.23367978e-07 
 1.28824955e+03  1.00626233e-02  1.26240645e-02 -9.89937377e-01  1.26240645e-02  1.00626233e-07  1.26240645e-07 
 1.31825674e+03  1.00702857e-02  1.29180157e-02 -9.89929714e-01  1.29180157e-02  1.00702857e-07  1.29180157e-07 
 1.34896288e+03  1.00783090e-02  1.32188067e-02 -9.89921691e-01  1.32188067e-02  1.00783090e-07  1.32188067e-07 
 1.38038426e+03  1.00867104e-02  1.35265963e-02 -9.89913290e-01  1.35265963e-02  1.00867104e-07  1.35265963e-07 
 1.41253754e+03  1.00955076e-02  1.38415470e-02 -9.89904492e-01  1.38415470e-02  1.00955076e-07  1.38415470e-07 
 1.44543977e+03  1.01047192e-02  1.41638249e-02 -9.89895281e-01  1.41638249e-02  1.01047192e-07  1.41638249e-07 
 1.47910839e+03  1.01143647e-02  1.44936001e-02 -9.89885635e-01  1.44936001e-02  1.01143647e-07  1.44936001e-07 
 1.51356125e+03  1.01244646e-02  1.48310465e-02 -9.89875535e-01  1.48310465e-02  1.01244646e-07  1.48310465e-07 
 1.54881662e+03  1.01350403e-02  1.51763422e-02 -9.89864960e-01  1.51763422e-02  1.01350403e-07  1.51763422e-07 
 1.58489319e+03  1.01461142e-02  1.55296691e-02 -9.89853886e-01  1.55296691e-02  1.01461142e-07  1.55296691e-07 
 1.62181010e+03  1.01577097e-02  1.58912136e-02 -9.89842290e-01  1.58912136e-02  1.01577097e-07  1.58912136e-07 
 1.65958691e+03  1.01698514e-02  1.62611660e-02 -9.89830149e-01  1.62611660e-02  1.01698514e-07  1.62611660e-07 
 1.69824365e+03  1.01825649e-02  1.66397213e-02 -9.89817435e-01  1.66397213e-02  1.01825649e-07  1.66397213e-07 
 1.73780083e+03  1.01958773e-02  1.70270789e-02 -9.89804123e-01  1.70270789e-02  1.01958773e-07  1.70270789e-07 
 1.77827941e+03  1.02098167e-02  1.74234427e-02 -9.89790183e-01  1.74234427e-02  1.02098167e-07  1.74234427e-07 
 1.81970086e+03  1.02244126e-02  1.78290212e-02 -9.89775587e-01  1.78290212e-02  1.02244126e-07  1.78290212e-07 
 1.86208714e+03  1.02396960e-02  1.82440279e-02 -9.89760304e-01  1.82440279e-02  1.02396960e-07  1.82440279e-07 
 1.90546072e+03  1.02556991e-02  1.86686810e-02 -9.89744301e-01  1.86686810e-02  1.02556991e-07  1.86686810e-07 
 1.94984460e+03  1.02724558e-02  1.91032037e-02 -9.89727544e-01  1.91032037e-02  1.02724558e-07  1.91032037e-07 
 1.99526231e+03  1.02900017e-02  1.95478245e-02 -9.89709998e-01  1.95478245e-02  1.02900017e-07  1.95478245e-07 
 2.04173794e+03  1.03083738e-02  2.00027767e-02 -9.89691626e-01  2.00027767e-02  1.03083738e-07  2.00027767e-07 
 2.08929613e+03  1.03276110e-02  2.04682994e-02 -9.89672389e-01  2.04682994e-02  1.03276109e-07  2.04682994e-07 
 2.13796209e+03  1.03477540e-02  2.09446367e-02 -9.89652246e-01  2.09446367e-02  1.03477540e-07  2.09446367e-07 
 2.18776162e+03  1.03688454e-02  2.14320386e-02 -9.89631155e-01  2.14320386e-02  1.03688454e-07  2.14320386e-07 
 2.23872114e+03  1.03909299e-02  2.19307605e-02 -9.89609070e-01  2.19307605e-02  1.03909299e-07  2.19307605e-07 
 2.29086765e+03  1.04140541e-02  2.24410639e-02 -9.89585946e-01  2.24410639e-02  1.04140541e-07  2.24410639e-07 
 2.34422882e+03  1.04382669e-02  2.29632158e-02 -9.89561733e-01  2.29632158e-02  1.04382669e-07  2.29632158e-07 
 2.39883292e+03  1.04636196e-02  2.34974897e-02 -9.89536380e-01  2.34974897e-02  1.04636196e-07  2.34974897e-07 
 2.45470892e+03  1.04901657e-02  2.40441650e-02 -9.89509834e-01  2.40441650e-02  1.04901657e-07  2.40441650e-07 
 2.51188643e+03  1.05179614e-02  2.46035275e-02 -9.89482039e-01  2.46035275e-02  1.05179614e-07  2.46035275e-07 
 2.57039578e+03  1.05470653e-02  2.51758692e-02 -9.89452935e-01  2.51758692e-02  1.05470653e-07  2.51758692e-07 
 2.63026799e+03  1.05775390e-02  2.57614891e-02 -9.89422461e-01  2.57614891e-02  1.05775390e-07  2.57614891e-07 
 2.69153480e+03  1.06094469e-02  2.63606925e-02 -9.89390553e-01  2.63606925e-02  1.06094469e-07  2.63606925e-07 
 2.75422870e+03  1.06428563e-02  2.69737918e-02 -9.89357144e-01  2.69737918e-02  1.06428563e-07  2.69737918e-07 
 2.81838293e+03  1.06778378e-02  2.76011064e-02 -9.89322162e-01  2.76011064e-02  1.06778378e-07  2.76011064e-07 
 2.88403150e+03  1.07144652e-02  2.82429625e-02 -9.89285535e-01  2.82429625e-02  1.07144652e-07  2.82429625e-07 
 2.95120923e+03  1.07528159e-02  2.88996939e-02 -9.89247184e-01  2.88996939e-02  1.07528159e-07  2.88996939e-07 
 3.01995172e+03  1.07929708e-02  2.95716417e-02 -9.89207029e-01  2.95716417e-02  1.07929708e-07  2.95716417e-07 
 3.09029543e+03  1.08350146e-02  3.02591546e-02 -9.89164985e-01  3.02591546e-02  1.08350146e-07  3.02591546e-07 
 3.16227766e+03  1.08790360e-02  3.09625889e-02 -9.89120964e-01  3.09625889e-02  1.08790360e-07  3.09625889e-07 
 3.23593657e+03  1.09251278e-02  3.16823089e-02 -9.89074872e-01  3.16823089e-02  1.09251278e-07  3.16823089e-07 
 3.31131121e+03  1.09733872e-02  3.24186868e-02 -9.89026613e-01  3.24186868e-02  1.09733872e-07  3.24186868e-07 
 3.38844156e+03  1.10239159e-02  3.31721030e-02 -9.88976084e-01  3.31721030e-02  1.10239159e-07  3.31721030e-07 
 3.46736850e+03  1.10768204e-02  3.39429464e-02 -9.88923180e-01  3.39429464e-02  1.10768204e-07  3.39429464e-07 
 3.54813389e+03  1.11322121e-02  3.47316140e-02 -9.88867788e-01  3.47316140e-02  1.11322121e-07  3.47316140e-07 
 3.63078055e+03  1.11902075e-02  3.55385117e-02 -9.88809792e-01  3.55385117e-02  1.11902075e-07  3.55385117e-07 
 3.71535229e+03  1.12509289e-02  3.63640542e-02 -9.88749071e-01  3.63640542e-02  1.12509289e-07  3.63640542e-07 
 3.80189396e+03  1.13145038e-02  3.72086650e-02 -9.88685496e-01  3.72086650e-02  1.13145038e-07  3.72086650e-07 
 3.89045145e+03  1.13810662e-02  3.80727769e-02 -9.88618934e-01  3.80727769e-02  1.13810662e-07  3.80727769e-07 
 3.98107171e+03  1.14507558e-02  3.89568316e-02 -9.88549244e-01  3.89568316e-02  1.14507558e-07  3.89568316e-07 
 4.07380278e+03  1.15237191e-02  3.98612807e-02 -9.88476281e-01  3.98612807e-02  1.15237191e-07  3.98612807e-07 
 4.16869383e+03  1.16001094e-02  4.07865851e-02 -9.88399891e-01  4.07865851e-02  1.16001094e-07  4.07865851e-07 
 4.26579519e+03  1.16800871e-02  4.17332153e-02 -9.88319913e-01  4.17332153e-02  1.16800871e-07  4.17332153e-07 
 4.36515832e+03  1.17638201e-02  4.27016521e-02 -9.88236180e-01  4.27016521e-02  1.17638201e-07  4.27016521e-07 
 4.46683592e+03  1.18514839e-02  4.36923859e-02 -9.88148516e-01  4.36923859e-02  1.18514839e-07  4.36923859e-07 
 4.57088190e+03  1.19432623e-02  4.47059177e-02 -9.88056738e-01  4.47059177e-02  1.19432623e-07  4.47059177e-07 
 4.67735141e+03  1.20393476e-02  4.57427584e-02 -9.87960652e-01  4.57427584e-02  1.20393476e-07  4.57427584e-07 
 4.78630092e+03  1.21399411e-02  4.68034299e-02 -9.87860059e-01  4.68034299e-02  1.21399411e-07  4.68034299e-07 
 4.89778819e+03  1.22452533e-02  4.78884644e-02 -9.87754747e-01  4.78884644e-02  1.22452533e-07  4.78884644e-07 
 5.01187234e+03  1.23555043e-02  4.89984050e-02 -9.87644496e-01  4.89984050e-02  1.23555043e-07  4.89984050e-07 
 5.12861384e+03  1.24709246e-02  5.01338055e-02 -9.87529075e-01  5.01338055e-02  1.24709246e-07  5.01338055e-07 
 5.24807460e+03  1.25917554e-02  5.12952312e-02 -9.87408245e-01  5.12952312e-02  1.25917554e-07  5.12952312e-07 
 5.37031796e+03  1.27182487e-02  5.24832582e-02 -9.87281751e-01  5.24832582e-02  1.27182487e-07  5.24832582e-07 
 5.49540874e+03  1.28506684e-02  5.36984741e-02 -9.87149332e-01  5.36984741e-02  1.28506684e-07  5.36984741e-07 
 5.62341325e+03  1.29892904e-02  5.49414777e-02 -9.87010710e-01  5.49414777e-02  1.29892904e-07  5.49414777e-07 
 5.75439937e+03  1.31344033e-02  5.62128796e-02 -9.86865597e-01  5.62128796e-02  1.31344033e-07  5.62128796e-07 
 5.88843655e+03  1.32863089e-02  5.75133018e-02 -9.86713691e-01  5.75133018e-02  1.32863089e-07  5.75133018e-07 
 6.02559586e+03  1.34453230e-02  5.88433781e-02 -9.86554677e-01  5.88433781e-02  1.34453230e-07  5.88433781e-07 
 6.16595002e+03  1.36117758e-02  6.02037540e-02 -9.86388224e-01  6.02037540e-02  1.36117758e-07  6.02037540e-07 
 6.30957344e+03  1.37860124e-02  6.15950871e-02 -9.86213988e-01  6.15950871e-02  1.37860124e-07  6.15950871e-07 
 6.45654229e+03  1.39683939e-02  6.30180466e-02 -9.86031606e-01  6.30180466e-02  1.39683939e-07  6.30180466e-07 
 6.60693448e+03  1.41592978e-02  6.44733139e-02 -9.85840702e-01  6.44733139e-02  1.41592978e-07  6.44733139e-07 
 6.76082975e+03  1.43591187e-02  6.59615820e-02 -9.85640881e-01  6.59615820e-02  1.43591187e-07  6.59615820e-07 
 6.91830971e+03  1.45682691e-02  6.74835564e-02 -9.85431731e-01  6.74835564e-02  1.45682691e-07  6.74835564e-07 
 7.07945784e+03  1.47871805e-02  6.90399542e-02 -9.85212820e-01  6.90399542e-02  1.47871805e-07  6.90399542e-07 
 7.24435960e+03  1.50163035e-02  7.06315044e-02 -9.84983696e-01  7.06315044e-02  1.50163035e-07  7.06315044e-07 
 7.41310241e+03  1.52561094e-02  7.22589482e-02 -9.84743891e-01  7.22589482e-02  1.52561094e-07  7.22589482e-07 
 7.58577575e+03  1.55070907e-02  7.39230384e-02 -9.84492909e-01  7.39230384e-02  1.55070907e-07  7.39230384e-07 
 7.76247117e+03  1.57697618e-02  7.56245394e-02 -9.84230238e-01  7.56245394e-02  1.57697618e-07  7.56245394e-07 
 7.94328235e+03  1.60446605e-02  7.73642274e-02 -9.83955339e-01  7.73642274e-02  1.60446605e-07  7.73642274e-07 
 8.12830516e+03  1.63323486e-02  7.91428899e-02 -9.83667651e-01  7.91428899e-02  1.63323486e-07  7.91428899e-07 
 8.31763771e+03  1.66334130e-02  8.09613256e-02 -9.83366587e-01  8.09613256e-02  1.66334130e-07  8.09613256e-07 
 8.51138038e+03  1.69484666e-02  8.28203444e-02 -9.83051533e-01  8.28203444e-02  1.69484666e-07  8.28203444e-07 
 8.70963590e+03  1.72781497e-02  8.47207667e-02 -9.82721850e-01  8.47207667e-02  1.72781497e-07  8.47207667e-07 
 8.91250938e+03  1.76231310e-02  8.66634234e-02 -9.82376869e-01  8.66634234e-02  1.76231310e-07  8.66634234e-07 
 9.12010839e+03  1.79841086e-02  8.86491556e-02 -9.82015891e-01  8.86491556e-02  1.79841086e-07  8.86491556e-07 
 9.33254301e+03  1.83618114e-02  9.06788139e-02 -9.81638189e-01  9.06788139e-02  1.83618114e-07  9.06788139e-07 
 9.54992586e+03  1.87570004e-02  9.27532583e-02 -9.81243000e-01  9.27532583e-02  1.87570004e-07  9.27532583e-07 
 9.77237221e+03  1.91704697e-02  9.48733574e-02 -9.80829530e-01  9.48733574e-02  1.91704697e-07  9.48733574e-07 
 1.00000000e+04  1.96030480e-02  9.70399883e-02 -9.80396952e-01  9.70399883e-02  1.96030480e-07  9.70399883e-07 
 1.02329299e+04  2.00556003e-02  9.92540352e-02 -9.79944400e-01  9.92540352e-02  2.00556003e-07  9.92540352e-07 
 1.04712855e+04  2.05290285e-02  1.01516390e-01 -9.79470972e-01  1.01516390e-01  2.05290285e-07  1.01516390e-06 
 1.07151931e+04  2.10242736e-02  1.03827949e-01 -9.78975726e-01  1.03827949e-01  2.10242736e-07  1.03827949e-06 
 1.09647820e+04  2.15423170e-02  1.06189616e-01 -9.78457683e-01  1.06189616e-01  2.15423170e-07  1.06189616e-06 
 1.12201845e+04  2.20841817e-02  1.08602297e-01 -9.77915818e-01  1.08602297e-01  2.20841817e-07  1.08602297e-06 
 1.14815362e+04  2.26509343e-02  1.11066904e-01 -9.77349066e-01  1.11066904e-01  2.26509343e-07  1.11066904e-06 
 1.17489755e+04  2.32436862e-02  1.13584350e-01 -9.76756314e-01  1.13584350e-01  2.32436862e-07  1.13584350e-06 
 1.20226443e+04  2.38635957e-02  1.16155547e-01 -9.76136404e-01  1.16155547e-01  2.38635957e-07  1.16155547e-06 
 1.23026877e+04  2.45118691e-02  1.18781410e-01 -9.75488131e-01  1.18781410e-01  2.45118691e-07  1.18781410e-06 
 1.25892541e+04  2.51897630e-02  1.21462851e-01 -9.74810237e-01  1.21462851e-01  2.51897630e-07  1.21462851e-06 
 1.28824955e+04  2.58985857e-02  1.24200779e-01 -9.74101414e-01  1.24200779e-01  2.58985857e-07  1.24200779e-06 
 1.31825674e+04  2.66396988e-02  1.26996099e-01 -9.73360301e-01  1.26996099e-01  2.66396988e-07  1.26996099e-06 
 1.34896288e+04  2.74145194e-02  1.29849708e-01 -9.72585481e-01  1.29849708e-01  2.74145194e-07  1.29849708e-06 
 1.38038426e+04  2.82245216e-02  1.32762496e-01 -9.71775478e-01  1.32762496e-01  2.82245216e-07  1.32762496e-06 
 1.41253754e+04  2.90712384e-02  1.35735342e-01 -9.70928762e-01  1.35735342e-01  2.90712384e-07  1.35735342e-06 
 1.44543977e+04  2.99562634e-02  1.38769112e-01 -9.70043737e-01  1.38769112e-01  2.99562634e-07  1.38769112e-06 
 1.47910839e+04  3.08812530e-02  1.41864657e-01 -9.69118747e-01  1.41864657e-01  3.08812530e-07  1.41864657e-06 
 1.51356125e+04  3.18479276e-02  1.45022812e-01 -9.68152072e-01  1.45022812e-01  3.18479276e-07  1.45022812e-06 
 1.54881662e+04  3.28580742e-02  1.48244389e-01 -9.67141926e-01  1.48244389e-01  3.28580742e-07  1.48244389e-06 
 1.58489319e+04  3.39135474e-02  1.51530180e-01 -9.66086453e-01  1.51530180e-01  3.39135474e-07  1.51530180e-06 
 1.62181010e+04  3.50162717e-02  1.54880948e-01 -9.64983728e-01  1.54880948e-01  3.50162717e-07  1.54880948e-06 
 1.65958691e+04  3.61682430e-02  1.58297428e-01 -9.63831757e-01  1.58297428e-01  3.61682430e-07  1.58297428e-06 
 1.69824365e+04  3.73715304e-02  1.61780322e-01 -9.62628470e-01  1.61780322e-01  3.73715304e-07  1.61780322e-06 
 1.73780083e+04  3.86282776e-02  1.65330293e-01 -9.61371722e-01  1.65330293e-01  3.86282776e-07  1.65330293e-06 
 1.77827941e+04  3.99407048e-02  1.68947968e-01 -9.60059295e-01  1.68947968e-01  3.99407048e-07  1.68947968e-06 
 1.81970086e+04  4.13111097e-02  1.72633923e-01 -9.58688890e-01  1.72633923e-01  4.13111097e-07  1.72633923e-06 
 1.86208714e+04  4.27418694e-02  1.76388690e-01 -9.57258131e-01  1.76388690e-01  4.27418694e-07  1.76388690e-06 
 1.90546072e+04  4.42354409e-02  1.80212745e-01 -9.55764559e-01  1.80212745e-01  4.42354409e-07  1.80212745e-06 
 1.94984460e+04  4.57943631e-02  1.84106503e-01 -9.54205637e-01  1.84106503e-01  4.57943631e-07  1.84106503e-06 
 1.99526231e+04  4.74212569e-02  1.88070319e-01 -9.52578743e-01  1.88070319e-01  4.74212569e-07  1.88070319e-06 
 2.04173794e+04  4.91188263e-02  1.92104474e-01 -9.50881174e-01  1.92104474e-01  4.91188263e-07  1.92104474e-06 
 2.08929613e+04  5.08898591e-02  1.96209178e-01 -9.49110141e-01  1.96209178e-01  5.08898591e-07  1.96209178e-06 
 2.13796209e+04  5.27372269e-02  2.00384556e-01 -9.47262773e-01  2.00384556e-01  5.27372269e-07  2.00384556e-06 
 2.18776162e+04  5.46638853e-02  2.04630646e-01 -9.45336115e-01  2.04630646e-01  5.46638853e-07  2.04630646e-06 
 2.23872114e+04  5.66728738e-02  2.08947394e-01 -9.43327126e-01  2.08947394e-01  5.66728738e-07  2.08947394e-06 
 2.29086765e+04  5.87673149e-02  2.13334643e-01 -9.41232685e-01  2.13334643e-01  5.87673149e-07  2.13334643e-06 
 2.34422882e+04  6.09504136e-02  2.17792128e-01 -9.39049586e-01  2.17792128e-01  6.09504136e-07  2.17792128e-06 
 2.39883292e+04  6.32254559e-02  2.22319467e-01 -9.36774544e-01  2.22319467e-01  6.32254559e-07  2.22319467e-06 
 2.45470892e+04  6.55958072e-02  2.26916158e-01 -9.34404193e-01  2.26916158e-01  6.55958072e-07  2.26916158e-06 
 2.51188643e+04  6.80649102e-02  2.31581566e-01 -9.31935090e-01  2.31581566e-01  6.80649102e-07  2.31581566e-06 
 2.57039578e+04  7.06362823e-02  2.36314914e-01 -9.29363718e-01  2.36314914e-01  7.06362823e-07  2.36314914e-06 
 2.63026799e+04  7.33135123e-02  2.41115282e-01 -9.26686488e-01  2.41115282e-01  7.33135123e-07  2.41115282e-06 
 2.69153480e+04  7.61002567e-02  2.45981591e-01 -9.23899743e-01  2.45981591e-01  7.61002567e-07  2.45981591e-06 
 2.75422870e+04  7.90002359e-02  2.50912597e-01 -9.20999764e-01  2.50912597e-01  7.90002359e-07  2.50912597e-06 
 2.81838293e+04  8.20172284e-02  2.55906882e-01 -9.17982772e-01  2.55906882e-01  8.20172284e-07  2.55906882e-06 
 2.88403150e+04  8.51550659e-02  2.60962846e-01 -9.14844934e-01  2.60962846e-01  8.51550659e-07  2.60962846e-06 
 2.95120923e+04  8.84176266e-02  2.66078697e-01 -9.11582373e-01  2.66078697e-01  8.84176266e-07  2.66078697e-06 
 3.01995172e+04  9.18088278e-02  2.71252441e-01 -9.08191172e-01  2.71252441e-01  9.18088278e-07  2.71252441e-06 
 3.09029543e+04  9.53326187e-02  2.76481875e-01 -9.04667381e-01  2.76481875e-01  9.53326187e-07  2.76481875e-06 
 3.16227766e+04  9.89929708e-02  2.81764575e-01 -9.01007029e-01  2.81764575e-01  9.89929708e-07  2.81764575e-06 
 3.23593657e+04  1.02793869e-01  2.87097890e-01 -8.97206131e-01  2.87097890e-01  1.02793869e-06  2.87097890e-06 
 3.31131121e+04  1.06739299e-01  2.92478933e-01 -8.93260701e-01  2.92478933e-01  1.06739299e-06  2.92478933e-06 
 3.38844156e+04  1.10833240e-01  2.97904572e-01 -8.89166760e-01  2.97904572e-01  1.10833240e-06  2.97904572e-06 
 3.46736850e+04  1.15079647e-01  3.03371421e-01 -8.84920353e-01  3.03371421e-01  1.15079647e-06  3.03371421e-06 
 3.54813389e+04  1.19482442e-01  3.08875834e-01 -8.80517558e-01  3.08875834e-01  1.19482442e-06  3.08875834e-06 
 3.63078055e+04  1.24045494e-01  3.14413896e-01 -8.75954506e-01  3.14413896e-01  1.24045494e-06  3.14413896e-06 
 3.71535229e+04  1.28772610e-01  3.19981420e-01 -8.71227390e-01  3.19981420e-01  1.28772610e-06  3.19981420e-06 
 3.80189396e+04  1.33667515e-01  3.25573938e-01 -8.66332485e-01  3.25573938e-01  1.33667515e-06  3.25573938e-06 
 3.89045145e+04  1.38733831e-01  3.31186699e-01 -8.61266169e-01  3.31186699e-01  1.38733831e-06  3.31186699e-06 
 3.98107171e+04  1.43975067e-01  3.36814661e-01 -8.56024933e-01  3.36814661e-01  1.43975067e-06  3.36814661e-06 
 4.07380278e+04  1.49394591e-01  3.42452494e-01 -8.50605409e-01  3.42452494e-01  1.49394591e-06  3.42452494e-06 
 4.16869383e+04  1.54995614e-01  3.48094573e-01 -8.45004386e-01  3.48094573e-01  1.54995614e-06  3.48094573e-06 
 4.26579519e+04  1.60781170e-01  3.53734982e-01 -8.39218830e-01  3.53734982e-01  1.60781170e-06  3.53734982e-06 
 4.36515832e+04  1.66754089e-01  3.59367513e-01 -8.33245911e-01  3.59367513e-01  1.66754089e-06  3.59367513e-06 
 4.46683592e+04  1.72916979e-01  3.64985668e-01 -8.27083021e-01  3.64985668e-01  1.72916979e-06  3.64985668e-06 
 4.57088190e+04  1.79272201e-01  3.70582667e-01 -8.20727799e-01  3.70582667e-01  1.79272201e-06  3.70582667e-06 
 4.67735141e+04  1.85821844e-01  3.76151451e-01 -8.14178156e-01  3.76151451e-01  1.85821844e-06  3.76151451e-06 
 4.78630092e+04  1.92567703e-01  3.81684692e-01 -8.07432297e-01  3.81684692e-01  1.92567703e-06  3.81684692e-06 
 4.89778819e+04  1.99511255e-01  3.87174803e-01 -8.00488745e-01  3.87174803e-01  1.99511255e-06  3.87174803e-06 
 5.01187234e+04  2.06653629e-01  3.92613950e-01 -7.93346371e-01  3.92613950e-01  2.06653629e-06  3.92613950e-06 
 5.12861384e+04  2.13995591e-01  3.97994068e-01 -7.86004409e-01  3.97994068e-01  2.13995591e-06  3.97994068e-06 
 5.24807460e+04  2.21537513e-01  4.03306876e-01 -7.78462487e-01  4.03306876e-01  2.21537513e-06  4.03306876e-06 
 5.37031796e+04  2.29279352e-01  4.08543898e-01 -7.70720648e-01  4.08543898e-01  2.29279352e-06  4.08543898e-06 
 5.49540874e+04  2.37220630e-01  4.13696483e-01 -7.62779370e-01  4.13696483e-01  2.37220630e-06  4.13696483e-06 
 5.62341325e+04  2.45360407e-01  4.18755832e-01 -7.54639593e-01  4.18755832e-01  2.45360407e-06  4.18755832e-06 
 5.75439937e+04  2.53697266e-01  4.23713022e-01 -7.46302734e-01  4.23713022e-01  2.53697266e-06  4.23713022e-06 
 5.88843655e+04  2.62229294e-01  4.28559033e-01 -7.37770706e-01  4.28559033e-01  2.62229294e-06  4.28559033e-06 
 6.02559586e+04  2.70954062e-01  4.33284783e-01 -7.29045938e-01  4.33284783e-01  2.70954062e-06  4.33284783e-06 
 6.16595002e+04  2.79868614e-01  4.37881158e-01 -7.20131386e-01  4.37881158e-01  2.79868614e-06  4.37881158e-06 
 6.30957344e+04  2.88969451e-01  4.42339049e-01 -7.11030549e-01  4.42339049e-01  2.88969451e-06  4.42339049e-06 
 6.45654229e+04  2.98252525e-01  4.46649386e-01 -7.01747475e-01  4.46649386e-01  2.98252525e-06  4.46649386e-06 
 6.60693448e+04  3.07713230e-01  4.50803180e-01 -6.92286770e-01  4.50803180e-01  3.07713231e-06  4.50803180e-06 
 6.76082975e+04  3.17346399e-01  4.54791558e-01 -6.82653601e-01  4.54791558e-01  3.17346399e-06  4.54791558e-06 
 6.91830971e+04  3.27146302e-01  4.58605809e-01 -6.72853698e-01  4.58605809e-01  3.27146302e-06  4.58605809e-06 
 7.07945784e+04  3.37106649e-01  4.62237423e-01 -6.62893351e-01  4.62237423e-01  3.37106649e-06  4.62237423e-06 
 7.24435960e+04  3.47220597e-01  4.65678133e-01 -6.52779403e-01  4.65678133e-01  3.47220597e-06  4.65678133e-06 
 7.41310241e+04  3.57480763e-01  4.68919958e-01 -6.42519237e-01  4.68919958e-01  3.57480763e-06  4.68919958e-06 
 7.58577575e+04  3.67879230e-01  4.71955243e-01 -6.32120770e-01  4.71955243e-01  3.67879230e-06  4.71955243e-06 
 7.76247117e+04  3.78407573e-01  4.74776706e-01 -6.21592427e-01  4.74776706e-01  3.78407573e-06  4.74776706e-06 
 7.94328235e+04  3.89056875e-01  4.77377473e-01 -6.10943125e-01  4.77377473e-01  3.89056875e-06  4.77377473e-06 
 8.12830516e+04  3.99817753e-01  4.79751118e-01 -6.00182247e-01  4.79751118e-01  3.99817753e-06  4.79751118e-06 
 8.31763771e+04  4.10680390e-01  4.81891704e-01 -5.89319610e-01  4.81891704e-01  4.10680390e-06  4.81891704e-06 
 8.51138038e+04  4.21634562e-01  4.83793814e-01 -5.78365438e-01  4.83793814e-01  4.21634562e-06  4.83793814e-06 
 8.70963590e+04  4.32669679e-01  4.85452587e-01 -5.67330321e-01  4.85452587e-01  4.32669679e-06  4.85452587e-06 
 8.91250938e+04  4.43774820e-01  4.86863743e-01 -5.56225180e-01  4.86863743e-01  4.43774820e-06  4.86863743e-06 
 9.12010839e+04  4.54938775e-01  4.88023616e-01 -5.45061225e-01  4.88023616e-01  4.54938775e-06  4.88023616e-06 
 9.33254301e+04  4.66150091e-01  4.88929174e-01 -5.33849909e-01  4.88929174e-01  4.66150091e-06  4.88929174e-06 
 9.54992586e+04  4.77397116e-01  4.89578034e-01 -5.22602884e-01  4.89578034e-01  4.77397116e-06  4.89578034e-06 
 9.77237221e+04  4.88668049e-01  4.89968487e-01 -5.11331951e-01  4.89968487e-01  4.88668049e-06  4.89968487e-06 
 1.00000000e+05  4.99950988e-01  4.90099498e-01 -5.00049012e-01  4.90099498e-01  4.99950988e-06  4.90099498e-06 
 1.02329299e+05  5.11233977e-01  4.89970720e-01 -4.88766023e-01  4.89970720e-01  5.11233977e-06  4.89970720e-06 
 1.04712855e+05  5.22505065e-01  4.89582496e-01 -4.77494935e-01  4.89582496e-01  5.22505065e-06  4.89582496e-06 
 1.07151931e+05  5.33752346e-01  4.88935851e-01 -4.66247654e-01  4.88935851e-01  5.33752346e-06  4.88935851e-06 
 1.09647820e+05  5.44964019e-01  4.88032492e-01 -4.55035981e-01  4.88032492e-01  5.44964019e-06  4.88032492e-06 
 1.12201845e+05  5.56128431e-01  4.86874793e-01 -4.43871569e-01  4.86874793e-01  5.56128431e-06  4.86874793e-06 
 1.14815362e+05  5.67234125e-01  4.85465783e-01 -4.32765875e-01  4.85465783e-01  5.67234125e-06  4.85465783e-06 
 1.17489755e+05  5.78269891e-01  4.83809123e-01 -4.21730109e-01  4.83809123e-01  5.78269891e-06  4.83809123e-06 
 1.20226443e+05  5.89224805e-01  4.81909085e-01 -4.10775195e-01  4.81909085e-01  5.89224805e-06  4.81909085e-06 
 1.23026877e+05  6.00088273e-01  4.79770528e-01 -3.99911727e-01  4.79770528e-01  6.00088273e-06  4.79770528e-06 
 1.25892541e+05  6.10850069e-01  4.77398862e-01 -3.89149931e-01  4.77398862e-01  6.10850069e-06  4.77398862e-06 
 1.28824955e+05  6.21500371e-01  4.74800022e-01 -3.78499629e-01  4.74800022e-01  6.21500371e-06  4.74800022e-06 
 1.31825674e+05  6.32029793e-01  4.71980428e-01 -3.67970207e-01  4.71980428e-01  6.32029793e-06  4.71980428e-06 
 1.34896288e+05  6.42429413e-01  4.68946951e-01 -3.57570587e-01  4.68946951e-01  6.42429414e-06  4.68946951e-06 
 1.38038426e+05  6.52690803e-01  4.65706870e-01 -3.47309197e-01  4.65706870e-01  6.52690803e-06  4.65706870e-06 
 1.41253754e+05  6.62806041e-01  4.62267837e-01 -3.37193959e-01  4.62267837e-01  6.62806041e-06  4.62267837e-06 
 1.44543977e+05  6.72767739e-01  4.58637830e-01 -3.27232261e-01  4.58637830e-01  6.72767739e-06  4.58637830e-06 
 1.47910839e+05  6.82569049e-01  4.54825113e-01 -3.17430951e-01  4.54825113e-01  6.82569049e-06  4.54825113e-06 
 1.51356125e+05  6.92203677e-01  4.50838195e-01 -3.07796323e-01  4.50838195e-01  6.92203677e-06  4.50838195e-06 
 1.54881662e+05  7.01665888e-01  4.46685787e-01 -2.98334112e-01  4.46685787e-01  7.01665888e-06  4.46685787e-06 
 1.58489319e+05  7.10950510e-01  4.42376757e-01 -2.89049490e-01  4.42376757e-01  7.10950510e-06  4.42376757e-06 
 1.62181010e+05  7.20052932e-01  4.37920097e-01 -2.79947068e-01  4.37920097e-01  7.20052932e-06  4.37920097e-06 
 1.65958691e+05  7.28969102e-01  4.33324873e-01 -2.71030898e-01  4.33324873e-01  7.28969102e-06  4.33324873e-06 
 1.69824365e+05  7.37695515e-01  4.28600197e-01 -2.62304485e-01  4.28600197e-01  7.37695515e-06  4.28600197e-06 
 1.73780083e+05  7.46229212e-01  4.23755182e-01 -2.53770788e-01  4.23755182e-01  7.46229212e-06  4.23755182e-06 
 1.77827941e+05  7.54567758e-01  4.18798910e-01 -2.45432242e-01  4.18798910e-01  7.54567758e-06  4.18798910e-06 
 1.81970086e+05  7.62709237e-01  4.13740401e-01 -2.37290763e-01  4.13740401e-01  7.62709237e-06  4.13740401e-06 
 1.86208714e+05  7.70652226e-01  4.08588579e-01 -2.29347774e-01  4.08588579e-01  7.70652226e-06  4.08588579e-06 
 1.90546072e+05  7.78395783e-01  4.03352247e-01 -2.21604217e-01  4.03352247e-01  7.78395783e-06  4.03352247e-06 
 1.94984460e+05  7.85939425e-01  3.98040054e-01 -2.14060575e-01  3.98040054e-01  7.85939425e-06  3.98040054e-06 
 1.99526231e+05  7.93283105e-01  3.92660480e-01 -2.06716895e-01  3.92660480e-01  7.93283105e-06  3.92660480e-06 
 2.04173794e+05  8.00427194e-01  3.87221806e-01 -1.99572806e-01  3.87221806e-01  8.00427194e-06  3.87221806e-06 
 2.08929613e+05  8.07372450e-01  3.81732099e-01 -1.92627550e-01  3.81732099e-01  8.07372450e-06  3.81732099e-06 
 2.13796209e+05  8.14120004e-01  3.76199196e-01 -1.85879996e-01  3.76199196e-01  8.14120004e-06  3.76199196e-06 
 2.18776162e+05  8.20671327e-01  3.70630686e-01 -1.79328673e-01  3.70630686e-01  8.20671327e-06  3.70630686e-06 
 2.23872114e+05  8.27028213e-01  3.65033899e-01 -1.72971787e-01  3.65033899e-01  8.27028213e-06  3.65033899e-06 
 2.29086765e+05  8.33192747e-01  3.59415897e-01 -1.66807253e-01  3.59415897e-01  8.33192747e-06  3.59415897e-06 
 2.34422882e+05  8.39167289e-01  3.53783461e-01 -1.60832711e-01  3.53783461e-01  8.39167289e-06  3.53783461e-06 
 2.39883292e+05  8.44954444e-01  3.48143093e-01 -1.55045556e-01  3.48143093e-01  8.44954444e-06  3.48143093e-06 
 2.45470892e+05  8.50557042e-01  3.42501003e-01 -1.49442958e-01  3.42501003e-01  8.50557042e-06  3.42501003e-06 
 2.51188643e+05  8.55978113e-01  3.36863109e-01 -1.44021887e-01  3.36863109e-01  8.55978113e-06  3.36863109e-06 
 2.57039578e+05  8.61220867e-01  3.31235039e-01 -1.38779133e-01  3.31235039e-01  8.61220867e-06  3.31235039e-06 
 2.63026799e+05  8.66288673e-01  3.25622126e-01 -1.33711327e-01  3.25622126e-01  8.66288673e-06  3.25622126e-06 
 2.69153480e+05  8.71185036e-01  3.20029413e-01 -1.28814964e-01  3.20029413e-01  8.71185036e-06  3.20029413e-06 
 2.75422870e+05  8.75913580e-01  3.14461654e-01 -1.24086420e-01  3.14461654e-01  8.75913580e-06  3.14461654e-06 
 2.81838293e+05  8.80478027e-01  3.08923320e-01 -1.19521973e-01  3.08923320e-01  8.80478027e-06  3.08923320e-06 
 2.88403150e+05  8.84882183e-01  3.03418601e-01 -1.15117817e-01  3.03418601e-01  8.84882183e-06  3.03418601e-06 
 2.95120923e+05  8.89129919e-01  2.97951414e-01 -1.10870081e-01  2.97951414e-01  8.89129919e-06  2.97951414e-06 
 3.01995172e+05  8.93225154e-01  2.92525406e-01 -1.06774846e-01  2.92525406e-01  8.93225154e-06  2.92525406e-06 
 3.09029543e+05  8.97171844e-01  2.87143965e-01 -1.02828156e-01  2.87143965e-01  8.97171844e-06  2.87143965e-06 
 3.16227766e+05  9.00973968e-01  2.81810226e-01 -9.90260318e-02  2.81810226e-01  9.00973968e-06  2.81810226e-06 
 3.23593657e+05  9.04635512e-01  2.76527080e-01 -9.53644881e-02  2.76527080e-01  9.04635512e-06  2.76527080e-06 
 3.31131121e+05  9.08160460e-01  2.71297178e-01 -9.18395399e-02  2.71297178e-01  9.08160460e-06  2.71297178e-06 
 3.38844156e+05  9.11552785e-01  2.66122945e-01 -8.84472153e-02  2.66122945e-01  9.11552785e-06  2.66122945e-06 
 3.46736850e+05  9.14816435e-01  2.61006587e-01 -8.51835651e-02  2.61006587e-01  9.14816435e-06  2.61006587e-06 
 3.54813389e+05  9.17955328e-01  2.55950100e-01 -8.20446717e-02  2.55950100e-01  9.17955328e-06  2.55950100e-06 
 3.63078055e+05  9.20973344e-01  2.50955277e-01 -7.90266563e-02  2.50955277e-01  9.20973344e-06  2.50955277e-06 
 3.71535229e+05  9.23874313e-01  2.46023721e-01 -7.61256871e-02  2.46023721e-01  9.23874313e-06  2.46023721e-06 
 3.80189396e+05  9.26662015e-01  2.41156850e-01 -7.33379848e-02  2.41156850e-01  9.26662015e-06  2.41156850e-06 
 3.89045145e+05  9.29340171e-01  2.36355911e-01 -7.06598288e-02  2.36355911e-01  9.29340171e-06  2.36355911e-06 
 3.98107171e+05  9.31912438e-01  2.31621981e-01 -6.80875618e-02  2.31621981e-01  9.31912438e-06  2.31621981e-06 
 4.07380278e+05  9.34382406e-01  2.26955987e-01 -6.56175944e-02  2.26955987e-01  9.34382406e-06  2.26955987e-06 
 4.16869383e+05  9.36753591e-01  2.22358702e-01 -6.32464087e-02  2.22358702e-01  9.36753591e-06  2.22358702e-06 
 4.26579519e+05  9.39029439e-01  2.17830763e-01 -6.09705612e-02  2.17830763e-01  9.39029439e-06  2.17830763e-06 
 4.36515832e+05  9.41213314e-01  2.13372676e-01 -5.87866860e-02  2.13372676e-01  9.41213314e-06  2.13372676e-06 
 4.46683592e+05  9.43308504e-01  2.08984822e-01 -5.66914963e-02  2.08984822e-01  9.43308504e-06  2.08984822e-06 
 4.57088190e+05  9.45318214e-01  2.04667467e-01 -5.46817864e-02  2.04667467e-01  9.45318214e-06  2.04667467e-06 
 4.67735141e+05  9.47245567e-01  2.00420768e-01 -5.27544330e-02  2.00420768e-01  9.47245567e-06  2.00420768e-06 
 4.78630092e+05  9.49093604e-01  1.96244782e-01 -5.09063961e-02  1.96244782e-01  9.49093604e-06  1.96244782e-06 
 4.89778819e+05  9.50865281e-01  1.92139472e-01 -4.91347192e-02  1.92139472e-01  9.50865281e-06  1.92139472e-06 
 5.01187234e+05  9.52563470e-01  1.88104710e-01 -4.74365301e-02  1.88104710e-01  9.52563470e-06  1.88104710e-06 
 5.12861384e+05  9.54190960e-01  1.84140291e-01 -4.58090402e-02  1.84140291e-01  9.54190960e-06  1.84140291e-06 
 5.24807460e+05  9.55750455e-01  1.80245931e-01 -4.42495448e-02  1.80245931e-01  9.55750455e-06  1.80245931e-06 
 5.37031796e+05  9.57244578e-01  1.76421279e-01 -4.27554221e-02  1.76421279e-01  9.57244578e-06  1.76421279e-06 
 5.49540874e+05  9.58675867e-01  1.72665918e-01 -4.13241329e-02  1.72665918e-01  9.58675867e-06  1.72665918e-06 
 5.62341325e+05  9.60046781e-01  1.68979373e-01 -3.99532192e-02  1.68979373e-01  9.60046781e-06  1.68979373e-06 
 5.75439937e+05  9.61359697e-01  1.65361114e-01 -3.86403034e-02  1.65361114e-01  9.61359697e-06  1.65361114e-06 
 5.88843655e+05  9.62616913e-01  1.61810563e-01 -3.73830869e-02  1.61810563e-01  9.62616913e-06  1.61810563e-06 
 6.02559586e+05  9.63820651e-01  1.58327095e-01 -3.61793491e-02  1.58327095e-01  9.63820651e-06  1.58327095e-06 
 6.16595002e+05  9.64973055e-01  1.54910047e-01 -3.50269454e-02  1.54910047e-01  9.64973055e-06  1.54910047e-06 
 6.30957344e+05  9.66076194e-01  1.51558717e-01 -3.39238062e-02  1.51558717e-01  9.66076194e-06  1.51558717e-06 
 6.45654229e+05  9.67132065e-01  1.48272370e-01 -3.28679350e-02  1.48272370e-01  9.67132065e-06  1.48272370e-06 
 6.60693448e+05  9.68142593e-01  1.45050244e-01 -3.18574066e-02  1.45050244e-01  9.68142593e-06  1.45050244e-06 
 6.76082975e+05  9.69109634e-01  1.41891547e-01 -3.08903658e-02  1.41891547e-01  9.69109634e-06  1.41891547e-06 
 6.91830971e+05  9.70034975e-01  1.38795467e-01 -2.99650253e-02  1.38795467e-01  9.70034975e-06  1.38795467e-06 
 7.07945784e+05  9.70920336e-01  1.35761170e-01 -2.90796637e-02  1.35761170e-01  9.70920336e-06  1.35761170e-06 
 7.24435960e+05  9.71767376e-01  1.32787804e-01 -2.82326244e-02  1.32787804e-01  9.71767376e-06  1.32787804e-06 
 7.41310241e+05  9.72577687e-01  1.29874503e-01 -2.74223131e-02  1.29874503e-01  9.72577687e-06  1.29874503e-06 
 7.58577575e+05  9.73352804e-01  1.27020389e-01 -2.66471963e-02  1.27020389e-01  9.73352804e-06  1.27020389e-06 
 7.76247117e+05  9.74094201e-01  1.24224572e-01 -2.59057994e-02  1.24224572e-01  9.74094201e-06  1.24224572e-06 
 7.94328235e+05  9.74803295e-01  1.21486154e-01 -2.51967050e-02  1.21486154e-01  9.74803295e-06  1.21486154e-06 
 8.12830516e+05  9.75481449e-01  1.18804231e-01 -2.45185507e-02  1.18804231e-01  9.75481449e-06  1.18804231e-06 
 8.31763771e+05  9.76129972e-01  1.16177894e-01 -2.38700280e-02  1.16177894e-01  9.76129972e-06  1.16177894e-06 
 8.51138038e+05  9.76750120e-01  1.13606230e-01 -2.32498798e-02  1.13606230e-01  9.76750120e-06  1.13606230e-06 
 8.70963590e+05  9.77343101e-01  1.11088327e-01 -2.26568994e-02  1.11088327e-01  9.77343101e-06  1.11088327e-06 
 8.91250938e+05  9.77910072e-01  1.08623269e-01 -2.20899281e-02  1.08623269e-01  9.77910072e-06  1.08623269e-06 
 9.12010839e+05  9.78452146e-01  1.06210145e-01 -2.15478539e-02  1.06210145e-01  9.78452146e-06  1.06210145e-06 
 9.33254301e+05  9.78970390e-01  1.03848043e-01 -2.10296101e-02  1.03848043e-01  9.78970390e-06  1.03848043e-06 
 9.54992586e+05  9.79465827e-01  1.01536057e-01 -2.05341731e-02  1.01536057e-01  9.79465827e-06  1.01536057e-06 
 9.77237221e+05  9.79939439e-01  9.92732830e-02 -2.00605614e-02  9.92732830e-02  9.79939439e-06  9.92732830e-07 
 1.00000000e+06  9.80392166e-01  9.70588245e-02 -1.96078335e-02  9.70588245e-02  9.80392166e-06  9.70588245e-07 
 1.02329299e+06  9.80824913e-01  9.48917897e-02 -1.91750871e-02  9.48917897e-02  9.80824913e-06  9.48917897e-07 
 1.04712855e+06  9.81238543e-01  9.27712941e-02 -1.87614571e-02  9.27712941e-02  9.81238543e-06  9.27712941e-07 
 1.07151931e+06  9.81633886e-01  9.06964608e-02 -1.83661144e-02  9.06964608e-02  9.81633886e-06  9.06964608e-07 
 1.09647820e+06  9.82011736e-01  8.86664211e-02 -1.79882644e-02  8.86664211e-02  9.82011736e-06  8.86664211e-07 
 1.12201845e+06  9.82372854e-01  8.66803148e-02 -1.76271462e-02  8.66803148e-02  9.82372854e-06  8.66803148e-07 
 1.14815362e+06  9.82717970e-01  8.47372913e-02 -1.72820304e-02  8.47372913e-02  9.82717970e-06  8.47372913e-07 
 1.17489755e+06  9.83047781e-01  8.28365093e-02 -1.69522186e-02  8.28365093e-02  9.83047781e-06  8.28365093e-07 
 1.20226443e+06  9.83362958e-01  8.09771380e-02 -1.66370419e-02  8.09771380e-02  9.83362958e-06  8.09771380e-07 
 1.23026877e+06  9.83664140e-01  7.91583567e-02 -1.63358599e-02  7.91583567e-02  9.83664140e-06  7.91583567e-07 
 1.25892541e+06  9.83951941e-01  7.73793556e-02 -1.60480594e-02  7.73793556e-02  9.83951941e-06  7.73793556e-07 
 1.28824955e+06  9.84226947e-01  7.56393359e-02 -1.57730531e-02  7.56393359e-02  9.84226947e-06  7.56393359e-07 
 1.31825674e+06  9.84489721e-01  7.39375098e-02 -1.55102791e-02  7.39375098e-02  9.84489721e-06  7.39375098e-07 
 1.34896288e+06  9.84740800e-01  7.22731012e-02 -1.52591996e-02  7.22731012e-02  9.84740800e-06  7.22731012e-07 
 1.38038426e+06  9.84980700e-01  7.06453455e-02 -1.50192997e-02  7.06453455e-02  9.84980700e-06  7.06453455e-07 
 1.41253754e+06  9.85209913e-01  6.90534897e-02 -1.47900868e-02  6.90534897e-02  9.85209913e-06  6.90534897e-07 
 1.44543977e+06  9.85428910e-01  6.74967928e-02 -1.45710896e-02  6.74967928e-02  9.85428910e-06  6.74967928e-07 
 1.47910839e+06  9.85638143e-01  6.59745255e-02 -1.43618571e-02  6.59745255e-02  9.85638143e-06  6.59745255e-07 
 1.51356125e+06  9.85838042e-01  6.44859705e-02 -1.41619578e-02  6.44859705e-02  9.85838042e-06  6.44859705e-07 
 1.54881662e+06  9.86029021e-01  6.30304224e-02 -1.39709789e-02  6.30304224e-02  9.86029021e-06  6.30304224e-07 
 1.58489319e+06  9.86211474e-01  6.16071880e-02 -1.37885257e-02  6.16071880e-02  9.86211474e-06  6.16071880e-07 
 1.62181010e+06  9.86385779e-01  6.02155858e-02 -1.36142206e-02  6.02155858e-02  9.86385779e-06  6.02155858e-07 
 1.65958691e+06  9.86552298e-01  5.88549465e-02 -1.34477024e-02  5.88549465e-02  9.86552298e-06  5.88549465e-07 
 1.69824365e+06  9.86711374e-01  5.75246124e-02 -1.32886258e-02  5.75246124e-02  9.86711374e-06  5.75246124e-07 
 1.73780083e+06  9.86863340e-01  5.62239379e-02 -1.31366604e-02  5.62239379e-02  9.86863340e-06  5.62239379e-07 
 1.77827941e+06  9.87008510e-01  5.49522891e-02 -1.29914904e-02  5.49522891e-02  9.87008510e-06  5.49522891e-07 
 1.81970086e+06  9.87147186e-01  5.37090439e-02 -1.28528138e-02  5.37090439e-02  9.87147186e-06  5.37090439e-07 
 1.86208714e+06  9.87279658e-01  5.24935917e-02 -1.27203420e-02  5.24935917e-02  9.87279658e-06  5.24935917e-07 
 1.90546072e+06  9.87406201e-01  5.13053334e-02 -1.25937989e-02  5.13053334e-02  9.87406201e-06  5.13053334e-07 
 1.94984460e+06  9.87527079e-01  5.01436814e-02 -1.24729205e-02  5.01436814e-02  9.87527079e-06  5.01436814e-07 
 1.99526231e+06  9.87642545e-01  4.90080595e-02 -1.23574547e-02  4.90080595e-02  9.87642545e-06  4.90080595e-07 
 2.04173794e+06  9.87752840e-01  4.78979024e-02 -1.22471602e-02  4.78979024e-02  9.87752840e-06  4.78979024e-07 
 2.08929613e+06  9.87858193e-01  4.68126560e-02 -1.21418065e-02  4.68126560e-02  9.87858193e-06  4.68126560e-07 
 2.13796209e+06  9.87958827e-01  4.57517773e-02 -1.20411734e-02  4.57517773e-02  9.87958827e-06  4.57517773e-07 
 2.18776162e+06  9.88054950e-01  4.47147338e-02 -1.19450501e-02  4.47147338e-02  9.88054950e-06  4.47147338e-07 
 2.23872114e+06  9.88146764e-01  4.37010038e-02 -1.18532355e-02  4.37010038e-02  9.88146764e-06  4.37010038e-07 
 2.29086765e+06  9.88234463e-01  4.27100761e-02 -1.17655371e-02  4.27100761e-02  9.88234463e-06  4.27100761e-07 
 2.34422882e+06  9.88318229e-01  4.17414497e-02 -1.16817711e-02  4.17414497e-02  9.88318229e-06  4.17414497e-07 
 2.39883292e+06  9.88398238e-01  4.07946340e-02 -1.16017619e-02  4.07946340e-02  9.88398238e-06  4.07946340e-07 
 2.45470892e+06  9.88474659e-01  3.98691483e-02 -1.15253414e-02  3.98691483e-02  9.88474659e-06  3.98691483e-07 
 2.51188643e+06  9.88547651e-01  3.89645218e-02 -1.14523492e-02  3.89645218e-02  9.88547651e-06  3.89645218e-07 
 2.57039578e+06  9.88617368e-01  3.80802936e-02 -1.13826321e-02  3.80802936e-02  9.88617368e-06  3.80802936e-07 
 2.63026799e+06  9.88683956e-01  3.72160122e-02 -1.13160435e-02  3.72160122e-02  9.88683956e-06  3.72160122e-07 
 2.69153480e+06  9.88747557e-01  3.63712355e-02 -1.12524434e-02  3.63712355e-02  9.88747557e-06  3.63712355e-07 
 2.75422870e+06  9.88808302e-01  3.55455309e-02 -1.11916981e-02  3.55455309e-02  9.88808302e-06  3.55455309e-07 
 2.81838293e+06  9.88866320e-01  3.47384746e-02 -1.11336797e-02  3.47384746e-02  9.88866320e-06  3.47384746e-07 
 2.88403150e+06  9.88921734e-01  3.39496519e-02 -1.10782662e-02  3.39496519e-02  9.88921734e-06  3.39496519e-07 
 2.95120923e+06  9.88974659e-01  3.31786570e-02 -1.10253408e-02  3.31786570e-02  9.88974659e-06  3.31786570e-07 
 3.01995172e+06  9.89025208e-01  3.24250926e-02 -1.09747921e-02  3.24250926e-02  9.89025208e-06  3.24250926e-07 
 3.09029543e+06  9.89073486e-01  3.16885698e-02 -1.09265136e-02  3.16885698e-02  9.89073486e-06  3.16885698e-07 
 3.16227766e+06  9.89119596e-01  3.09687081e-02 -1.08804036e-02  3.09687081e-02  9.89119596e-06  3.09687081e-07 
 3.23593657e+06  9.89163635e-01  3.02651353e-02 -1.08363648e-02  3.02651353e-02  9.89163635e-06  3.02651353e-07 
 3.31131121e+06  9.89205696e-01  2.95774871e-02 -1.07943044e-02  2.95774871e-02  9.89205696e-06  2.95774871e-07 
 3.38844156e+06  9.89245866e-01  2.89054069e-02 -1.07541336e-02  2.89054069e-02  9.89245866e-06  2.89054069e-07 
 3.46736850e+06  9.89284232e-01  2.82485461e-02 -1.07157677e-02  2.82485461e-02  9.89284232e-06  2.82485461e-07 
 3.54813389e+06  9.89320874e-01  2.76065635e-02 -1.06791258e-02  2.76065635e-02  9.89320874e-06  2.76065635e-07 
 3.63078055e+06  9.89355870e-01  2.69791254e-02 -1.06441305e-02  2.69791254e-02  9.89355870e-06  2.69791254e-07 
 3.71535229e+06  9.89389292e-01  2.63659052e-02 -1.06107079e-02  2.63659052e-02  9.89389292e-06  2.63659052e-07 
 3.80189396e+06  9.89421213e-01  2.57665836e-02 -1.05787874e-02  2.57665836e-02  9.89421213e-06  2.57665836e-07 
 3.89045145e+06  9.89451698e-01  2.51808482e-02 -1.05483016e-02  2.51808482e-02  9.89451698e-06  2.51808482e-07 
 3.98107171e+06  9.89480814e-01  2.46083935e-02 -1.05191862e-02  2.46083935e-02  9.89480814e-06  2.46083935e-07 
 4.07380278e+06  9.89508620e-01  2.40489207e-02 -1.04913795e-02  2.40489207e-02  9.89508620e-06  2.40489207e-07 
 4.16869383e+06  9.89535177e-01  2.35021376e-02 -1.04648229e-02  2.35021376e-02  9.89535177e-06  2.35021376e-07 
 4.26579519e+06  9.89560540e-01  2.29677582e-02 -1.04394602e-02  2.29677582e-02  9.89560540e-06  2.29677582e-07 
 4.36515832e+06  9.89584762e-01  2.24455032e-02 -1.04152378e-02  2.24455032e-02  9.89584762e-06  2.24455032e-07 
 4.46683592e+06  9.89607896e-01  2.19350991e-02 -1.03921044e-02  2.19350991e-02  9.89607896e-06  2.19350991e-07 
 4.57088190e+06  9.89629989e-01  2.14362787e-02 -1.03700112e-02  2.14362787e-02  9.89629989e-06  2.14362787e-07 
 4.67735141e+06  9.89651089e-01  2.09487806e-02 -1.03489114e-02  2.09487806e-02  9.89651089e-06  2.09487806e-07 
 4.78630092e+06  9.89671240e-01  2.04723492e-02 -1.03287604e-02  2.04723492e-02  9.89671240e-06  2.04723492e-07 
 4.89778819e+06  9.89690484e-01  2.00067346e-02 -1.03095156e-02  2.00067346e-02  9.89690484e-06  2.00067346e-07 
 5.01187234e+06  9.89708864e-01  1.95516924e-02 -1.02911363e-02  1.95516924e-02  9.89708864e-06  1.95516924e-07 
 5.12861384e+06  9.89726417e-01  1.91069839e-02 -1.02735835e-02  1.91069839e-02  9.89726417e-06  1.91069839e-07 
 5.24807460e+06  9.89743180e-01  1.86723753e-02 -1.02568201e-02  1.86723753e-02  9.89743180e-06  1.86723753e-07 
 5.37031796e+06  9.89759189e-01  1.82476383e-02 -1.02408107e-02  1.82476383e-02  9.89759189e-06  1.82476383e-07 
 5.49540874e+06  9.89774479e-01  1.78325495e-02 -1.02255213e-02  1.78325495e-02  9.89774479e-06  1.78325495e-07 
 5.62341325e+06  9.89789080e-01  1.74268908e-02 -1.02109196e-02  1.74268908e-02  9.89789080e-06  1.74268908e-07 
 5.75439937e+06  9.89803025e-01  1.70304487e-02 -1.01969747e-02  1.70304487e-02  9.89803025e-06  1.70304487e-07 
 5.88843655e+06  9.89816343e-01  1.66430146e-02 -1.01836570e-02  1.66430146e-02  9.89816343e-06  1.66430146e-07 
 6.02559586e+06  9.89829062e-01  1.62643844e-02 -1.01709384e-02  1.62643844e-02  9.89829062e-06  1.62643844e-07 
 6.16595002e+06  9.89841208e-01  1.58943588e-02 -1.01587919e-02  1.58943588e-02  9.89841208e-06  1.58943588e-07 
 6.30957344e+06  9.89852808e-01  1.55327429e-02 -1.01471919e-02  1.55327429e-02  9.89852808e-06  1.55327429e-07 
 6.45654229e+06  9.89863886e-01  1.51793461e-02 -1.01361136e-02  1.51793461e-02  9.89863886e-06  1.51793461e-07 
 6.60693448e+06  9.89874466e-01  1.48339822e-02 -1.01255337e-02  1.48339822e-02  9.89874466e-06  1.48339822e-07 
 6.76082975e+06  9.89884570e-01  1.44964690e-02 -1.01154298e-02  1.44964690e-02  9.89884570e-06  1.44964690e-07 
 6.91830971e+06  9.89894220e-01  1.41666286e-02 -1.01057805e-02  1.41666286e-02  9.89894220e-06  1.41666286e-07 
 7.07945784e+06  9.89903435e-01  1.38442869e-02 -1.00965652e-02  1.38442869e-02  9.89903435e-06  1.38442869e-07 
 7.24435960e+06  9.89912235e-01  1.35292740e-02 -1.00877646e-02  1.35292740e-02  9.89912235e-06  1.35292740e-07 
 7.41310241e+06  9.89920640e-01  1.32214235e-02 -1.00793599e-02  1.32214235e-02  9.89920640e-06  1.32214235e-07 
 7.58577575e+06  9.89928667e-01  1.29205729e-02 -1.00713333e-02  1.29205729e-02  9.89928667e-06  1.29205729e-07 
 7.76247117e+06  9.89936332e-01  1.26265636e-02 -1.00636679e-02  1.26265636e-02  9.89936332e-06  1.26265636e-07 
 7.94328235e+06  9.89943653e-01  1.23392401e-02 -1.00563473e-02  1.23392401e-02  9.89943653e-06  1.23392401e-07 
 8.12830516e+06  9.89950644e-01  1.20584507e-02 -1.00493561e-02  1.20584507e-02  9.89950644e-06  1.20584507e-07 
 8.31763771e+06  9.89957320e-01  1.17840471e-02 -1.00426795e-02  1.17840471e-02  9.89957320e-06  1.17840471e-07 
 8.51138038e+06  9.89963697e-01  1.15158844e-02 -1.00363033e-02  1.15158844e-02  9.89963697e-06  1.15158844e-07 
 8.70963590e+06  9.89969786e-01  1.12538208e-02 -1.00302140e-02  1.12538208e-02  9.89969786e-06  1.12538208e-07 
 8.91250938e+06  9.89975601e-01  1.09977178e-02 -1.00243987e-02  1.09977178e-02  9.89975601e-06  1.09977178e-07 
 9.12010839e+06  9.89981155e-01  1.07474401e-02 -1.00188451e-02  1.07474401e-02  9.89981155e-06  1.07474401e-07 
 9.33254301e+06  9.89986459e-01  1.05028553e-02 -1.00135414e-02  1.05028553e-02  9.89986459e-06  1.05028553e-07 
 9.54992586e+06  9.89991524e-01  1.02638342e-02 -1.00084763e-02  1.02638342e-02  9.89991524e-06  1.02638342e-07 
 9.77237221e+06  9.89996361e-01  1.00302503e-02 -1.00036391e-02  1.00302503e-02  9.89996361e-06  1.00302503e-07 
 1.00000000e+07  9.90000980e-01  9.80198010e-03 -9.99901960e-03  9.80198010e-03  9.90000980e-06  9.80198010e-08 
 1.02329299e+07  9.90005392e-01  9.57890291e-03 -9.99460797e-03  9.57890291e-03  9.90005392e-06  9.57890291e-08 
 1.04712855e+07  9.90009605e-01  9.36090070e-03 -9.99039486e-03  9.36090070e-03  9.90009605e-06  9.36090070e-08 
 1.07151931e+07  9.90013629e-01  9.14785814e-03 -9.98637133e-03  9.14785814e-03  9.90013629e-06  9.14785814e-08 
 1.09647820e+07  9.90017471e-01  8.93966251e-03 -9.98252886e-03  8.93966251e-03  9.90017471e-06  8.93966251e-08 
 1.12201845e+07  9.90021141e-01  8.73620366e-03 -9.97885931e-03  8.73620366e-03  9.90021141e-06  8.73620366e-08 
 1.14815362e+07  9.90024645e-01  8.53737391e-03 -9.97535488e-03  8.53737391e-03  9.90024645e-06  8.53737391e-08 
 1.17489755e+07  9.90027992e-01  8.34306804e-03 -9.97200816e-03  8.34306804e-03  9.90027992e-06  8.34306804e-08 
 1.20226443e+07  9.90031188e-01  8.15318321e-03 -9.96881204e-03  8.15318321e-03  9.90031188e-06  8.15318321e-08 
 1.23026877e+07  9.90034240e-01  7.96761892e-03 -9.96575975e-03  7.96761892e-03  9.90034240e-06  7.96761892e-08 
 1.25892541e+07  9.90037155e-01  7.78627693e-03 -9.96284482e-03  7.78627693e-03  9.90037155e-06  7.78627693e-08 
 1.28824955e+07  9.90039939e-01  7.60906124e-03 -9.96006107e-03  7.60906124e-03  9.90039939e-06  7.60906124e-08 
 1.31825674e+07  9.90042597e-01  7.43587802e-03 -9.95740259e-03  7.43587802e-03  9.90042597e-06  7.43587802e-08 
 1.34896288e+07  9.90045136e-01  7.26663560e-03 -9.95486375e-03  7.26663560e-03  9.90045136e-06  7.26663560e-08 
 1.38038426e+07  9.90047561e-01  7.10124434e-03 -9.95243916e-03  7.10124434e-03  9.90047561e-06  7.10124434e-08 
 1.41253754e+07  9.90049876e-01  6.93961668e-03 -9.95012369e-03  6.93961668e-03  9.90049876e-06  6.93961668e-08 
 1.44543977e+07  9.90052088e-01  6.78166702e-03 -9.94791242e-03  6.78166702e-03  9.90052088e-06  6.78166702e-08 
 1.47910839e+07  9.90054199e-01  6.62731171e-03 -9.94580066e-03  6.62731171e-03  9.90054199e-06  6.62731171e-08 
 1.51356125e+07  9.90056216e-01  6.47646901e-03 -9.94378394e-03  6.47646901e-03  9.90056216e-06  6.47646901e-08 
 1.54881662e+07  9.90058142e-01  6.32905901e-03 -9.94185798e-03  6.32905901e-03  9.90058142e-06  6.32905901e-08 
 1.58489319e+07  9.90059981e-01  6.18500364e-03 -9.94001870e-03  6.18500364e-03  9.90059981e-06  6.18500364e-08 
 1.62181010e+07  9.90061738e-01  6.04422660e-03 -9.93826219e-03  6.04422660e-03  9.90061738e-06  6.04422660e-08 
 1.65958691e+07  9.90063415e-01  5.90665332e-03 -9.93658473e-03  5.90665332e-03  9.90063415e-06  5.90665332e-08 
 1.69824365e+07  9.90065017e-01  5.77221091e-03 -9.93498276e-03  5.77221091e-03  9.90065017e-06  5.77221091e-08 
 1.73780083e+07  9.90066547e-01  5.64082815e-03 -9.93345289e-03  5.64082815e-03  9.90066547e-06  5.64082815e-08 
 1.77827941e+07  9.90068008e-01  5.51243544e-03 -9.93199187e-03  5.51243544e-03  9.90068008e-06  5.51243544e-08 
 1.81970086e+07  9.90069403e-01  5.38696476e-03 -9.93059660e-03  5.38696476e-03  9.90069403e-06  5.38696476e-08 
 1.86208714e+07  9.90070736e-01  5.26434963e-03 -9.92926413e-03  5.26434963e-03  9.90070736e-06  5.26434963e-08 
 1.90546072e+07  9.90072008e-01  5.14452508e-03 -9.92799162e-03  5.14452508e-03  9.90072008e-06  5.14452508e-08 
 1.94984460e+07  9.90073224e-01  5.02742762e-03 -9.92677639e-03  5.02742762e-03  9.90073224e-06  5.02742762e-08 
 1.99526231e+07  9.90074384e-01  4.91299522e-03 -9.92561584e-03  4.91299522e-03  9.90074384e-06  4.91299522e-08 
 2.04173794e+07  9.90075492e-01  4.80116722e-03 -9.92450753e-03  4.80116722e-03  9.90075492e-06  4.80116722e-08 
 2.08929613e+07  9.90076551e-01  4.69188438e-03 -9.92344909e-03  4.69188438e-03  9.90076551e-06  4.69188438e-08 
 2.13796209e+07  9.90077562e-01  4.58508878e-03 -9.92243829e-03  4.58508878e-03  9.90077562e-06  4.58508878e-08 
 2.18776162e+07  9.90078527e-01  4.48072383e-03 -9.92147299e-03  4.48072383e-03  9.90078527e-06  4.48072383e-08 
 2.23872114e+07  9.90079449e-01  4.37873422e-03 -9.92055112e-03  4.37873422e-03  9.90079449e-06  4.37873422e-08 
 2.29086765e+07  9.90080329e-01  4.27906591e-03 -9.91967075e-03  4.27906591e-03  9.90080329e-06  4.27906591e-08 
 2.34422882e+07  9.90081170e-01  4.18166606e-03 -9.91883000e-03  4.18166606e-03  9.90081170e-06  4.18166606e-08 
 2.39883292e+07  9.90081973e-01  4.08648307e-03 -9.91802708e-03  4.08648307e-03  9.90081973e-06  4.08648307e-08 
 2.45470892e+07  9.90082740e-01  3.99346648e-03 -9.91726030e-03  3.99346648e-03  9.90082740e-06  3.99346648e-08 
 2.51188643e+07  9.90083472e-01  3.90256700e-03 -9.91652804e-03  3.90256700e-03  9.90083472e-06  3.90256700e-08 
 2.57039578e+07  9.90084171e-01  3.81373645e-03 -9.91582872e-03  3.81373645e-03  9.90084171e-06  3.81373645e-08 
 2.63026799e+07  9.90084839e-01  3.72692775e-03 -9.91516089e-03  3.72692775e-03  9.90084839e-06  3.72692775e-08 
 2.69153480e+07  9.90085477e-01  3.64209489e-03 -9.91452310e-03  3.64209489e-03  9.90085477e-06  3.64209489e-08 
 2.75422870e+07  9.90086086e-01  3.55919290e-03 -9.91391403e-03  3.55919290e-03  9.90086086e-06  3.55919290e-08 
 2.81838293e+07  9.90086668e-01  3.47817784e-03 -9.91333236e-03  3.47817784e-03  9.90086668e-06  3.47817784e-08 
 2.88403150e+07  9.90087223e-01  3.39900677e-03 -9.91277687e-03  3.39900677e-03  9.90087223e-06  3.39900677e-08 
 2.95120923e+07  9.90087754e-01  3.32163773e-03 -9.91224639e-03  3.32163773e-03  9.90087754e-06  3.32163773e-08 
 3.01995172e+07  9.90088260e-01  3.24602970e-03 -9.91173978e-03  3.24602970e-03  9.90088260e-06  3.24602970e-08 
 3.09029543e+07  9.90088744e-01  3.17214261e-03 -9.91125597e-03  3.17214261e-03  9.90088744e-06  3.17214261e-08 
 3.16227766e+07  9.90089206e-01  3.09993729e-03 -9.91079393e-03  3.09993729e-03  9.90089206e-06  3.09993729e-08 
 3.23593657e+07  9.90089647e-01  3.02937547e-03 -9.91035269e-03  3.02937547e-03  9.90089647e-06  3.02937547e-08 
 3.31131121e+07  9.90090069e-01  2.96041974e-03 -9.90993131e-03  2.96041974e-03  9.90090069e-06  2.96041974e-08 
 3.38844156e+07  9.90090471e-01  2.89303354e-03 -9.90952889e-03  2.89303354e-03  9.90090471e-06  2.89303354e-08 
 3.46736850e+07  9.90090855e-01  2.82718117e-03 -9.90914459e-03  2.82718117e-03  9.90090855e-06  2.82718117e-08 
 3.54813389e+07  9.90091222e-01  2.76282770e-03 -9.90877758e-03  2.76282770e-03  9.90091222e-06  2.76282770e-08 
 3.63078055e+07  9.90091573e-01  2.69993903e-03 -9.90842708e-03  2.69993903e-03  9.90091573e-06  2.69993903e-08 
 3.71535229e+07  9.90091908e-01  2.63848182e-03 -9.90809237e-03  2.63848182e-03  9.90091908e-06  2.63848182e-08 
 3.80189396e+07  9.90092227e-01  2.57842348e-03 -9.90777272e-03  2.57842348e-03  9.90092227e-06  2.57842348e-08 
 3.89045145e+07  9.90092533e-01  2.51973218e-03 -9.90746745e-03  2.51973218e-03  9.90092533e-06  2.51973218e-08 
 3.98107171e+07  9.90092824e-01  2.46237681e-03 -9.90717592e-03  2.46237681e-03  9.90092824e-06  2.46237681e-08 
 4.07380278e+07  9.90093102e-01  2.40632695e-03 -9.90689752e-03  2.40632695e-03  9.90093102e-06  2.40632695e-08 
 4.16869383e+07  9.90093368e-01  2.35155290e-03 -9.90663164e-03  2.35155290e-03  9.90093368e-06  2.35155290e-08 
 4.26579519e+07  9.90093622e-01  2.29802562e-03 -9.90637773e-03  2.29802562e-03  9.90093622e-06  2.29802562e-08 
 4.36515832e+07  9.90093865e-01  2.24571672e-03 -9.90613525e-03  2.24571672e-03  9.90093865e-06  2.24571672e-08 
 4.46683592e+07  9.90094096e-01  2.19459849e-03 -9.90590368e-03  2.19459849e-03  9.90094096e-06  2.19459849e-08 
 4.57088190e+07  9.90094317e-01  2.14464381e-03 -9.90568253e-03  2.14464381e-03  9.90094317e-06  2.14464381e-08 
 4.67735141e+07  9.90094529e-01  2.09582621e-03 -9.90547134e-03  2.09582621e-03  9.90094529e-06  2.09582621e-08 
 4.78630092e+07  9.90094730e-01  2.04811980e-03 -9.90526965e-03  2.04811980e-03  9.90094730e-06  2.04811980e-08 
 4.89778819e+07  9.90094923e-01  2.00149930e-03 -9.90507704e-03  2.00149930e-03  9.90094923e-06  2.00149930e-08 
 5.01187234e+07  9.90095107e-01  1.95593998e-03 -9.90489310e-03  1.95593998e-03  9.90095107e-06  1.95593998e-08 
 5.12861384e+07  9.90095283e-01  1.91141769e-03 -9.90471744e-03  1.91141769e-03  9.90095283e-06  1.91141769e-08 
 5.24807460e+07  9.90095450e-01  1.86790883e-03 -9.90454968e-03  1.86790883e-03  9.90095450e-06  1.86790883e-08 
 5.37031796e+07  9.90095611e-01  1.82539033e-03 -9.90438947e-03  1.82539033e-03  9.90095611e-06  1.82539033e-08 
 5.49540874e+07  9.90095764e-01  1.78383965e-03 -9.90423647e-03  1.78383965e-03  9.90095764e-06  1.78383965e-08 
 5.62341325e+07  9.90095910e-01  1.74323477e-03 -9.90409036e-03  1.74323477e-03  9.90095910e-06  1.74323477e-08 
 5.75439937e+07  9.90096049e-01  1.70355414e-03 -9.90395083e-03  1.70355414e-03  9.90096049e-06  1.70355414e-08 
 5.88843655e+07  9.90096182e-01  1.66477674e-03 -9.90381758e-03  1.66477674e-03  9.90096182e-06  1.66477674e-08 
 6.02559586e+07  9.90096310e-01  1.62688201e-03 -9.90369032e-03  1.62688201e-03  9.90096310e-06  1.62688201e-08 
 6.16595002e+07  9.90096431e-01  1.58984985e-03 -9.90356879e-03  1.58984985e-03  9.90096431e-06  1.58984985e-08 
 6.30957344e+07  9.90096547e-01  1.55366063e-03 -9.90345273e-03  1.55366063e-03  9.90096547e-06  1.55366063e-08 
 6.45654229e+07  9.90096658e-01  1.51829517e-03 -9.90334189e-03  1.51829517e-03  9.90096658e-06  1.51829517e-08 
 6.60693448e+07  9.90096764e-01  1.48373471e-03 -9.90323604e-03  1.48373471e-03  9.90096764e-06  1.48373471e-08 
 6.76082975e+07  9.90096865e-01  1.44996094e-03 -9.90313496e-03  1.44996094e-03  9.90096865e-06  1.44996094e-08 
 6.91830971e+07  9.90096962e-01  1.41695594e-03 -9.90303843e-03  1.41695594e-03  9.90096962e-06  1.41695594e-08 
 7.07945784e+07  9.90097054e-01  1.38470221e-03 -9.90294624e-03  1.38470221e-03  9.90097054e-06  1.38470221e-08 
 7.24435960e+07  9.90097142e-01  1.35318266e-03 -9.90285820e-03  1.35318266e-03  9.90097142e-06  1.35318266e-08 
 7.41310241e+07  9.90097226e-01  1.32238058e-03 -9.90277412e-03  1.32238058e-03  9.90097226e-06  1.32238058e-08 
 7.58577575e+07  9.90097306e-01  1.29227963e-03 -9.90269382e-03  1.29227963e-03  9.90097306e-06  1.29227963e-08 
 7.76247117e+07  9.90097383e-01  1.26286385e-03 -9.90261714e-03  1.26286385e-03  9.90097383e-06  1.26286385e-08 
 7.94328235e+07  9.90097456e-01  1.23411765e-03 -9.90254391e-03  1.23411765e-03  9.90097456e-06  1.23411765e-08 
 8.12830516e+07  9.90097526e-01  1.20602579e-03 -9.90247398e-03  1.20602579e-03  9.90097526e-06  1.20602579e-08 
 8.31763771e+07  9.90097593e-01  1.17857337e-03 -9.90240720e-03  1.17857337e-03  9.90097593e-06  1.17857337e-08 
 8.51138038e+07  9.90097657e-01  1.15174584e-03 -9.90234342e-03  1.15174584e-03  9.90097657e-06  1.15174584e-08 
 8.70963590e+07  9.90097717e-01  1.12552898e-03 -9.90228251e-03  1.12552898e-03  9.90097717e-06  1.12552898e-08 
 8.91250938e+07  9.90097776e-01  1.09990887e-03 -9.90222434e-03  1.09990887e-03  9.90097776e-06  1.09990887e-08 
 9.12010839e+07  9.90097831e-01  1.07487195e-03 -9.90216879e-03  1.07487195e-03  9.90097831e-06  1.07487195e-08 
 9.33254301e+07  9.90097884e-01  1.05040494e-03 -9.90211574e-03  1.05040494e-03  9.90097884e-06  1.05040494e-08 
 9.54992586e+07  9.90097935e-01  1.02649485e-03 -9.90206508e-03  1.02649485e-03  9.90097935e-06  1.02649485e-08 
 9.77237221e+07  9.90097983e-01  1.00312903e-03 -9.90201670e-03  1.00312903e-03  9.90097983e-06  1.00312903e-08 
 1.00000000e+08  9.90098030e-01  9.80295069e-04 -9.90197049e-03  9.80295069e-04  9.90098030e-06  9.80295069e-09 
