 frequency       er              ei              fr              fi              ir              ii             
 1.00000000e+00  9.90001000e+00  9.80101960e-03  9.90001000e+00  9.80101960e-03 -9.99901000e-01  9.80101960e-08 
 1.02329299e+00  9.90001000e+00  1.00293147e-02  9.90001000e+00  1.00293147e-02 -9.99901000e-01  1.00293147e-07 
 1.04712855e+00  9.90001001e+00  1.02629274e-02  9.90001001e+00  1.02629274e-02 -9.99901000e-01  1.02629274e-07 
 1.07151931e+00  9.90001001e+00  1.05019817e-02  9.90001001e+00  1.05019817e-02 -9.99901000e-01  1.05019817e-07 
 1.09647820e+00  9.90001002e+00  1.07466043e-02  9.90001002e+00  1.07466043e-02 -9.99901000e-01  1.07466043e-07 
 1.12201845e+00  9.90001002e+00  1.09969249e-02  9.90001002e+00  1.09969249e-02 -9.99901000e-01  1.09969249e-07 
 1.14815362e+00  9.90001003e+00  1.12530761e-02  9.90001003e+00  1.12530761e-02 -9.99901000e-01  1.12530761e-07 
 1.17489755e+00  9.90001004e+00  1.15151940e-02  9.90001004e+00  1.15151940e-02 -9.99901000e-01  1.15151940e-07 
 1.20226443e+00  9.90001004e+00  1.17834173e-02  9.90001004e+00  1.17834173e-02 -9.99901000e-01  1.17834173e-07 
 1.23026877e+00  9.90001005e+00  1.20578883e-02  9.90001005e+00  1.20578883e-02 -9.99901000e-01  1.20578883e-07 
 1.25892541e+00  9.90001006e+00  1.23387526e-02  9.90001006e+00  1.23387526e-02 -9.99901000e-01  1.23387526e-07 
 1.28824955e+00  9.90001006e+00  1.26261591e-02  9.90001006e+00  1.26261591e-02 -9.99901000e-01  1.26261591e-07 
 1.31825674e+00  9.90001007e+00  1.29202601e-02  9.90001007e+00  1.29202601e-02 -9.99901000e-01  1.29202601e-07 
 1.34896288e+00  9.90001008e+00  1.32212117e-02  9.90001008e+00  1.32212117e-02 -9.99901000e-01  1.32212117e-07 
 1.38038426e+00  9.90001009e+00  1.35291732e-02  9.90001009e+00  1.35291732e-02 -9.99901000e-01  1.35291732e-07 
 1.41253754e+00  9.90001010e+00  1.38443082e-02  9.90001010e+00  1.38443082e-02 -9.99901000e-01  1.38443082e-07 
 1.44543977e+00  9.90001010e+00  1.41667835e-02  9.90001010e+00  1.41667835e-02 -9.99901000e-01  1.41667835e-07 
 1.47910839e+00  9.90001011e+00  1.44967703e-02  9.90001011e+00  1.44967703e-02 -9.99901000e-01  1.44967703e-07 
 1.51356125e+00  9.90001012e+00  1.48344435e-02  9.90001012e+00  1.48344435e-02 -9.99901000e-01  1.48344435e-07 
 1.54881662e+00  9.90001014e+00  1.51799820e-02  9.90001014e+00  1.51799820e-02 -9.99901000e-01  1.51799820e-07 
 1.58489319e+00  9.90001015e+00  1.55335692e-02  9.90001015e+00  1.55335692e-02 -9.99901000e-01  1.55335692e-07 
 1.62181010e+00  9.90001016e+00  1.58953926e-02  9.90001016e+00  1.58953926e-02 -9.99901000e-01  1.58953926e-07 
 1.65958691e+00  9.90001017e+00  1.62656438e-02  9.90001017e+00  1.62656438e-02 -9.99901000e-01  1.62656438e-07 
 1.69824365e+00  9.90001018e+00  1.66445193e-02  9.90001018e+00  1.66445193e-02 -9.99901000e-01  1.66445193e-07 
 1.73780083e+00  9.90001020e+00  1.70322200e-02  9.90001020e+00  1.70322200e-02 -9.99901000e-01  1.70322200e-07 
 1.77827941e+00  9.90001021e+00  1.74289514e-02  9.90001021e+00  1.74289514e-02 -9.99901000e-01  1.74289514e-07 
 1.81970086e+00  9.90001022e+00  1.78349238e-02  9.90001022e+00  1.78349238e-02 -9.99901000e-01  1.78349238e-07 
 1.86208714e+00  9.90001024e+00  1.82503525e-02  9.90001024e+00  1.82503525e-02 -9.99901000e-01  1.82503525e-07 
 1.90546072e+00  9.90001026e+00  1.86754578e-02  9.90001026e+00  1.86754578e-02 -9.99901000e-01  1.86754578e-07 
 1.94984460e+00  9.90001027e+00  1.91104651e-02  9.90001027e+00  1.91104651e-02 -9.99901000e-01  1.91104651e-07 
 1.99526231e+00  9.90001029e+00  1.95556051e-02  9.90001029e+00  1.95556051e-02 -9.99901000e-01  1.95556051e-07 
 2.04173794e+00  9.90001031e+00  2.00111136e-02  9.90001031e+00  2.00111136e-02 -9.99901000e-01  2.00111136e-07 
 2.08929613e+00  9.90001033e+00  2.04772323e-02  9.90001033e+00  2.04772323e-02 -9.99901000e-01  2.04772323e-07 
 2.13796209e+00  9.90001035e+00  2.09542083e-02  9.90001035e+00  2.09542083e-02 -9.99901000e-01  2.09542083e-07 
 2.18776162e+00  9.90001037e+00  2.14422946e-02  9.90001037e+00  2.14422946e-02 -9.99901000e-01  2.14422946e-07 
 2.23872114e+00  9.90001039e+00  2.19417498e-02  9.90001039e+00  2.19417498e-02 -9.99901000e-01  2.19417498e-07 
 2.29086765e+00  9.90001041e+00  2.24528388e-02  9.90001041e+00  2.24528388e-02 -9.99901000e-01  2.24528388e-07 
 2.34422882e+00  9.90001044e+00  2.29758326e-02  9.90001044e+00  2.29758326e-02 -9.99901000e-01  2.29758326e-07 
 2.39883292e+00  9.90001046e+00  2.35110084e-02  9.90001046e+00  2.35110084e-02 -9.99901000e-01  2.35110084e-07 
 2.45470892e+00  9.90001049e+00  2.40586502e-02  9.90001049e+00  2.40586502e-02 -9.99901000e-01  2.40586502e-07 
 2.51188643e+00  9.90001052e+00  2.46190481e-02  9.90001052e+00  2.46190481e-02 -9.99901000e-01  2.46190481e-07 
 2.57039578e+00  9.90001055e+00  2.51924994e-02  9.90001055e+00  2.51924994e-02 -9.99901000e-01  2.51924994e-07 
 2.63026799e+00  9.90001058e+00  2.57793081e-02  9.90001058e+00  2.57793081e-02 -9.99901000e-01  2.57793081e-07 
 2.69153480e+00  9.90001061e+00  2.63797854e-02  9.90001061e+00  2.63797854e-02 -9.99901000e-01  2.63797854e-07 
 2.75422870e+00  9.90001064e+00  2.69942495e-02  9.90001064e+00  2.69942495e-02 -9.99901000e-01  2.69942495e-07 
 2.81838293e+00  9.90001068e+00  2.76230263e-02  9.90001068e+00  2.76230263e-02 -9.99901000e-01  2.76230263e-07 
 2.88403150e+00  9.90001072e+00  2.82664493e-02  9.90001072e+00  2.82664493e-02 -9.99901000e-01  2.82664493e-07 
 2.95120923e+00  9.90001075e+00  2.89248595e-02  9.90001075e+00  2.89248595e-02 -9.99901000e-01  2.89248595e-07 
 3.01995172e+00  9.90001079e+00  2.95986060e-02  9.90001079e+00  2.95986060e-02 -9.99901000e-01  2.95986060e-07 
 3.09029543e+00  9.90001084e+00  3.02880461e-02  9.90001084e+00  3.02880461e-02 -9.99901000e-01  3.02880461e-07 
 3.16227766e+00  9.90001088e+00  3.09935453e-02  9.90001088e+00  3.09935453e-02 -9.99901000e-01  3.09935453e-07 
 3.23593657e+00  9.90001093e+00  3.17154777e-02  9.90001093e+00  3.17154777e-02 -9.99901000e-01  3.17154777e-07 
 3.31131121e+00  9.90001097e+00  3.24542261e-02  9.90001097e+00  3.24542261e-02 -9.99901000e-01  3.24542261e-07 
 3.38844156e+00  9.90001103e+00  3.32101821e-02  9.90001103e+00  3.32101821e-02 -9.99901000e-01  3.32101821e-07 
 3.46736850e+00  9.90001108e+00  3.39837466e-02  9.90001108e+00  3.39837466e-02 -9.99901000e-01  3.39837466e-07 
 3.54813389e+00  9.90001113e+00  3.47753298e-02  9.90001113e+00  3.47753298e-02 -9.99901000e-01  3.47753298e-07 
 3.63078055e+00  9.90001119e+00  3.55853513e-02  9.90001119e+00  3.55853513e-02 -9.99901000e-01  3.55853513e-07 
 3.71535229e+00  9.90001125e+00  3.64142406e-02  9.90001125e+00  3.64142406e-02 -9.99901000e-01  3.64142406e-07 
 3.80189396e+00  9.90001132e+00  3.72624372e-02  9.90001132e+00  3.72624372e-02 -9.99901000e-01  3.72624372e-07 
 3.89045145e+00  9.90001138e+00  3.81303909e-02  9.90001138e+00  3.81303909e-02 -9.99901000e-01  3.81303909e-07 
 3.98107171e+00  9.90001145e+00  3.90185618e-02  9.90001145e+00  3.90185618e-02 -9.99901000e-01  3.90185618e-07 
 4.07380278e+00  9.90001153e+00  3.99274208e-02  9.90001153e+00  3.99274208e-02 -9.99901000e-01  3.99274208e-07 
 4.16869383e+00  9.90001160e+00  4.08574499e-02  9.90001160e+00  4.08574499e-02 -9.99901000e-01  4.08574499e-07 
 4.26579519e+00  9.90001168e+00  4.18091422e-02  9.90001168e+00  4.18091422e-02 -9.99901000e-01  4.18091422e-07 
 4.36515832e+00  9.90001177e+00  4.27830022e-02  9.90001177e+00  4.27830022e-02 -9.99901000e-01  4.27830022e-07 
 4.46683592e+00  9.90001186e+00  4.37795463e-02  9.90001186e+00  4.37795463e-02 -9.99901000e-01  4.37795463e-07 
 4.57088190e+00  9.90001195e+00  4.47993030e-02  9.90001195e+00  4.47993030e-02 -9.99901000e-01  4.47993030e-07 
 4.67735141e+00  9.90001204e+00  4.58428128e-02  9.90001204e+00  4.58428128e-02 -9.99901000e-01  4.58428128e-07 
 4.78630092e+00  9.90001215e+00  4.69106291e-02  9.90001215e+00  4.69106291e-02 -9.99901000e-01  4.69106291e-07 
 4.89778819e+00  9.90001225e+00  4.80033180e-02  9.90001225e+00  4.80033180e-02 -9.99901000e-01  4.80033180e-07 
 5.01187234e+00  9.90001236e+00  4.91214589e-02  9.90001236e+00  4.91214589e-02 -9.99901000e-01  4.91214589e-07 
 5.12861384e+00  9.90001248e+00  5.02656446e-02  9.90001248e+00  5.02656446e-02 -9.99901000e-01  5.02656446e-07 
 5.24807460e+00  9.90001260e+00  5.14364819e-02  9.90001260e+00  5.14364819e-02 -9.99901000e-01  5.14364819e-07 
 5.37031796e+00  9.90001273e+00  5.26345915e-02  9.90001273e+00  5.26345915e-02 -9.99901000e-01  5.26345915e-07 
 5.49540874e+00  9.90001286e+00  5.38606086e-02  9.90001286e+00  5.38606086e-02 -9.99901000e-01  5.38606086e-07 
 5.62341325e+00  9.90001300e+00  5.51151833e-02  9.90001300e+00  5.51151833e-02 -9.99901000e-01  5.51151833e-07 
 5.75439937e+00  9.90001315e+00  5.63989809e-02  9.90001315e+00  5.63989809e-02 -9.99901000e-01  5.63989809e-07 
 5.88843655e+00  9.90001330e+00  5.77126819e-02  9.90001330e+00  5.77126819e-02 -9.99901000e-01  5.77126819e-07 
 6.02559586e+00  9.90001346e+00  5.90569829e-02  9.90001346e+00  5.90569829e-02 -9.99901000e-01  5.90569829e-07 
 6.16595002e+00  9.90001363e+00  6.04325968e-02  9.90001363e+00  6.04325968e-02 -9.99901000e-01  6.04325968e-07 
 6.30957344e+00  9.90001380e+00  6.18402528e-02  9.90001380e+00  6.18402528e-02 -9.99901000e-01  6.18402528e-07 
 6.45654229e+00  9.90001399e+00  6.32806973e-02  9.90001399e+00  6.32806973e-02 -9.99901000e-01  6.32806973e-07 
 6.60693448e+00  9.90001418e+00  6.47546941e-02  9.90001418e+00  6.47546941e-02 -9.99901000e-01  6.47546941e-07 
 6.76082975e+00  9.90001438e+00  6.62630246e-02  9.90001438e+00  6.62630246e-02 -9.99901000e-01  6.62630246e-07 
 6.91830971e+00  9.90001459e+00  6.78064888e-02  9.90001459e+00  6.78064888e-02 -9.99901000e-01  6.78064888e-07 
 7.07945784e+00  9.90001481e+00  6.93859048e-02  9.90001481e+00  6.93859048e-02 -9.99901000e-01  6.93859048e-07 
 7.24435960e+00  9.90001504e+00  7.10021101e-02  9.90001504e+00  7.10021101e-02 -9.99901000e-01  7.10021101e-07 
 7.41310241e+00  9.90001529e+00  7.26559617e-02  9.90001529e+00  7.26559617e-02 -9.99901000e-01  7.26559617e-07 
 7.58577575e+00  9.90001554e+00  7.43483364e-02  9.90001554e+00  7.43483364e-02 -9.99901000e-01  7.43483364e-07 
 7.76247117e+00  9.90001581e+00  7.60801316e-02  9.90001581e+00  7.60801316e-02 -9.99901000e-01  7.60801316e-07 
 7.94328235e+00  9.90001608e+00  7.78522655e-02  9.90001608e+00  7.78522655e-02 -9.99901000e-01  7.78522655e-07 
 8.12830516e+00  9.90001637e+00  7.96656777e-02  9.90001637e+00  7.96656777e-02 -9.99901000e-01  7.96656777e-07 
 8.31763771e+00  9.90001668e+00  8.15213297e-02  9.90001668e+00  8.15213297e-02 -9.99901000e-01  8.15213297e-07 
 8.51138038e+00  9.90001700e+00  8.34202054e-02  9.90001700e+00  8.34202054e-02 -9.99901000e-01  8.34202054e-07 
 8.70963590e+00  9.90001733e+00  8.53633115e-02  9.90001733e+00  8.53633115e-02 -9.99901000e-01  8.53633115e-07 
 8.91250938e+00  9.90001768e+00  8.73516785e-02  9.90001768e+00  8.73516785e-02 -9.99901000e-01  8.73516785e-07 
 9.12010839e+00  9.90001805e+00  8.93863604e-02  9.90001805e+00  8.93863604e-02 -9.99901000e-01  8.93863604e-07 
 9.33254301e+00  9.90001844e+00  9.14684362e-02  9.90001844e+00  9.14684362e-02 -9.99901000e-01  9.14684362e-07 
 9.54992586e+00  9.90001884e+00  9.35990097e-02  9.90001884e+00  9.35990097e-02 -9.99901000e-01  9.35990097e-07 
 9.77237221e+00  9.90001926e+00  9.57792107e-02  9.90001926e+00  9.57792107e-02 -9.99901000e-01  9.57792107e-07 
 1.00000000e+01  9.90001970e+00  9.80101950e-02  9.90001970e+00  9.80101950e-02 -9.99901000e-01  9.80101950e-07 
 1.02329299e+01  9.90002016e+00  1.00293146e-01  9.90002016e+00  1.00293146e-01 -9.99901000e-01  1.00293146e-06 
 1.04712855e+01  9.90002065e+00  1.02629273e-01  9.90002065e+00  1.02629273e-01 -9.99901000e-01  1.02629273e-06 
 1.07151931e+01  9.90002115e+00  1.05019816e-01  9.90002115e+00  1.05019816e-01 -9.99901000e-01  1.05019816e-06 
 1.09647820e+01  9.90002168e+00  1.07466042e-01  9.90002168e+00  1.07466042e-01 -9.99901000e-01  1.07466042e-06 
 1.12201845e+01  9.90002224e+00  1.09969247e-01  9.90002224e+00  1.09969247e-01 -9.99901000e-01  1.09969247e-06 
 1.14815362e+01  9.90002282e+00  1.12530760e-01  9.90002282e+00  1.12530760e-01 -9.99901000e-01  1.12530760e-06 
 1.17489755e+01  9.90002343e+00  1.15151938e-01  9.90002343e+00  1.15151938e-01 -9.99901000e-01  1.15151938e-06 
 1.20226443e+01  9.90002407e+00  1.17834171e-01  9.90002407e+00  1.17834171e-01 -9.99901000e-01  1.17834171e-06 
 1.23026877e+01  9.90002473e+00  1.20578882e-01  9.90002473e+00  1.20578882e-01 -9.99901000e-01  1.20578882e-06 
 1.25892541e+01  9.90002543e+00  1.23387524e-01  9.90002543e+00  1.23387524e-01 -9.99901000e-01  1.23387524e-06 
 1.28824955e+01  9.90002616e+00  1.26261589e-01  9.90002616e+00  1.26261589e-01 -9.99901000e-01  1.26261589e-06 
 1.31825674e+01  9.90002693e+00  1.29202599e-01  9.90002693e+00  1.29202599e-01 -9.99901000e-01  1.29202599e-06 
 1.34896288e+01  9.90002773e+00  1.32212114e-01  9.90002773e+00  1.32212114e-01 -9.99901000e-01  1.32212114e-06 
 1.38038426e+01  9.90002857e+00  1.35291730e-01  9.90002857e+00  1.35291730e-01 -9.99901000e-01  1.35291730e-06 
 1.41253754e+01  9.90002945e+00  1.38443079e-01  9.90002945e+00  1.38443079e-01 -9.99901000e-01  1.38443079e-06 
 1.44543977e+01  9.90003038e+00  1.41667832e-01  9.90003038e+00  1.41667832e-01 -9.99901000e-01  1.41667832e-06 
 1.47910839e+01  9.90003134e+00  1.44967700e-01  9.90003134e+00  1.44967700e-01 -9.99901000e-01  1.44967700e-06 
 1.51356125e+01  9.90003235e+00  1.48344431e-01  9.90003235e+00  1.48344431e-01 -9.99901000e-01  1.48344431e-06 
 1.54881662e+01  9.90003341e+00  1.51799817e-01  9.90003341e+00  1.51799817e-01 -9.99901000e-01  1.51799817e-06 
 1.58489319e+01  9.90003452e+00  1.55335689e-01  9.90003452e+00  1.55335689e-01 -9.99901000e-01  1.55335689e-06 
 1.62181010e+01  9.90003568e+00  1.58953921e-01  9.90003568e+00  1.58953921e-01 -9.99901000e-01  1.58953921e-06 
 1.65958691e+01  9.90003689e+00  1.62656434e-01  9.90003689e+00  1.62656434e-01 -9.99901000e-01  1.62656434e-06 
 1.69824365e+01  9.90003816e+00  1.66445188e-01  9.90003816e+00  1.66445188e-01 -9.99901000e-01  1.66445188e-06 
 1.73780083e+01  9.90003950e+00  1.70322195e-01  9.90003950e+00  1.70322195e-01 -9.99901000e-01  1.70322195e-06 
 1.77827941e+01  9.90004089e+00  1.74289508e-01  9.90004089e+00  1.74289508e-01 -9.99901000e-01  1.74289508e-06 
 1.81970086e+01  9.90004235e+00  1.78349232e-01  9.90004235e+00  1.78349232e-01 -9.99901000e-01  1.78349232e-06 
 1.86208714e+01  9.90004388e+00  1.82503519e-01  9.90004388e+00  1.82503519e-01 -9.99901000e-01  1.82503519e-06 
 1.90546072e+01  9.90004548e+00  1.86754572e-01  9.90004548e+00  1.86754572e-01 -9.99901000e-01  1.86754572e-06 
 1.94984460e+01  9.90004716e+00  1.91104644e-01  9.90004716e+00  1.91104644e-01 -9.99901000e-01  1.91104644e-06 
 1.99526231e+01  9.90004891e+00  1.95556043e-01  9.90004891e+00  1.95556043e-01 -9.99901000e-01  1.95556043e-06 
 2.04173794e+01  9.90005075e+00  2.00111128e-01  9.90005075e+00  2.00111128e-01 -9.99900999e-01  2.00111128e-06 
 2.08929613e+01  9.90005268e+00  2.04772314e-01  9.90005268e+00  2.04772314e-01 -9.99900999e-01  2.04772314e-06 
 2.13796209e+01  9.90005469e+00  2.09542074e-01  9.90005469e+00  2.09542074e-01 -9.99900999e-01  2.09542074e-06 
 2.18776162e+01  9.90005681e+00  2.14422935e-01  9.90005681e+00  2.14422935e-01 -9.99900999e-01  2.14422935e-06 
 2.23872114e+01  9.90005902e+00  2.19417487e-01  9.90005902e+00  2.19417487e-01 -9.99900999e-01  2.19417487e-06 
 2.29086765e+01  9.90006133e+00  2.24528376e-01  9.90006133e+00  2.24528376e-01 -9.99900999e-01  2.24528376e-06 
 2.34422882e+01  9.90006376e+00  2.29758313e-01  9.90006376e+00  2.29758313e-01 -9.99900999e-01  2.29758313e-06 
 2.39883292e+01  9.90006629e+00  2.35110071e-01  9.90006629e+00  2.35110071e-01 -9.99900999e-01  2.35110071e-06 
 2.45470892e+01  9.90006895e+00  2.40586488e-01  9.90006895e+00  2.40586488e-01 -9.99900999e-01  2.40586488e-06 
 2.51188643e+01  9.90007173e+00  2.46190466e-01  9.90007173e+00  2.46190466e-01 -9.99900999e-01  2.46190466e-06 
 2.57039578e+01  9.90007465e+00  2.51924978e-01  9.90007465e+00  2.51924978e-01 -9.99900999e-01  2.51924978e-06 
 2.63026799e+01  9.90007770e+00  2.57793064e-01  9.90007770e+00  2.57793064e-01 -9.99900999e-01  2.57793064e-06 
 2.69153480e+01  9.90008090e+00  2.63797835e-01  9.90008090e+00  2.63797835e-01 -9.99900999e-01  2.63797835e-06 
 2.75422870e+01  9.90008424e+00  2.69942475e-01  9.90008424e+00  2.69942475e-01 -9.99900999e-01  2.69942475e-06 
 2.81838293e+01  9.90008774e+00  2.76230242e-01  9.90008774e+00  2.76230242e-01 -9.99900999e-01  2.76230242e-06 
 2.88403150e+01  9.90009141e+00  2.82664469e-01  9.90009141e+00  2.82664469e-01 -9.99900999e-01  2.82664469e-06 
 2.95120923e+01  9.90009525e+00  2.89248570e-01  9.90009525e+00  2.89248570e-01 -9.99900999e-01  2.89248570e-06 
 3.01995172e+01  9.90009928e+00  2.95986033e-01  9.90009928e+00  2.95986033e-01 -9.99900999e-01  2.95986033e-06 
 3.09029543e+01  9.90010349e+00  3.02880432e-01  9.90010349e+00  3.02880432e-01 -9.99900999e-01  3.02880432e-06 
 3.16227766e+01  9.90010790e+00  3.09935422e-01  9.90010790e+00  3.09935422e-01 -9.99900999e-01  3.09935422e-06 
 3.23593657e+01  9.90011252e+00  3.17154744e-01  9.90011252e+00  3.17154744e-01 -9.99900999e-01  3.17154744e-06 
 3.31131121e+01  9.90011736e+00  3.24542226e-01  9.90011736e+00  3.24542226e-01 -9.99900999e-01  3.24542226e-06 
 3.38844156e+01  9.90012242e+00  3.32101784e-01  9.90012242e+00  3.32101784e-01 -9.99900999e-01  3.32101784e-06 
 3.46736850e+01  9.90012772e+00  3.39837426e-01  9.90012772e+00  3.39837426e-01 -9.99900999e-01  3.39837426e-06 
 3.54813389e+01  9.90013328e+00  3.47753255e-01  9.90013328e+00  3.47753255e-01 -9.99900999e-01  3.47753255e-06 
 3.63078055e+01  9.90013909e+00  3.55853466e-01  9.90013909e+00  3.55853466e-01 -9.99900999e-01  3.55853466e-06 
 3.71535229e+01  9.90014518e+00  3.64142356e-01  9.90014518e+00  3.64142356e-01 -9.99900999e-01  3.64142356e-06 
 3.80189396e+01  9.90015155e+00  3.72624319e-01  9.90015155e+00  3.72624319e-01 -9.99900998e-01  3.72624319e-06 
 3.89045145e+01  9.90015823e+00  3.81303852e-01  9.90015823e+00  3.81303852e-01 -9.99900998e-01  3.81303852e-06 
 3.98107171e+01  9.90016522e+00  3.90185556e-01  9.90016522e+00  3.90185556e-01 -9.99900998e-01  3.90185556e-06 
 4.07380278e+01  9.90017254e+00  3.99274143e-01  9.90017254e+00  3.99274143e-01 -9.99900998e-01  3.99274143e-06 
 4.16869383e+01  9.90018021e+00  4.08574429e-01  9.90018021e+00  4.08574429e-01 -9.99900998e-01  4.08574429e-06 
 4.26579519e+01  9.90018823e+00  4.18091347e-01  9.90018823e+00  4.18091347e-01 -9.99900998e-01  4.18091347e-06 
 4.36515832e+01  9.90019664e+00  4.27829941e-01  9.90019664e+00  4.27829941e-01 -9.99900998e-01  4.27829941e-06 
 4.46683592e+01  9.90020544e+00  4.37795377e-01  9.90020544e+00  4.37795377e-01 -9.99900998e-01  4.37795377e-06 
 4.57088190e+01  9.90021465e+00  4.47992937e-01  9.90021465e+00  4.47992937e-01 -9.99900998e-01  4.47992937e-06 
 4.67735141e+01  9.90022430e+00  4.58428029e-01  9.90022430e+00  4.58428029e-01 -9.99900998e-01  4.58428029e-06 
 4.78630092e+01  9.90023441e+00  4.69106184e-01  9.90023441e+00  4.69106184e-01 -9.99900998e-01  4.69106184e-06 
 4.89778819e+01  9.90024499e+00  4.80033066e-01  9.90024499e+00  4.80033066e-01 -9.99900998e-01  4.80033066e-06 
 5.01187234e+01  9.90025607e+00  4.91214467e-01  9.90025607e+00  4.91214467e-01 -9.99900997e-01  4.91214467e-06 
 5.12861384e+01  9.90026767e+00  5.02656316e-01  9.90026767e+00  5.02656316e-01 -9.99900997e-01  5.02656316e-06 
 5.24807460e+01  9.90027982e+00  5.14364679e-01  9.90027982e+00  5.14364679e-01 -9.99900997e-01  5.14364679e-06 
 5.37031796e+01  9.90029254e+00  5.26345765e-01  9.90029254e+00  5.26345765e-01 -9.99900997e-01  5.26345765e-06 
 5.49540874e+01  9.90030586e+00  5.38605925e-01  9.90030586e+00  5.38605925e-01 -9.99900997e-01  5.38605925e-06 
 5.62341325e+01  9.90031980e+00  5.51151661e-01  9.90031980e+00  5.51151661e-01 -9.99900997e-01  5.51151661e-06 
 5.75439937e+01  9.90033441e+00  5.63989624e-01  9.90033441e+00  5.63989624e-01 -9.99900997e-01  5.63989624e-06 
 5.88843655e+01  9.90034970e+00  5.77126621e-01  9.90034970e+00  5.77126621e-01 -9.99900997e-01  5.77126621e-06 
 6.02559586e+01  9.90036572e+00  5.90569617e-01  9.90036572e+00  5.90569617e-01 -9.99900996e-01  5.90569617e-06 
 6.16595002e+01  9.90038249e+00  6.04325740e-01  9.90038249e+00  6.04325740e-01 -9.99900996e-01  6.04325740e-06 
 6.30957344e+01  9.90040005e+00  6.18402284e-01  9.90040005e+00  6.18402284e-01 -9.99900996e-01  6.18402284e-06 
 6.45654229e+01  9.90041843e+00  6.32806712e-01  9.90041843e+00  6.32806712e-01 -9.99900996e-01  6.32806712e-06 
 6.60693448e+01  9.90043769e+00  6.47546661e-01  9.90043769e+00  6.47546661e-01 -9.99900996e-01  6.47546661e-06 
 6.76082975e+01  9.90045785e+00  6.62629947e-01  9.90045785e+00  6.62629947e-01 -9.99900995e-01  6.62629947e-06 
 6.91830971e+01  9.90047896e+00  6.78064566e-01  9.90047896e+00  6.78064566e-01 -9.99900995e-01  6.78064566e-06 
 7.07945784e+01  9.90050107e+00  6.93858703e-01  9.90050107e+00  6.93858703e-01 -9.99900995e-01  6.93858703e-06 
 7.24435960e+01  9.90052421e+00  7.10020732e-01  9.90052421e+00  7.10020732e-01 -9.99900995e-01  7.10020732e-06 
 7.41310241e+01  9.90054845e+00  7.26559221e-01  9.90054845e+00  7.26559221e-01 -9.99900995e-01  7.26559221e-06 
 7.58577575e+01  9.90057383e+00  7.43482941e-01  9.90057383e+00  7.43482941e-01 -9.99900994e-01  7.43482941e-06 
 7.76247117e+01  9.90060041e+00  7.60800862e-01  9.90060041e+00  7.60800862e-01 -9.99900994e-01  7.60800862e-06 
 7.94328235e+01  9.90062824e+00  7.78522169e-01  9.90062824e+00  7.78522169e-01 -9.99900994e-01  7.78522169e-06 
 8.12830516e+01  9.90065738e+00  7.96656256e-01  9.90065738e+00  7.96656256e-01 -9.99900993e-01  7.96656256e-06 
 8.31763771e+01  9.90068790e+00  8.15212739e-01  9.90068790e+00  8.15212739e-01 -9.99900993e-01  8.15212739e-06 
 8.51138038e+01  9.90071985e+00  8.34201455e-01  9.90071985e+00  8.34201455e-01 -9.99900993e-01  8.34201455e-06 
 8.70963590e+01  9.90075331e+00  8.53632474e-01  9.90075331e+00  8.53632474e-01 -9.99900992e-01  8.53632474e-06 
 8.91250938e+01  9.90078834e+00  8.73516098e-01  9.90078834e+00  8.73516098e-01 -9.99900992e-01  8.73516098e-06 
 9.12010839e+01  9.90082503e+00  8.93862868e-01  9.90082503e+00  8.93862868e-01 -9.99900992e-01  8.93862868e-06 
 9.33254301e+01  9.90086345e+00  9.14683573e-01  9.90086345e+00  9.14683573e-01 -9.99900991e-01  9.14683573e-06 
 9.54992586e+01  9.90090367e+00  9.35989252e-01  9.90090367e+00  9.35989252e-01 -9.99900991e-01  9.35989252e-06 
 9.77237221e+01  9.90094580e+00  9.57791201e-01  9.90094580e+00  9.57791201e-01 -9.99900991e-01  9.57791201e-06 
 1.00000000e+02  9.90098990e+00  9.80100980e-01  9.90098990e+00  9.80100980e-01 -9.99900990e-01  9.80100980e-06 
 1.02329299e+02  9.90103609e+00  1.00293042e+00  9.90103609e+00  1.00293042e+00 -9.99900990e-01  1.00293042e-05 
 1.04712855e+02  9.90108445e+00  1.02629162e+00  9.90108445e+00  1.02629162e+00 -9.99900989e-01  1.02629162e-05 
 1.07151931e+02  9.90113509e+00  1.05019697e+00  9.90113509e+00  1.05019697e+00 -9.99900989e-01  1.05019697e-05 
 1.09647820e+02  9.90118812e+00  1.07465914e+00  9.90118812e+00  1.07465914e+00 -9.99900988e-01  1.07465914e-05 
 1.12201845e+02  9.90124365e+00  1.09969110e+00  9.90124365e+00  1.09969110e+00 -9.99900988e-01  1.09969110e-05 
 1.14815362e+02  9.90130180e+00  1.12530613e+00  9.90130180e+00  1.12530613e+00 -9.99900987e-01  1.12530613e-05 
 1.17489755e+02  9.90136268e+00  1.15151781e+00  9.90136268e+00  1.15151781e+00 -9.99900986e-01  1.15151781e-05 
 1.20226443e+02  9.90142644e+00  1.17834003e+00  9.90142644e+00  1.17834003e+00 -9.99900986e-01  1.17834003e-05 
 1.23026877e+02  9.90149320e+00  1.20578701e+00  9.90149320e+00  1.20578701e+00 -9.99900985e-01  1.20578701e-05 
 1.25892541e+02  9.90156310e+00  1.23387331e+00  9.90156310e+00  1.23387331e+00 -9.99900984e-01  1.23387331e-05 
 1.28824955e+02  9.90163630e+00  1.26261382e+00  9.90163630e+00  1.26261382e+00 -9.99900984e-01  1.26261382e-05 
 1.31825674e+02  9.90171295e+00  1.29202377e+00  9.90171295e+00  1.29202377e+00 -9.99900983e-01  1.29202377e-05 
 1.34896288e+02  9.90179321e+00  1.32211876e+00  9.90179321e+00  1.32211876e+00 -9.99900982e-01  1.32211876e-05 
 1.38038426e+02  9.90187726e+00  1.35291475e+00  9.90187726e+00  1.35291475e+00 -9.99900981e-01  1.35291475e-05 
 1.41253754e+02  9.90196526e+00  1.38442805e+00  9.90196526e+00  1.38442805e+00 -9.99900980e-01  1.38442805e-05 
 1.44543977e+02  9.90205742e+00  1.41667539e+00  9.90205742e+00  1.41667539e+00 -9.99900979e-01  1.41667539e-05 
 1.47910839e+02  9.90215391e+00  1.44967386e+00  9.90215391e+00  1.44967386e+00 -9.99900978e-01  1.44967386e-05 
 1.51356125e+02  9.90225496e+00  1.48344095e+00  9.90225496e+00  1.48344095e+00 -9.99900977e-01  1.48344095e-05 
 1.54881662e+02  9.90236076e+00  1.51799456e+00  9.90236076e+00  1.51799456e+00 -9.99900976e-01  1.51799456e-05 
 1.58489319e+02  9.90247155e+00  1.55335302e+00  9.90247155e+00  1.55335302e+00 -9.99900975e-01  1.55335302e-05 
 1.62181010e+02  9.90258757e+00  1.58953508e+00  9.90258757e+00  1.58953508e+00 -9.99900974e-01  1.58953508e-05 
 1.65958691e+02  9.90270905e+00  1.62655990e+00  9.90270905e+00  1.62655990e+00 -9.99900973e-01  1.62655990e-05 
 1.69824365e+02  9.90283626e+00  1.66444713e+00  9.90283626e+00  1.66444713e+00 -9.99900972e-01  1.66444713e-05 
 1.73780083e+02  9.90296946e+00  1.70321686e+00  9.90296946e+00  1.70321686e+00 -9.99900970e-01  1.70321686e-05 
 1.77827941e+02  9.90310894e+00  1.74288963e+00  9.90310894e+00  1.74288963e+00 -9.99900969e-01  1.74288963e-05 
 1.81970086e+02  9.90325499e+00  1.78348647e+00  9.90325499e+00  1.78348647e+00 -9.99900967e-01  1.78348647e-05 
 1.86208714e+02  9.90340793e+00  1.82502893e+00  9.90340793e+00  1.82502893e+00 -9.99900966e-01  1.82502893e-05 
 1.90546072e+02  9.90356807e+00  1.86753901e+00  9.90356807e+00  1.86753901e+00 -9.99900964e-01  1.86753901e-05 
 1.94984460e+02  9.90373576e+00  1.91103925e+00  9.90373576e+00  1.91103925e+00 -9.99900963e-01  1.91103925e-05 
 1.99526231e+02  9.90391135e+00  1.95555272e+00  9.90391135e+00  1.95555272e+00 -9.99900961e-01  1.95555272e-05 
 2.04173794e+02  9.90409522e+00  2.00110302e+00  9.90409522e+00  2.00110302e+00 -9.99900959e-01  2.00110302e-05 
 2.08929613e+02  9.90428776e+00  2.04771430e+00  9.90428776e+00  2.04771430e+00 -9.99900957e-01  2.04771430e-05 
 2.13796209e+02  9.90448937e+00  2.09541126e+00  9.90448937e+00  2.09541126e+00 -9.99900955e-01  2.09541126e-05 
 2.18776162e+02  9.90470048e+00  2.14421920e+00  9.90470048e+00  2.14421920e+00 -9.99900953e-01  2.14421920e-05 
 2.23872114e+02  9.90492153e+00  2.19416398e+00  9.90492153e+00  2.19416398e+00 -9.99900951e-01  2.19416398e-05 
 2.29086765e+02  9.90515301e+00  2.24527210e+00  9.90515301e+00  2.24527210e+00 -9.99900948e-01  2.24527210e-05 
 2.34422882e+02  9.90539540e+00  2.29757063e+00  9.90539540e+00  2.29757063e+00 -9.99900946e-01  2.29757063e-05 
 2.39883292e+02  9.90564921e+00  2.35108732e+00  9.90564921e+00  2.35108732e+00 -9.99900944e-01  2.35108732e-05 
 2.45470892e+02  9.90591498e+00  2.40585053e+00  9.90591498e+00  2.40585053e+00 -9.99900941e-01  2.40585053e-05 
 2.51188643e+02  9.90619327e+00  2.46188929e+00  9.90619327e+00  2.46188929e+00 -9.99900938e-01  2.46188929e-05 
 2.57039578e+02  9.90648469e+00  2.51923330e+00  9.90648469e+00  2.51923330e+00 -9.99900935e-01  2.51923330e-05 
 2.63026799e+02  9.90678983e+00  2.57791298e+00  9.90678983e+00  2.57791298e+00 -9.99900932e-01  2.57791298e-05 
 2.69153480e+02  9.90710936e+00  2.63795943e+00  9.90710936e+00  2.63795943e+00 -9.99900929e-01  2.63795943e-05 
 2.75422870e+02  9.90744394e+00  2.69940448e+00  9.90744394e+00  2.69940448e+00 -9.99900926e-01  2.69940448e-05 
 2.81838293e+02  9.90779429e+00  2.76228070e+00  9.90779429e+00  2.76228070e+00 -9.99900922e-01  2.76228070e-05 
 2.88403150e+02  9.90816116e+00  2.82662142e+00  9.90816116e+00  2.82662142e+00 -9.99900918e-01  2.82662142e-05 
 2.95120923e+02  9.90854531e+00  2.89246076e+00  9.90854531e+00  2.89246076e+00 -9.99900915e-01  2.89246076e-05 
 3.01995172e+02  9.90894757e+00  2.95983361e+00  9.90894757e+00  2.95983361e+00 -9.99900911e-01  2.95983361e-05 
 3.09029543e+02  9.90936879e+00  3.02877569e+00  9.90936879e+00  3.02877569e+00 -9.99900906e-01  3.02877569e-05 
 3.16227766e+02  9.90980985e+00  3.09932355e+00  9.90980985e+00  3.09932355e+00 -9.99900902e-01  3.09932355e-05 
 3.23593657e+02  9.91027170e+00  3.17151457e+00  9.91027170e+00  3.17151457e+00 -9.99900897e-01  3.17151457e-05 
 3.31131121e+02  9.91075532e+00  3.24538703e+00  9.91075532e+00  3.24538703e+00 -9.99900892e-01  3.24538703e-05 
 3.38844156e+02  9.91126173e+00  3.32098009e+00  9.91126173e+00  3.32098009e+00 -9.99900887e-01  3.32098009e-05 
 3.46736850e+02  9.91179201e+00  3.39833382e+00  9.91179201e+00  3.39833382e+00 -9.99900882e-01  3.39833382e-05 
 3.54813389e+02  9.91234728e+00  3.47748921e+00  9.91234728e+00  3.47748921e+00 -9.99900877e-01  3.47748921e-05 
 3.63078055e+02  9.91292871e+00  3.55848823e+00  9.91292871e+00  3.55848823e+00 -9.99900871e-01  3.55848823e-05 
 3.71535229e+02  9.91353755e+00  3.64137381e+00  9.91353755e+00  3.64137381e+00 -9.99900865e-01  3.64137381e-05 
 3.80189396e+02  9.91417508e+00  3.72618988e+00  9.91417508e+00  3.72618988e+00 -9.99900858e-01  3.72618988e-05 
 3.89045145e+02  9.91484265e+00  3.81298139e+00  9.91484265e+00  3.81298139e+00 -9.99900852e-01  3.81298139e-05 
 3.98107171e+02  9.91554169e+00  3.90179436e+00  9.91554169e+00  3.90179436e+00 -9.99900845e-01  3.90179436e-05 
 4.07380278e+02  9.91627366e+00  3.99267584e+00  9.91627366e+00  3.99267584e+00 -9.99900837e-01  3.99267584e-05 
 4.16869383e+02  9.91704014e+00  4.08567401e+00  9.91704014e+00  4.08567401e+00 -9.99900830e-01  4.08567401e-05 
 4.26579519e+02  9.91784273e+00  4.18083816e+00  9.91784273e+00  4.18083816e+00 -9.99900822e-01  4.18083816e-05 
 4.36515832e+02  9.91868315e+00  4.27821872e+00  9.91868315e+00  4.27821872e+00 -9.99900813e-01  4.27821872e-05 
 4.46683592e+02  9.91956318e+00  4.37786731e+00  9.91956318e+00  4.37786731e+00 -9.99900804e-01  4.37786731e-05 
 4.57088190e+02  9.92048468e+00  4.47983673e+00  9.92048468e+00  4.47983673e+00 -9.99900795e-01  4.47983673e-05 
 4.67735141e+02  9.92144960e+00  4.58418102e+00  9.92144960e+00  4.58418102e+00 -9.99900786e-01  4.58418102e-05 
 4.78630092e+02  9.92246000e+00  4.69095547e+00  9.92246000e+00  4.69095547e+00 -9.99900775e-01  4.69095547e-05 
 4.89778819e+02  9.92351802e+00  4.80021668e+00  9.92351802e+00  4.80021668e+00 -9.99900765e-01  4.80021668e-05 
 5.01187234e+02  9.92462589e+00  4.91202254e+00  9.92462589e+00  4.91202254e+00 -9.99900754e-01  4.91202254e-05 
 5.12861384e+02  9.92578598e+00  5.02643230e+00  9.92578598e+00  5.02643230e+00 -9.99900742e-01  5.02643230e-05 
 5.24807460e+02  9.92700073e+00  5.14350657e+00  9.92700073e+00  5.14350657e+00 -9.99900730e-01  5.14350657e-05 
 5.37031796e+02  9.92827274e+00  5.26330740e+00  9.92827274e+00  5.26330740e+00 -9.99900717e-01  5.26330740e-05 
 5.49540874e+02  9.92960468e+00  5.38589826e+00  9.92960468e+00  5.38589826e+00 -9.99900704e-01  5.38589826e-05 
 5.62341325e+02  9.93099940e+00  5.51134410e+00  9.93099940e+00  5.51134410e+00 -9.99900690e-01  5.51134410e-05 
 5.75439937e+02  9.93245984e+00  5.63971139e+00  9.93245984e+00  5.63971139e+00 -9.99900675e-01  5.63971139e-05 
 5.88843655e+02  9.93398910e+00  5.77106814e+00  9.93398910e+00  5.77106814e+00 -9.99900660e-01  5.77106814e-05 
 6.02559586e+02  9.93559044e+00  5.90548394e+00  9.93559044e+00  5.90548394e+00 -9.99900644e-01  5.90548394e-05 
 6.16595002e+02  9.93726723e+00  6.04303000e+00  9.93726723e+00  6.04303000e+00 -9.99900627e-01  6.04303000e-05 
 6.30957344e+02  9.93902305e+00  6.18377917e+00  9.93902305e+00  6.18377917e+00 -9.99900610e-01  6.18377917e-05 
 6.45654229e+02  9.94086160e+00  6.32780602e+00  9.94086160e+00  6.32780602e+00 -9.99900591e-01  6.32780602e-05 
 6.60693448e+02  9.94278680e+00  6.47518684e+00  9.94278680e+00  6.47518684e+00 -9.99900572e-01  6.47518684e-05 
 6.76082975e+02  9.94480272e+00  6.62599969e+00  9.94480272e+00  6.62599969e+00 -9.99900552e-01  6.62599969e-05 
 6.91830971e+02  9.94691364e+00  6.78032445e+00  9.94691364e+00  6.78032445e+00 -9.99900531e-01  6.78032445e-05 
 7.07945784e+02  9.94912403e+00  6.93824284e+00  9.94912403e+00  6.93824284e+00 -9.99900509e-01  6.93824284e-05 
 7.24435960e+02  9.95143859e+00  7.09983851e+00  9.95143859e+00  7.09983851e+00 -9.99900486e-01  7.09983851e-05 
 7.41310241e+02  9.95386222e+00  7.26519703e+00  9.95386222e+00  7.26519703e+00 -9.99900461e-01  7.26519703e-05 
 7.58577575e+02  9.95640005e+00  7.43440596e+00  9.95640005e+00  7.43440596e+00 -9.99900436e-01  7.43440596e-05 
 7.76247117e+02  9.95905748e+00  7.60755490e+00  9.95905748e+00  7.60755490e+00 -9.99900409e-01  7.60755490e-05 
 7.94328235e+02  9.96184013e+00  7.78473551e+00  9.96184013e+00  7.78473551e+00 -9.99900382e-01  7.78473551e-05 
 8.12830516e+02  9.96475391e+00  7.96604162e+00  9.96475391e+00  7.96604162e+00 -9.99900352e-01  7.96604162e-05 
 8.31763771e+02  9.96780499e+00  8.15156919e+00  9.96780499e+00  8.15156919e+00 -9.99900322e-01  8.15156919e-05 
 8.51138038e+02  9.97099984e+00  8.34141643e+00  9.97099984e+00  8.34141643e+00 -9.99900290e-01  8.34141643e-05 
 8.70963590e+02  9.97434524e+00  8.53568385e+00  9.97434524e+00  8.53568385e+00 -9.99900257e-01  8.53568385e-05 
 8.91250938e+02  9.97784828e+00  8.73447425e+00  9.97784828e+00  8.73447425e+00 -9.99900222e-01  8.73447425e-05 
 9.12010839e+02  9.98151638e+00  8.93789284e+00  9.98151638e+00  8.93789284e+00 -9.99900185e-01  8.93789284e-05 
 9.33254301e+02  9.98535733e+00  9.14604727e+00  9.98535733e+00  9.14604727e+00 -9.99900146e-01  9.14604727e-05 
 9.54992586e+02  9.98937926e+00  9.35904767e+00  9.98937926e+00  9.35904767e+00 -9.99900106e-01  9.35904767e-05 
 9.77237221e+02  9.99359071e+00  9.57700674e+00  9.99359071e+00  9.57700674e+00 -9.99900064e-01  9.57700674e-05 
 1.00000000e+03  9.99800060e+00  9.80003979e+00  9.99800060e+00  9.80003979e+00 -9.99900020e-01  9.80003979e-05 
 1.02329299e+03  1.00026183e+01  1.00282648e+01  1.00026183e+01  1.00282648e+01 -9.99899974e-01  1.00282648e-04 
 1.04712855e+03  1.00074535e+01  1.02618025e+01  1.00074535e+01  1.02618025e+01 -9.99899925e-01  1.02618025e-04 
 1.07151931e+03  1.00125166e+01  1.05007763e+01  1.00125166e+01  1.05007763e+01 -9.99899875e-01  1.05007763e-04 
 1.09647820e+03  1.00178182e+01  1.07453127e+01  1.00178182e+01  1.07453127e+01 -9.99899822e-01  1.07453127e-04 
 1.12201845e+03  1.00233697e+01  1.09955409e+01  1.00233697e+01  1.09955409e+01 -9.99899766e-01  1.09955409e-04 
 1.14815362e+03  1.00291827e+01  1.12515932e+01  1.00291827e+01  1.12515932e+01 -9.99899708e-01  1.12515932e-04 
 1.17489755e+03  1.00352696e+01  1.15136050e+01  1.00352696e+01  1.15136050e+01 -9.99899647e-01  1.15136050e-04 
 1.20226443e+03  1.00416432e+01  1.17817147e+01  1.00416432e+01  1.17817147e+01 -9.99899584e-01  1.17817147e-04 
 1.23026877e+03  1.00483172e+01  1.20560639e+01  1.00483172e+01  1.20560639e+01 -9.99899517e-01  1.20560639e-04 
 1.25892541e+03  1.00553056e+01  1.23367978e+01  1.00553056e+01  1.23367978e+01 -9.99899447e-01  1.23367978e-04 
 1.28824955e+03  1.00626233e+01  1.26240645e+01  1.00626233e+01  1.26240645e+01 -9.99899374e-01  1.26240645e-04 
 1.31825674e+03  1.00702857e+01  1.29180157e+01  1.00702857e+01  1.29180157e+01 -9.99899297e-01  1.29180157e-04 
 1.34896288e+03  1.00783090e+01  1.32188067e+01  1.00783090e+01  1.32188067e+01 -9.99899217e-01  1.32188067e-04 
 1.38038426e+03  1.00867104e+01  1.35265963e+01  1.00867104e+01  1.35265963e+01 -9.99899133e-01  1.35265963e-04 
 1.41253754e+03  1.00955076e+01  1.38415470e+01  1.00955076e+01  1.38415470e+01 -9.99899045e-01  1.38415470e-04 
 1.44543977e+03  1.01047192e+01  1.41638249e+01  1.01047192e+01  1.41638249e+01 -9.99898953e-01  1.41638249e-04 
 1.47910839e+03  1.01143647e+01  1.44936001e+01  1.01143647e+01  1.44936001e+01 -9.99898856e-01  1.44936001e-04 
 1.51356125e+03  1.01244646e+01  1.48310465e+01  1.01244646e+01  1.48310465e+01 -9.99898755e-01  1.48310465e-04 
 1.54881662e+03  1.01350403e+01  1.51763422e+01  1.01350403e+01  1.51763422e+01 -9.99898650e-01  1.51763422e-04 
 1.58489319e+03  1.01461142e+01  1.55296691e+01  1.01461142e+01  1.55296691e+01 -9.99898539e-01  1.55296691e-04 
 1.62181010e+03  1.01577097e+01  1.58912136e+01  1.01577097e+01  1.58912136e+01 -9.99898423e-01  1.58912136e-04 
 1.65958691e+03  1.01698514e+01  1.62611660e+01  1.01698514e+01  1.62611660e+01 -9.99898301e-01  1.62611660e-04 
 1.69824365e+03  1.01825649e+01  1.66397213e+01  1.01825649e+01  1.66397213e+01 -9.99898174e-01  1.66397213e-04 
 1.73780083e+03  1.01958773e+01  1.70270789e+01  1.01958773e+01  1.70270789e+01 -9.99898041e-01  1.70270789e-04 
 1.77827941e+03  1.02098167e+01  1.74234427e+01  1.02098167e+01  1.74234427e+01 -9.99897902e-01  1.74234427e-04 
 1.81970086e+03  1.02244126e+01  1.78290212e+01  1.02244126e+01  1.78290212e+01 -9.99897756e-01  1.78290212e-04 
 1.86208714e+03  1.02396960e+01  1.82440279e+01  1.02396960e+01  1.82440279e+01 -9.99897603e-01  1.82440279e-04 
 1.90546072e+03  1.02556991e+01  1.86686810e+01  1.02556991e+01  1.86686810e+01 -9.99897443e-01  1.86686810e-04 
 1.94984460e+03  1.02724558e+01  1.91032037e+01  1.02724558e+01  1.91032037e+01 -9.99897275e-01  1.91032037e-04 
 1.99526231e+03  1.02900017e+01  1.95478245e+01  1.02900017e+01  1.95478245e+01 -9.99897100e-01  1.95478245e-04 
 2.04173794e+03  1.03083738e+01  2.00027767e+01  1.03083738e+01  2.00027767e+01 -9.99896916e-01  2.00027767e-04 
 2.08929613e+03  1.03276110e+01  2.04682994e+01  1.03276110e+01  2.04682994e+01 -9.99896724e-01  2.04682994e-04 
 2.13796209e+03  1.03477540e+01  2.09446367e+01  1.03477540e+01  2.09446367e+01 -9.99896522e-01  2.09446367e-04 
 2.18776162e+03  1.03688454e+01  2.14320386e+01  1.03688454e+01  2.14320386e+01 -9.99896312e-01  2.14320386e-04 
 2.23872114e+03  1.03909299e+01  2.19307605e+01  1.03909299e+01  2.19307605e+01 -9.99896091e-01  2.19307605e-04 
 2.29086765e+03  1.04140541e+01  2.24410639e+01  1.04140541e+01  2.24410639e+01 -9.99895859e-01  2.24410639e-04 
 2.34422882e+03  1.04382669e+01  2.29632158e+01  1.04382669e+01  2.29632158e+01 -9.99895617e-01  2.29632158e-04 
 2.39883292e+03  1.04636196e+01  2.34974897e+01  1.04636196e+01  2.34974897e+01 -9.99895364e-01  2.34974897e-04 
 2.45470892e+03  1.04901657e+01  2.40441650e+01  1.04901657e+01  2.40441650e+01 -9.99895098e-01  2.40441650e-04 
 2.51188643e+03  1.05179614e+01  2.46035275e+01  1.05179614e+01  2.46035275e+01 -9.99894820e-01  2.46035275e-04 
 2.57039578e+03  1.05470653e+01  2.51758692e+01  1.05470653e+01  2.51758692e+01 -9.99894529e-01  2.51758692e-04 
 2.63026799e+03  1.05775390e+01  2.57614891e+01  1.05775390e+01  2.57614891e+01 -9.99894225e-01  2.57614891e-04 
 2.69153480e+03  1.06094469e+01  2.63606925e+01  1.06094469e+01  2.63606925e+01 -9.99893906e-01  2.63606925e-04 
 2.75422870e+03  1.06428563e+01  2.69737918e+01  1.06428563e+01  2.69737918e+01 -9.99893571e-01  2.69737918e-04 
 2.81838293e+03  1.06778378e+01  2.76011064e+01  1.06778378e+01  2.76011064e+01 -9.99893222e-01  2.76011064e-04 
 2.88403150e+03  1.07144652e+01  2.82429625e+01  1.07144652e+01  2.82429625e+01 -9.99892855e-01  2.82429625e-04 
 2.95120923e+03  1.07528159e+01  2.88996939e+01  1.07528159e+01  2.88996939e+01 -9.99892472e-01  2.88996939e-04 
 3.01995172e+03  1.07929708e+01  2.95716417e+01  1.07929708e+01  2.95716417e+01 -9.99892070e-01  2.95716417e-04 
 3.09029543e+03  1.08350146e+01  3.02591546e+01  1.08350146e+01  3.02591546e+01 -9.99891650e-01  3.02591546e-04 
 3.16227766e+03  1.08790360e+01  3.09625889e+01  1.08790360e+01  3.09625889e+01 -9.99891210e-01  3.09625889e-04 
 3.23593657e+03  1.09251278e+01  3.16823089e+01  1.09251278e+01  3.16823089e+01 -9.99890749e-01  3.16823089e-04 
 3.31131121e+03  1.09733872e+01  3.24186868e+01  1.09733872e+01  3.24186868e+01 -9.99890266e-01  3.24186868e-04 
 3.38844156e+03  1.10239159e+01  3.31721030e+01  1.10239159e+01  3.31721030e+01 -9.99889761e-01  3.31721030e-04 
 3.46736850e+03  1.10768204e+01  3.39429464e+01  1.10768204e+01  3.39429464e+01 -9.99889232e-01  3.39429464e-04 
 3.54813389e+03  1.11322121e+01  3.47316140e+01  1.11322121e+01  3.47316140e+01 -9.99888678e-01  3.47316140e-04 
 3.63078055e+03  1.11902075e+01  3.55385117e+01  1.11902075e+01  3.55385117e+01 -9.99888098e-01  3.55385117e-04 
 3.71535229e+03  1.12509289e+01  3.63640542e+01  1.12509289e+01  3.63640542e+01 -9.99887491e-01  3.63640542e-04 
 3.80189396e+03  1.13145038e+01  3.72086650e+01  1.13145038e+01  3.72086650e+01 -9.99886855e-01  3.72086650e-04 
 3.89045145e+03  1.13810662e+01  3.80727769e+01  1.13810662e+01  3.80727769e+01 -9.99886189e-01  3.80727769e-04 
 3.98107171e+03  1.14507558e+01  3.89568316e+01  1.14507558e+01  3.89568316e+01 -9.99885492e-01  3.89568316e-04 
 4.07380278e+03  1.15237191e+01  3.98612807e+01  1.15237191e+01  3.98612807e+01 -9.99884763e-01  3.98612807e-04 
 4.16869383e+03  1.16001094e+01  4.07865851e+01  1.16001094e+01  4.07865851e+01 -9.99883999e-01  4.07865851e-04 
 4.26579519e+03  1.16800871e+01  4.17332153e+01  1.16800871e+01  4.17332153e+01 -9.99883199e-01  4.17332153e-04 
 4.36515832e+03  1.17638201e+01  4.27016521e+01  1.17638201e+01  4.27016521e+01 -9.99882362e-01  4.27016521e-04 
 4.46683592e+03  1.18514839e+01  4.36923859e+01  1.18514839e+01  4.36923859e+01 -9.99881485e-01  4.36923859e-04 
 4.57088190e+03  1.19432623e+01  4.47059177e+01  1.19432623e+01  4.47059177e+01 -9.99880567e-01  4.47059177e-04 
 4.67735141e+03  1.20393476e+01  4.57427584e+01  1.20393476e+01  4.57427584e+01 -9.99879607e-01  4.57427584e-04 
 4.78630092e+03  1.21399411e+01  4.68034299e+01  1.21399411e+01  4.68034299e+01 -9.99878601e-01  4.68034299e-04 
 4.89778819e+03  1.22452533e+01  4.78884644e+01  1.22452533e+01  4.78884644e+01 -9.99877547e-01  4.78884644e-04 
 5.01187234e+03  1.23555043e+01  4.89984050e+01  1.23555043e+01  4.89984050e+01 -9.99876445e-01  4.89984050e-04 
 5.12861384e+03  1.24709246e+01  5.01338055e+01  1.24709246e+01  5.01338055e+01 -9.99875291e-01  5.01338055e-04 
 5.24807460e+03  1.25917554e+01  5.12952312e+01  1.25917554e+01  5.12952312e+01 -9.99874082e-01  5.12952312e-04 
 5.37031796e+03  1.27182487e+01  5.24832582e+01  1.27182487e+01  5.24832582e+01 -9.99872818e-01  5.24832582e-04 
 5.49540874e+03  1.28506684e+01  5.36984741e+01  1.28506684e+01  5.36984741e+01 -9.99871493e-01  5.36984741e-04 
 5.62341325e+03  1.29892904e+01  5.49414777e+01  1.29892904e+01  5.49414777e+01 -9.99870107e-01  5.49414777e-04 
 5.75439937e+03  1.31344033e+01  5.62128796e+01  1.31344033e+01  5.62128796e+01 -9.99868656e-01  5.62128796e-04 
 5.88843655e+03  1.32863089e+01  5.75133018e+01  1.32863089e+01  5.75133018e+01 -9.99867137e-01  5.75133018e-04 
 6.02559586e+03  1.34453230e+01  5.88433781e+01  1.34453230e+01  5.88433781e+01 -9.99865547e-01  5.88433781e-04 
 6.16595002e+03  1.36117758e+01  6.02037540e+01  1.36117758e+01  6.02037540e+01 -9.99863882e-01  6.02037540e-04 
 6.30957344e+03  1.37860124e+01  6.15950871e+01  1.37860124e+01  6.15950871e+01 -9.99862140e-01  6.15950871e-04 
 6.45654229e+03  1.39683939e+01  6.30180466e+01  1.39683939e+01  6.30180466e+01 -9.99860316e-01  6.30180466e-04 
 6.60693448e+03  1.41592978e+01  6.44733139e+01  1.41592978e+01  6.44733139e+01 -9.99858407e-01  6.44733139e-04 
 6.76082975e+03  1.43591187e+01  6.59615820e+01  1.43591187e+01  6.59615820e+01 -9.99856409e-01  6.59615820e-04 
 6.91830971e+03  1.45682691e+01  6.74835564e+01  1.45682691e+01  6.74835564e+01 -9.99854317e-01  6.74835564e-04 
 7.07945784e+03  1.47871805e+01  6.90399542e+01  1.47871805e+01  6.90399542e+01 -9.99852128e-01  6.90399542e-04 
 7.24435960e+03  1.50163035e+01  7.06315044e+01  1.50163035e+01  7.06315044e+01 -9.99849837e-01  7.06315044e-04 
 7.41310241e+03  1.52561094e+01  7.22589482e+01  1.52561094e+01  7.22589482e+01 -9.99847439e-01  7.22589482e-04 
 7.58577575e+03  1.55070907e+01  7.39230384e+01  1.55070907e+01  7.39230384e+01 -9.99844929e-01  7.39230384e-04 
 7.76247117e+03  1.57697618e+01  7.56245394e+01  1.57697618e+01  7.56245394e+01 -9.99842302e-01  7.56245394e-04 
 7.94328235e+03  1.60446605e+01  7.73642274e+01  1.60446605e+01  7.73642274e+01 -9.99839553e-01  7.73642274e-04 
 8.12830516e+03  1.63323486e+01  7.91428899e+01  1.63323486e+01  7.91428899e+01 -9.99836677e-01  7.91428899e-04 
 8.31763771e+03  1.66334130e+01  8.09613256e+01  1.66334130e+01  8.09613256e+01 -9.99833666e-01  8.09613256e-04 
 8.51138038e+03  1.69484666e+01  8.28203444e+01  1.69484666e+01  8.28203444e+01 -9.99830515e-01  8.28203444e-04 
 8.70963590e+03  1.72781497e+01  8.47207667e+01  1.72781497e+01  8.47207667e+01 -9.99827219e-01  8.47207667e-04 
 8.91250938e+03  1.76231310e+01  8.66634234e+01  1.76231310e+01  8.66634234e+01 -9.99823769e-01  8.66634234e-04 
 9.12010839e+03  1.79841086e+01  8.86491556e+01  1.79841086e+01  8.86491556e+01 -9.99820159e-01  8.86491556e-04 
 9.33254301e+03  1.83618114e+01  9.06788139e+01  1.83618114e+01  9.06788139e+01 -9.99816382e-01  9.06788139e-04 
 9.54992586e+03  1.87570004e+01  9.27532583e+01  1.87570004e+01  9.27532583e+01 -9.99812430e-01  9.27532583e-04 
 9.77237221e+03  1.91704697e+01  9.48733574e+01  1.91704697e+01  9.48733574e+01 -9.99808295e-01  9.48733574e-04 
 1.00000000e+04  1.96030480e+01  9.70399883e+01  1.96030480e+01  9.70399883e+01 -9.99803970e-01  9.70399883e-04 
 1.02329299e+04  2.00556003e+01  9.92540352e+01  2.00556003e+01  9.92540352e+01 -9.99799444e-01  9.92540352e-04 
 1.04712855e+04  2.05290285e+01  1.01516390e+02  2.05290285e+01  1.01516390e+02 -9.99794710e-01  1.01516390e-03 
 1.07151931e+04  2.10242736e+01  1.03827949e+02  2.10242736e+01  1.03827949e+02 -9.99789757e-01  1.03827949e-03 
 1.09647820e+04  2.15423170e+01  1.06189616e+02  2.15423170e+01  1.06189616e+02 -9.99784577e-01  1.06189616e-03 
 1.12201845e+04  2.20841817e+01  1.08602297e+02  2.20841817e+01  1.08602297e+02 -9.99779158e-01  1.08602297e-03 
 1.14815362e+04  2.26509343e+01  1.11066904e+02  2.26509343e+01  1.11066904e+02 -9.99773491e-01  1.11066904e-03 
 1.17489755e+04  2.32436862e+01  1.13584350e+02  2.32436862e+01  1.13584350e+02 -9.99767563e-01  1.13584350e-03 
 1.20226443e+04  2.38635957e+01  1.16155547e+02  2.38635957e+01  1.16155547e+02 -9.99761364e-01  1.16155547e-03 
 1.23026877e+04  2.45118691e+01  1.18781410e+02  2.45118691e+01  1.18781410e+02 -9.99754881e-01  1.18781410e-03 
 1.25892541e+04  2.51897630e+01  1.21462851e+02  2.51897630e+01  1.21462851e+02 -9.99748102e-01  1.21462851e-03 
 1.28824955e+04  2.58985857e+01  1.24200779e+02  2.58985857e+01  1.24200779e+02 -9.99741014e-01  1.24200779e-03 
 1.31825674e+04  2.66396988e+01  1.26996099e+02  2.66396988e+01  1.26996099e+02 -9.99733603e-01  1.26996099e-03 
 1.34896288e+04  2.74145194e+01  1.29849708e+02  2.74145194e+01  1.29849708e+02 -9.99725855e-01  1.29849708e-03 
 1.38038426e+04  2.82245216e+01  1.32762496e+02  2.82245216e+01  1.32762496e+02 -9.99717755e-01  1.32762496e-03 
 1.41253754e+04  2.90712384e+01  1.35735342e+02  2.90712384e+01  1.35735342e+02 -9.99709288e-01  1.35735342e-03 
 1.44543977e+04  2.99562634e+01  1.38769112e+02  2.99562634e+01  1.38769112e+02 -9.99700437e-01  1.38769112e-03 
 1.47910839e+04  3.08812530e+01  1.41864657e+02  3.08812530e+01  1.41864657e+02 -9.99691187e-01  1.41864657e-03 
 1.51356125e+04  3.18479276e+01  1.45022812e+02  3.18479276e+01  1.45022812e+02 -9.99681521e-01  1.45022812e-03 
 1.54881662e+04  3.28580742e+01  1.48244389e+02  3.28580742e+01  1.48244389e+02 -9.99671419e-01  1.48244389e-03 
 1.58489319e+04  3.39135474e+01  1.51530180e+02  3.39135474e+01  1.51530180e+02 -9.99660865e-01  1.51530180e-03 
 1.62181010e+04  3.50162717e+01  1.54880948e+02  3.50162717e+01  1.54880948e+02 -9.99649837e-01  1.54880948e-03 
 1.65958691e+04  3.61682430e+01  1.58297428e+02  3.61682430e+01  1.58297428e+02 -9.99638318e-01  1.58297428e-03 
 1.69824365e+04  3.73715304e+01  1.61780322e+02  3.73715304e+01  1.61780322e+02 -9.99626285e-01  1.61780322e-03 
 1.73780083e+04  3.86282776e+01  1.65330293e+02  3.86282776e+01  1.65330293e+02 -9.99613717e-01  1.65330293e-03 
 1.77827941e+04  3.99407048e+01  1.68947968e+02  3.99407048e+01  1.68947968e+02 -9.99600593e-01  1.68947968e-03 
 1.81970086e+04  4.13111097e+01  1.72633923e+02  4.13111097e+01  1.72633923e+02 -9.99586889e-01  1.72633923e-03 
 1.86208714e+04  4.27418694e+01  1.76388690e+02  4.27418694e+01  1.76388690e+02 -9.99572581e-01  1.76388690e-03 
 1.90546072e+04  4.42354409e+01  1.80212745e+02  4.42354409e+01  1.80212745e+02 -9.99557646e-01  1.80212745e-03 
 1.94984460e+04  4.57943631e+01  1.84106503e+02  4.57943631e+01  1.84106503e+02 -9.99542056e-01  1.84106503e-03 
 1.99526231e+04  4.74212569e+01  1.88070319e+02  4.74212569e+01  1.88070319e+02 -9.99525787e-01  1.88070319e-03 
 2.04173794e+04  4.91188263e+01  1.92104474e+02  4.91188263e+01  1.92104474e+02 -9.99508812e-01  1.92104474e-03 
 2.08929613e+04  5.08898591e+01  1.96209178e+02  5.08898591e+01  1.96209178e+02 -9.99491101e-01  1.96209178e-03 
 2.13796209e+04  5.27372269e+01  2.00384556e+02  5.27372269e+01  2.00384556e+02 -9.99472628e-01  2.00384556e-03 
 2.18776162e+04  5.46638853e+01  2.04630646e+02  5.46638853e+01  2.04630646e+02 -9.99453361e-01  2.04630646e-03 
 2.23872114e+04  5.66728738e+01  2.08947394e+02  5.66728738e+01  2.08947394e+02 -9.99433271e-01  2.08947394e-03 
 2.29086765e+04  5.87673149e+01  2.13334643e+02  5.87673149e+01  2.13334643e+02 -9.99412327e-01  2.13334643e-03 
 2.34422882e+04  6.09504136e+01  2.17792128e+02  6.09504136e+01  2.17792128e+02 -9.99390496e-01  2.17792128e-03 
 2.39883292e+04  6.32254559e+01  2.22319467e+02  6.32254559e+01  2.22319467e+02 -9.99367745e-01  2.22319467e-03 
 2.45470892e+04  6.55958072e+01  2.26916158e+02  6.55958072e+01  2.26916158e+02 -9.99344042e-01  2.26916158e-03 
 2.51188643e+04  6.80649102e+01  2.31581566e+02  6.80649102e+01  2.31581566e+02 -9.99319351e-01  2.31581566e-03 
 2.57039578e+04  7.06362823e+01  2.36314914e+02  7.06362823e+01  2.36314914e+02 -9.99293637e-01  2.36314914e-03 
 2.63026799e+04  7.33135123e+01  2.41115282e+02  7.33135123e+01  2.41115282e+02 -9.99266865e-01  2.41115282e-03 
 2.69153480e+04  7.61002567e+01  2.45981591e+02  7.61002567e+01  2.45981591e+02 -9.99238997e-01  2.45981591e-03 
 2.75422870e+04  7.90002359e+01  2.50912597e+02  7.90002359e+01  2.50912597e+02 -9.99209998e-01  2.50912597e-03 
 2.81838293e+04  8.20172284e+01  2.55906882e+02  8.20172284e+01  2.55906882e+02 -9.99179828e-01  2.55906882e-03 
 2.88403150e+04  8.51550659e+01  2.60962846e+02  8.51550659e+01  2.60962846e+02 -9.99148449e-01  2.60962846e-03 
 2.95120923e+04  8.84176266e+01  2.66078697e+02  8.84176266e+01  2.66078697e+02 -9.99115824e-01  2.66078697e-03 
 3.01995172e+04  9.18088278e+01  2.71252441e+02  9.18088278e+01  2.71252441e+02 -9.99081912e-01  2.71252441e-03 
 3.09029543e+04  9.53326187e+01  2.76481875e+02  9.53326187e+01  2.76481875e+02 -9.99046674e-01  2.76481875e-03 
 3.16227766e+04  9.89929708e+01  2.81764575e+02  9.89929708e+01  2.81764575e+02 -9.99010070e-01  2.81764575e-03 
 3.23593657e+04  1.02793869e+02  2.87097890e+02  1.02793869e+02  2.87097890e+02 -9.98972061e-01  2.87097890e-03 
 3.31131121e+04  1.06739299e+02  2.92478933e+02  1.06739299e+02  2.92478933e+02 -9.98932607e-01  2.92478933e-03 
 3.38844156e+04  1.10833240e+02  2.97904572e+02  1.10833240e+02  2.97904572e+02 -9.98891668e-01  2.97904572e-03 
 3.46736850e+04  1.15079647e+02  3.03371421e+02  1.15079647e+02  3.03371421e+02 -9.98849204e-01  3.03371421e-03 
 3.54813389e+04  1.19482442e+02  3.08875834e+02  1.19482442e+02  3.08875834e+02 -9.98805176e-01  3.08875834e-03 
 3.63078055e+04  1.24045494e+02  3.14413896e+02  1.24045494e+02  3.14413896e+02 -9.98759545e-01  3.14413896e-03 
 3.71535229e+04  1.28772610e+02  3.19981420e+02  1.28772610e+02  3.19981420e+02 -9.98712274e-01  3.19981420e-03 
 3.80189396e+04  1.33667515e+02  3.25573938e+02  1.33667515e+02  3.25573938e+02 -9.98663325e-01  3.25573938e-03 
 3.89045145e+04  1.38733831e+02  3.31186699e+02  1.38733831e+02  3.31186699e+02 -9.98612662e-01  3.31186699e-03 
 3.98107171e+04  1.43975067e+02  3.36814661e+02  1.43975067e+02  3.36814661e+02 -9.98560249e-01  3.36814661e-03 
 4.07380278e+04  1.49394591e+02  3.42452494e+02  1.49394591e+02  3.42452494e+02 -9.98506054e-01  3.42452494e-03 
 4.16869383e+04  1.54995614e+02  3.48094573e+02  1.54995614e+02  3.48094573e+02 -9.98450044e-01  3.48094573e-03 
 4.26579519e+04  1.60781170e+02  3.53734982e+02  1.60781170e+02  3.53734982e+02 -9.98392188e-01  3.53734982e-03 
 4.36515832e+04  1.66754089e+02  3.59367513e+02  1.66754089e+02  3.59367513e+02 -9.98332459e-01  3.59367513e-03 
 4.46683592e+04  1.72916979e+02  3.64985668e+02  1.72916979e+02  3.64985668e+02 -9.98270830e-01  3.64985668e-03 
 4.57088190e+04  1.79272201e+02  3.70582667e+02  1.79272201e+02  3.70582667e+02 -9.98207278e-01  3.70582667e-03 
 4.67735141e+04  1.85821844e+02  3.76151451e+02  1.85821844e+02  3.76151451e+02 -9.98141782e-01  3.76151451e-03 
 4.78630092e+04  1.92567703e+02  3.81684692e+02  1.92567703e+02  3.81684692e+02 -9.98074323e-01  3.81684692e-03 
 4.89778819e+04  1.99511255e+02  3.87174803e+02  1.99511255e+02  3.87174803e+02 -9.98004887e-01  3.87174803e-03 
 5.01187234e+04  2.06653629e+02  3.92613950e+02  2.06653629e+02  3.92613950e+02 -9.97933464e-01  3.92613950e-03 
 5.12861384e+04  2.13995591e+02  3.97994068e+02  2.13995591e+02  3.97994068e+02 -9.97860044e-01  3.97994068e-03 
 5.24807460e+04  2.21537513e+02  4.03306876e+02  2.21537513e+02  4.03306876e+02 -9.97784625e-01  4.03306876e-03 
 5.37031796e+04  2.29279352e+02  4.08543898e+02  2.29279352e+02  4.08543898e+02 -9.97707206e-01  4.08543898e-03 
 5.49540874e+04  2.37220630e+02  4.13696483e+02  2.37220630e+02  4.13696483e+02 -9.97627794e-01  4.13696483e-03 
 5.62341325e+04  2.45360407e+02  4.18755832e+02  2.45360407e+02  4.18755832e+02 -9.97546396e-01  4.18755832e-03 
 5.75439937e+04  2.53697266e+02  4.23713022e+02  2.53697266e+02  4.23713022e+02 -9.97463027e-01  4.23713022e-03 
 5.88843655e+04  2.62229294e+02  4.28559033e+02  2.62229294e+02  4.28559033e+02 -9.97377707e-01  4.28559033e-03 
 6.02559586e+04  2.70954062e+02  4.33284783e+02  2.70954062e+02  4.33284783e+02 -9.97290459e-01  4.33284783e-03 
 6.16595002e+04  2.79868614e+02  4.37881158e+02  2.79868614e+02  4.37881158e+02 -9.97201314e-01  4.37881158e-03 
 6.30957344e+04  2.88969451e+02  4.42339049e+02  2.88969451e+02  4.42339049e+02 -9.97110305e-01  4.42339049e-03 
 6.45654229e+04  2.98252525e+02  4.46649386e+02  2.98252525e+02  4.46649386e+02 -9.97017475e-01  4.46649386e-03 
 6.60693448e+04  3.07713230e+02  4.50803180e+02  3.07713230e+02  4.50803180e+02 -9.96922868e-01  4.50803180e-03 
 6.76082975e+04  3.17346399e+02  4.54791558e+02  3.17346399e+02  4.54791558e+02 -9.96826536e-01  4.54791558e-03 
 6.91830971e+04  3.27146302e+02  4.58605809e+02  3.27146302e+02  4.58605809e+02 -9.96728537e-01  4.58605809e-03 
 7.07945784e+04  3.37106649e+02  4.62237423e+02  3.37106649e+02  4.62237423e+02 -9.96628934e-01  4.62237423e-03 
 7.24435960e+04  3.47220597e+02  4.65678133e+02  3.47220597e+02  4.65678133e+02 -9.96527794e-01  4.65678133e-03 
 7.41310241e+04  3.57480763e+02  4.68919958e+02  3.57480763e+02  4.68919958e+02 -9.96425192e-01  4.68919958e-03 
 7.58577575e+04  3.67879230e+02  4.71955243e+02  3.67879230e+02  4.71955243e+02 -9.96321208e-01  4.71955243e-03 
 7.76247117e+04  3.78407573e+02  4.74776706e+02  3.78407573e+02  4.74776706e+02 -9.96215924e-01  4.74776706e-03 
 7.94328235e+04  3.89056875e+02  4.77377473e+02  3.89056875e+02  4.77377473e+02 -9.96109431e-01  4.77377473e-03 
 8.12830516e+04  3.99817753e+02  4.79751118e+02  3.99817753e+02  4.79751118e+02 -9.96001822e-01  4.79751118e-03 
 8.31763771e+04  4.10680390e+02  4.81891704e+02  4.10680390e+02  4.81891704e+02 -9.95893196e-01  4.81891704e-03 
 8.51138038e+04  4.21634562e+02  4.83793814e+02  4.21634562e+02  4.83793814e+02 -9.95783654e-01  4.83793814e-03 
 8.70963590e+04  4.32669679e+02  4.85452587e+02  4.32669679e+02  4.85452587e+02 -9.95673303e-01  4.85452587e-03 
 8.91250938e+04  4.43774820e+02  4.86863743e+02  4.43774820e+02  4.86863743e+02 -9.95562252e-01  4.86863743e-03 
 9.12010839e+04  4.54938775e+02  4.88023616e+02  4.54938775e+02  4.88023616e+02 -9.95450612e-01  4.88023616e-03 
 9.33254301e+04  4.66150091e+02  4.88929174e+02  4.66150091e+02  4.88929174e+02 -9.95338499e-01  4.88929174e-03 
 9.54992586e+04  4.77397116e+02  4.89578034e+02  4.77397116e+02  4.89578034e+02 -9.95226029e-01  4.89578034e-03 
 9.77237221e+04  4.88668049e+02  4.89968487e+02  4.88668049e+02  4.89968487e+02 -9.95113320e-01  4.89968487e-03 
 1.00000000e+05  4.99950988e+02  4.90099498e+02  4.99950988e+02  4.90099498e+02 -9.95000490e-01  4.90099498e-03 
 1.02329299e+05  5.11233977e+02  4.89970720e+02  5.11233977e+02  4.89970720e+02 -9.94887660e-01  4.89970720e-03 
 1.04712855e+05  5.22505065e+02  4.89582496e+02  5.22505065e+02  4.89582496e+02 -9.94774949e-01  4.89582496e-03 
 1.07151931e+05  5.33752346e+02  4.88935851e+02  5.33752346e+02  4.88935851e+02 -9.94662477e-01  4.88935851e-03 
 1.09647820e+05  5.44964019e+02  4.88032492e+02  5.44964019e+02  4.88032492e+02 -9.94550360e-01  4.88032492e-03 
 1.12201845e+05  5.56128431e+02  4.86874793e+02  5.56128431e+02  4.86874793e+02 -9.94438716e-01  4.86874793e-03 
 1.14815362e+05  5.67234125e+02  4.85465783e+02  5.67234125e+02  4.85465783e+02 -9.94327659e-01  4.85465783e-03 
 1.17489755e+05  5.78269891e+02  4.83809123e+02  5.78269891e+02  4.83809123e+02 -9.94217301e-01  4.83809123e-03 
 1.20226443e+05  5.89224805e+02  4.81909085e+02  5.89224805e+02  4.81909085e+02 -9.94107752e-01  4.81909085e-03 
 1.23026877e+05  6.00088273e+02  4.79770528e+02  6.00088273e+02  4.79770528e+02 -9.93999117e-01  4.79770528e-03 
 1.25892541e+05  6.10850069e+02  4.77398862e+02  6.10850069e+02  4.77398862e+02 -9.93891499e-01  4.77398862e-03 
 1.28824955e+05  6.21500371e+02  4.74800022e+02  6.21500371e+02  4.74800022e+02 -9.93784996e-01  4.74800022e-03 
 1.31825674e+05  6.32029793e+02  4.71980428e+02  6.32029793e+02  4.71980428e+02 -9.93679702e-01  4.71980428e-03 
 1.34896288e+05  6.42429413e+02  4.68946951e+02  6.42429413e+02  4.68946951e+02 -9.93575706e-01  4.68946951e-03 
 1.38038426e+05  6.52690803e+02  4.65706870e+02  6.52690803e+02  4.65706870e+02 -9.93473092e-01  4.65706870e-03 
 1.41253754e+05  6.62806041e+02  4.62267837e+02  6.62806041e+02  4.62267837e+02 -9.93371940e-01  4.62267837e-03 
 1.44543977e+05  6.72767739e+02  4.58637830e+02  6.72767739e+02  4.58637830e+02 -9.93272323e-01  4.58637830e-03 
 1.47910839e+05  6.82569049e+02  4.54825113e+02  6.82569049e+02  4.54825113e+02 -9.93174310e-01  4.54825113e-03 
 1.51356125e+05  6.92203677e+02  4.50838195e+02  6.92203677e+02  4.50838195e+02 -9.93077963e-01  4.50838195e-03 
 1.54881662e+05  7.01665888e+02  4.46685787e+02  7.01665888e+02  4.46685787e+02 -9.92983341e-01  4.46685787e-03 
 1.58489319e+05  7.10950510e+02  4.42376757e+02  7.10950510e+02  4.42376757e+02 -9.92890495e-01  4.42376757e-03 
 1.62181010e+05  7.20052932e+02  4.37920097e+02  7.20052932e+02  4.37920097e+02 -9.92799471e-01  4.37920097e-03 
 1.65958691e+05  7.28969102e+02  4.33324873e+02  7.28969102e+02  4.33324873e+02 -9.92710309e-01  4.33324873e-03 
 1.69824365e+05  7.37695515e+02  4.28600197e+02  7.37695515e+02  4.28600197e+02 -9.92623045e-01  4.28600197e-03 
 1.73780083e+05  7.46229212e+02  4.23755182e+02  7.46229212e+02  4.23755182e+02 -9.92537708e-01  4.23755182e-03 
 1.77827941e+05  7.54567758e+02  4.18798910e+02  7.54567758e+02  4.18798910e+02 -9.92454322e-01  4.18798910e-03 
 1.81970086e+05  7.62709237e+02  4.13740401e+02  7.62709237e+02  4.13740401e+02 -9.92372908e-01  4.13740401e-03 
 1.86208714e+05  7.70652226e+02  4.08588579e+02  7.70652226e+02  4.08588579e+02 -9.92293478e-01  4.08588579e-03 
 1.90546072e+05  7.78395783e+02  4.03352247e+02  7.78395783e+02  4.03352247e+02 -9.92216042e-01  4.03352247e-03 
 1.94984460e+05  7.85939425e+02  3.98040054e+02  7.85939425e+02  3.98040054e+02 -9.92140606e-01  3.98040054e-03 
 1.99526231e+05  7.93283105e+02  3.92660480e+02  7.93283105e+02  3.92660480e+02 -9.92067169e-01  3.92660480e-03 
 2.04173794e+05  8.00427194e+02  3.87221806e+02  8.00427194e+02  3.87221806e+02 -9.91995728e-01  3.87221806e-03 
 2.08929613e+05  8.07372450e+02  3.81732099e+02  8.07372450e+02  3.81732099e+02 -9.91926275e-01  3.81732099e-03 
 2.13796209e+05  8.14120004e+02  3.76199196e+02  8.14120004e+02  3.76199196e+02 -9.91858800e-01  3.76199196e-03 
 2.18776162e+05  8.20671327e+02  3.70630686e+02  8.20671327e+02  3.70630686e+02 -9.91793287e-01  3.70630686e-03 
 2.23872114e+05  8.27028213e+02  3.65033899e+02  8.27028213e+02  3.65033899e+02 -9.91729718e-01  3.65033899e-03 
 2.29086765e+05  8.33192747e+02  3.59415897e+02  8.33192747e+02  3.59415897e+02 -9.91668073e-01  3.59415897e-03 
 2.34422882e+05  8.39167289e+02  3.53783461e+02  8.39167289e+02  3.53783461e+02 -9.91608327e-01  3.53783461e-03 
 2.39883292e+05  8.44954444e+02  3.48143093e+02  8.44954444e+02  3.48143093e+02 -9.91550456e-01  3.48143093e-03 
 2.45470892e+05  8.50557042e+02  3.42501003e+02  8.50557042e+02  3.42501003e+02 -9.91494430e-01  3.42501003e-03 
 2.51188643e+05  8.55978113e+02  3.36863109e+02  8.55978113e+02  3.36863109e+02 -9.91440219e-01  3.36863109e-03 
 2.57039578e+05  8.61220867e+02  3.31235039e+02  8.61220867e+02  3.31235039e+02 -9.91387791e-01  3.31235039e-03 
 2.63026799e+05  8.66288673e+02  3.25622126e+02  8.66288673e+02  3.25622126e+02 -9.91337113e-01  3.25622126e-03 
 2.69153480e+05  8.71185036e+02  3.20029413e+02  8.71185036e+02  3.20029413e+02 -9.91288150e-01  3.20029413e-03 
 2.75422870e+05  8.75913580e+02  3.14461654e+02  8.75913580e+02  3.14461654e+02 -9.91240864e-01  3.14461654e-03 
 2.81838293e+05  8.80478027e+02  3.08923320e+02  8.80478027e+02  3.08923320e+02 -9.91195220e-01  3.08923320e-03 
 2.88403150e+05  8.84882183e+02  3.03418601e+02  8.84882183e+02  3.03418601e+02 -9.91151178e-01  3.03418601e-03 
 2.95120923e+05  8.89129919e+02  2.97951414e+02  8.89129919e+02  2.97951414e+02 -9.91108701e-01  2.97951414e-03 
 3.01995172e+05  8.93225154e+02  2.92525406e+02  8.93225154e+02  2.92525406e+02 -9.91067748e-01  2.92525406e-03 
 3.09029543e+05  8.97171844e+02  2.87143965e+02  8.97171844e+02  2.87143965e+02 -9.91028282e-01  2.87143965e-03 
 3.16227766e+05  9.00973968e+02  2.81810226e+02  9.00973968e+02  2.81810226e+02 -9.90990260e-01  2.81810226e-03 
 3.23593657e+05  9.04635512e+02  2.76527080e+02  9.04635512e+02  2.76527080e+02 -9.90953645e-01  2.76527080e-03 
 3.31131121e+05  9.08160460e+02  2.71297178e+02  9.08160460e+02  2.71297178e+02 -9.90918395e-01  2.71297178e-03 
 3.38844156e+05  9.11552785e+02  2.66122945e+02  9.11552785e+02  2.66122945e+02 -9.90884472e-01  2.66122945e-03 
 3.46736850e+05  9.14816435e+02  2.61006587e+02  9.14816435e+02  2.61006587e+02 -9.90851836e-01  2.61006587e-03 
 3.54813389e+05  9.17955328e+02  2.55950100e+02  9.17955328e+02  2.55950100e+02 -9.90820447e-01  2.55950100e-03 
 3.63078055e+05  9.20973344e+02  2.50955277e+02  9.20973344e+02  2.50955277e+02 -9.90790267e-01  2.50955277e-03 
 3.71535229e+05  9.23874313e+02  2.46023721e+02  9.23874313e+02  2.46023721e+02 -9.90761257e-01  2.46023721e-03 
 3.80189396e+05  9.26662015e+02  2.41156850e+02  9.26662015e+02  2.41156850e+02 -9.90733380e-01  2.41156850e-03 
 3.89045145e+05  9.29340171e+02  2.36355911e+02  9.29340171e+02  2.36355911e+02 -9.90706598e-01  2.36355911e-03 
 3.98107171e+05  9.31912438e+02  2.31621981e+02  9.31912438e+02  2.31621981e+02 -9.90680876e-01  2.31621981e-03 
 4.07380278e+05  9.34382406e+02  2.26955987e+02  9.34382406e+02  2.26955987e+02 -9.90656176e-01  2.26955987e-03 
 4.16869383e+05  9.36753591e+02  2.22358702e+02  9.36753591e+02  2.22358702e+02 -9.90632464e-01  2.22358702e-03 
 4.26579519e+05  9.39029439e+02  2.17830763e+02  9.39029439e+02  2.17830763e+02 -9.90609706e-01  2.17830763e-03 
 4.36515832e+05  9.41213314e+02  2.13372676e+02  9.41213314e+02  2.13372676e+02 -9.90587867e-01  2.13372676e-03 
 4.46683592e+05  9.43308504e+02  2.08984822e+02  9.43308504e+02  2.08984822e+02 -9.90566915e-01  2.08984822e-03 
 4.57088190e+05  9.45318214e+02  2.04667467e+02  9.45318214e+02  2.04667467e+02 -9.90546818e-01  2.04667467e-03 
 4.67735141e+05  9.47245567e+02  2.00420768e+02  9.47245567e+02  2.00420768e+02 -9.90527544e-01  2.00420768e-03 
 4.78630092e+05  9.49093604e+02  1.96244782e+02  9.49093604e+02  1.96244782e+02 -9.90509064e-01  1.96244782e-03 
 4.89778819e+05  9.50865281e+02  1.92139472e+02  9.50865281e+02  1.92139472e+02 -9.90491347e-01  1.92139472e-03 
 5.01187234e+05  9.52563470e+02  1.88104710e+02  9.52563470e+02  1.88104710e+02 -9.90474365e-01  1.88104710e-03 
 5.12861384e+05  9.54190960e+02  1.84140291e+02  9.54190960e+02  1.84140291e+02 -9.90458090e-01  1.84140291e-03 
 5.24807460e+05  9.55750455e+02  1.80245931e+02  9.55750455e+02  1.80245931e+02 -9.90442495e-01  1.80245931e-03 
 5.37031796e+05  9.57244578e+02  1.76421279e+02  9.57244578e+02  1.76421279e+02 -9.90427554e-01  1.76421279e-03 
 5.49540874e+05  9.58675867e+02  1.72665918e+02  9.58675867e+02  1.72665918e+02 -9.90413241e-01  1.72665918e-03 
 5.62341325e+05  9.60046781e+02  1.68979373e+02  9.60046781e+02  1.68979373e+02 -9.90399532e-01  1.68979373e-03 
 5.75439937e+05  9.61359697e+02  1.65361114e+02  9.61359697e+02  1.65361114e+02 -9.90386403e-01  1.65361114e-03 
 5.88843655e+05  9.62616913e+02  1.61810563e+02  9.62616913e+02  1.61810563e+02 -9.90373831e-01  1.61810563e-03 
 6.02559586e+05  9.63820651e+02  1.58327095e+02  9.63820651e+02  1.58327095e+02 -9.90361793e-01  1.58327095e-03 
 6.16595002e+05  9.64973055e+02  1.54910047e+02  9.64973055e+02  1.54910047e+02 -9.90350269e-01  1.54910047e-03 
 6.30957344e+05  9.66076194e+02  1.51558717e+02  9.66076194e+02  1.51558717e+02 -9.90339238e-01  1.51558717e-03 
 6.45654229e+05  9.67132065e+02  1.48272370e+02  9.67132065e+02  1.48272370e+02 -9.90328679e-01  1.48272370e-03 
 6.60693448e+05  9.68142593e+02  1.45050244e+02  9.68142593e+02  1.45050244e+02 -9.90318574e-01  1.45050244e-03 
 6.76082975e+05  9.69109634e+02  1.41891547e+02  9.69109634e+02  1.41891547e+02 -9.90308904e-01  1.41891547e-03 
 6.91830971e+05  9.70034975e+02  1.38795467e+02  9.70034975e+02  1.38795467e+02 -9.90299650e-01  1.38795467e-03 
 7.07945784e+05  9.70920336e+02  1.35761170e+02  9.70920336e+02  1.35761170e+02 -9.90290797e-01  1.35761170e-03 
 7.24435960e+05  9.71767376e+02  1.32787804e+02  9.71767376e+02  1.32787804e+02 -9.90282326e-01  1.32787804e-03 
 7.41310241e+05  9.72577687e+02  1.29874503e+02  9.72577687e+02  1.29874503e+02 -9.90274223e-01  1.29874503e-03 
 7.58577575e+05  9.73352804e+02  1.27020389e+02  9.73352804e+02  1.27020389e+02 -9.90266472e-01  1.27020389e-03 
 7.76247117e+05  9.74094201e+02  1.24224572e+02  9.74094201e+02  1.24224572e+02 -9.90259058e-01  1.24224572e-03 
 7.94328235e+05  9.74803295e+02  1.21486154e+02  9.74803295e+02  1.21486154e+02 -9.90251967e-01  1.21486154e-03 
 8.12830516e+05  9.75481449e+02  1.18804231e+02  9.75481449e+02  1.18804231e+02 -9.90245186e-01  1.18804231e-03 
 8.31763771e+05  9.76129972e+02  1.16177894e+02  9.76129972e+02  1.16177894e+02 -9.90238700e-01  1.16177894e-03 
 8.51138038e+05  9.76750120e+02  1.13606230e+02  9.76750120e+02  1.13606230e+02 -9.90232499e-01  1.13606230e-03 
 8.70963590e+05  9.77343101e+02  1.11088327e+02  9.77343101e+02  1.11088327e+02 -9.90226569e-01  1.11088327e-03 
 8.91250938e+05  9.77910072e+02  1.08623269e+02  9.77910072e+02  1.08623269e+02 -9.90220899e-01  1.08623269e-03 
 9.12010839e+05  9.78452146e+02  1.06210145e+02  9.78452146e+02  1.06210145e+02 -9.90215479e-01  1.06210145e-03 
 9.33254301e+05  9.78970390e+02  1.03848043e+02  9.78970390e+02  1.03848043e+02 -9.90210296e-01  1.03848043e-03 
 9.54992586e+05  9.79465827e+02  1.01536057e+02  9.79465827e+02  1.01536057e+02 -9.90205342e-01  1.01536057e-03 
 9.77237221e+05  9.79939439e+02  9.92732830e+01  9.79939439e+02  9.92732830e+01 -9.90200606e-01  9.92732830e-04 
 1.00000000e+06  9.80392166e+02  9.70588245e+01  9.80392166e+02  9.70588245e+01 -9.90196078e-01  9.70588245e-04 
 1.02329299e+06  9.80824913e+02  9.48917897e+01  9.80824913e+02  9.48917897e+01 -9.90191751e-01  9.48917897e-04 
 1.04712855e+06  9.81238543e+02  9.27712941e+01  9.81238543e+02  9.27712941e+01 -9.90187615e-01  9.27712941e-04 
 1.07151931e+06  9.81633886e+02  9.06964608e+01  9.81633886e+02  9.06964608e+01 -9.90183661e-01  9.06964608e-04 
 1.09647820e+06  9.82011736e+02  8.86664211e+01  9.82011736e+02  8.86664211e+01 -9.90179883e-01  8.86664211e-04 
 1.12201845e+06  9.82372854e+02  8.66803148e+01  9.82372854e+02  8.66803148e+01 -9.90176271e-01  8.66803148e-04 
 1.14815362e+06  9.82717970e+02  8.47372913e+01  9.82717970e+02  8.47372913e+01 -9.90172820e-01  8.47372913e-04 
 1.17489755e+06  9.83047781e+02  8.28365093e+01  9.83047781e+02  8.28365093e+01 -9.90169522e-01  8.28365093e-04 
 1.20226443e+06  9.83362958e+02  8.09771380e+01  9.83362958e+02  8.09771380e+01 -9.90166370e-01  8.09771380e-04 
 1.23026877e+06  9.83664140e+02  7.91583567e+01  9.83664140e+02  7.91583567e+01 -9.90163359e-01  7.91583567e-04 
 1.25892541e+06  9.83951941e+02  7.73793556e+01  9.83951941e+02  7.73793556e+01 -9.90160481e-01  7.73793556e-04 
 1.28824955e+06  9.84226947e+02  7.56393359e+01  9.84226947e+02  7.56393359e+01 -9.90157731e-01  7.56393359e-04 
 1.31825674e+06  9.84489721e+02  7.39375098e+01  9.84489721e+02  7.39375098e+01 -9.90155103e-01  7.39375098e-04 
 1.34896288e+06  9.84740800e+02  7.22731012e+01  9.84740800e+02  7.22731012e+01 -9.90152592e-01  7.22731012e-04 
 1.38038426e+06  9.84980700e+02  7.06453455e+01  9.84980700e+02  7.06453455e+01 -9.90150193e-01  7.06453455e-04 
 1.41253754e+06  9.85209913e+02  6.90534897e+01  9.85209913e+02  6.90534897e+01 -9.90147901e-01  6.90534897e-04 
 1.44543977e+06  9.85428910e+02  6.74967928e+01  9.85428910e+02  6.74967928e+01 -9.90145711e-01  6.74967928e-04 
 1.47910839e+06  9.85638143e+02  6.59745255e+01  9.85638143e+02  6.59745255e+01 -9.90143619e-01  6.59745255e-04 
 1.51356125e+06  9.85838042e+02  6.44859705e+01  9.85838042e+02  6.44859705e+01 -9.90141620e-01  6.44859705e-04 
 1.54881662e+06  9.86029021e+02  6.30304224e+01  9.86029021e+02  6.30304224e+01 -9.90139710e-01  6.30304224e-04 
 1.58489319e+06  9.86211474e+02  6.16071880e+01  9.86211474e+02  6.16071880e+01 -9.90137885e-01  6.16071880e-04 
 1.62181010e+06  9.86385779e+02  6.02155858e+01  9.86385779e+02  6.02155858e+01 -9.90136142e-01  6.02155858e-04 
 1.65958691e+06  9.86552298e+02  5.88549465e+01  9.86552298e+02  5.88549465e+01 -9.90134477e-01  5.88549465e-04 
 1.69824365e+06  9.86711374e+02  5.75246124e+01  9.86711374e+02  5.75246124e+01 -9.90132886e-01  5.75246124e-04 
 1.73780083e+06  9.86863340e+02  5.62239379e+01  9.86863340e+02  5.62239379e+01 -9.90131367e-01  5.62239379e-04 
 1.77827941e+06  9.87008510e+02  5.49522891e+01  9.87008510e+02  5.49522891e+01 -9.90129915e-01  5.49522891e-04 
 1.81970086e+06  9.87147186e+02  5.37090439e+01  9.87147186e+02  5.37090439e+01 -9.90128528e-01  5.37090439e-04 
 1.86208714e+06  9.87279658e+02  5.24935917e+01  9.87279658e+02  5.24935917e+01 -9.90127203e-01  5.24935917e-04 
 1.90546072e+06  9.87406201e+02  5.13053334e+01  9.87406201e+02  5.13053334e+01 -9.90125938e-01  5.13053334e-04 
 1.94984460e+06  9.87527079e+02  5.01436814e+01  9.87527079e+02  5.01436814e+01 -9.90124729e-01  5.01436814e-04 
 1.99526231e+06  9.87642545e+02  4.90080595e+01  9.87642545e+02  4.90080595e+01 -9.90123575e-01  4.90080595e-04 
 2.04173794e+06  9.87752840e+02  4.78979024e+01  9.87752840e+02  4.78979024e+01 -9.90122472e-01  4.78979024e-04 
 2.08929613e+06  9.87858193e+02  4.68126560e+01  9.87858193e+02  4.68126560e+01 -9.90121418e-01  4.68126560e-04 
 2.13796209e+06  9.87958827e+02  4.57517773e+01  9.87958827e+02  4.57517773e+01 -9.90120412e-01  4.57517773e-04 
 2.18776162e+06  9.88054950e+02  4.47147338e+01  9.88054950e+02  4.47147338e+01 -9.90119451e-01  4.47147338e-04 
 2.23872114e+06  9.88146764e+02  4.37010038e+01  9.88146764e+02  4.37010038e+01 -9.90118532e-01  4.37010038e-04 
 2.29086765e+06  9.88234463e+02  4.27100761e+01  9.88234463e+02  4.27100761e+01 -9.90117655e-01  4.27100761e-04 
 2.34422882e+06  9.88318229e+02  4.17414497e+01  9.88318229e+02  4.17414497e+01 -9.90116818e-01  4.17414497e-04 
 2.39883292e+06  9.88398238e+02  4.07946340e+01  9.88398238e+02  4.07946340e+01 -9.90116018e-01  4.07946340e-04 
 2.45470892e+06  9.88474659e+02  3.98691483e+01  9.88474659e+02  3.98691483e+01 -9.90115253e-01  3.98691483e-04 
 2.51188643e+06  9.88547651e+02  3.89645218e+01  9.88547651e+02  3.89645218e+01 -9.90114523e-01  3.89645218e-04 
 2.57039578e+06  9.88617368e+02  3.80802936e+01  9.88617368e+02  3.80802936e+01 -9.90113826e-01  3.80802936e-04 
 2.63026799e+06  9.88683956e+02  3.72160122e+01  9.88683956e+02  3.72160122e+01 -9.90113160e-01  3.72160122e-04 
 2.69153480e+06  9.88747557e+02  3.63712355e+01  9.88747557e+02  3.63712355e+01 -9.90112524e-01  3.63712355e-04 
 2.75422870e+06  9.88808302e+02  3.55455309e+01  9.88808302e+02  3.55455309e+01 -9.90111917e-01  3.55455309e-04 
 2.81838293e+06  9.88866320e+02  3.47384746e+01  9.88866320e+02  3.47384746e+01 -9.90111337e-01  3.47384746e-04 
 2.88403150e+06  9.88921734e+02  3.39496519e+01  9.88921734e+02  3.39496519e+01 -9.90110783e-01  3.39496519e-04 
 2.95120923e+06  9.88974659e+02  3.31786570e+01  9.88974659e+02  3.31786570e+01 -9.90110253e-01  3.31786570e-04 
 3.01995172e+06  9.89025208e+02  3.24250926e+01  9.89025208e+02  3.24250926e+01 -9.90109748e-01  3.24250926e-04 
 3.09029543e+06  9.89073486e+02  3.16885698e+01  9.89073486e+02  3.16885698e+01 -9.90109265e-01  3.16885698e-04 
 3.16227766e+06  9.89119596e+02  3.09687081e+01  9.89119596e+02  3.09687081e+01 -9.90108804e-01  3.09687081e-04 
 3.23593657e+06  9.89163635e+02  3.02651353e+01  9.89163635e+02  3.02651353e+01 -9.90108364e-01  3.02651353e-04 
 3.31131121e+06  9.89205696e+02  2.95774871e+01  9.89205696e+02  2.95774871e+01 -9.90107943e-01  2.95774871e-04 
 3.38844156e+06  9.89245866e+02  2.89054069e+01  9.89245866e+02  2.89054069e+01 -9.90107541e-01  2.89054069e-04 
 3.46736850e+06  9.89284232e+02  2.82485461e+01  9.89284232e+02  2.82485461e+01 -9.90107158e-01  2.82485461e-04 
 3.54813389e+06  9.89320874e+02  2.76065635e+01  9.89320874e+02  2.76065635e+01 -9.90106791e-01  2.76065635e-04 
 3.63078055e+06  9.89355870e+02  2.69791254e+01  9.89355870e+02  2.69791254e+01 -9.90106441e-01  2.69791254e-04 
 3.71535229e+06  9.89389292e+02  2.63659052e+01  9.89389292e+02  2.63659052e+01 -9.90106107e-01  2.63659052e-04 
 3.80189396e+06  9.89421213e+02  2.57665836e+01  9.89421213e+02  2.57665836e+01 -9.90105788e-01  2.57665836e-04 
 3.89045145e+06  9.89451698e+02  2.51808482e+01  9.89451698e+02  2.51808482e+01 -9.90105483e-01  2.51808482e-04 
 3.98107171e+06  9.89480814e+02  2.46083935e+01  9.89480814e+02  2.46083935e+01 -9.90105192e-01  2.46083935e-04 
 4.07380278e+06  9.89508620e+02  2.40489207e+01  9.89508620e+02  2.40489207e+01 -9.90104914e-01  2.40489207e-04 
 4.16869383e+06  9.89535177e+02  2.35021376e+01  9.89535177e+02  2.35021376e+01 -9.90104648e-01  2.35021376e-04 
 4.26579519e+06  9.89560540e+02  2.29677582e+01  9.89560540e+02  2.29677582e+01 -9.90104395e-01  2.29677582e-04 
 4.36515832e+06  9.89584762e+02  2.24455032e+01  9.89584762e+02  2.24455032e+01 -9.90104152e-01  2.24455032e-04 
 4.46683592e+06  9.89607896e+02  2.19350991e+01  9.89607896e+02  2.19350991e+01 -9.90103921e-01  2.19350991e-04 
 4.57088190e+06  9.89629989e+02  2.14362787e+01  9.89629989e+02  2.14362787e+01 -9.90103700e-01  2.14362787e-04 
 4.67735141e+06  9.89651089e+02  2.09487806e+01  9.89651089e+02  2.09487806e+01 -9.90103489e-01  2.09487806e-04 
 4.78630092e+06  9.89671240e+02  2.04723492e+01  9.89671240e+02  2.04723492e+01 -9.90103288e-01  2.04723492e-04 
 4.89778819e+06  9.89690484e+02  2.00067346e+01  9.89690484e+02  2.00067346e+01 -9.90103095e-01  2.00067346e-04 
 5.01187234e+06  9.89708864e+02  1.95516924e+01  9.89708864e+02  1.95516924e+01 -9.90102911e-01  1.95516924e-04 
 5.12861384e+06  9.89726417e+02  1.91069839e+01  9.89726417e+02  1.91069839e+01 -9.90102736e-01  1.91069839e-04 
 5.24807460e+06  9.89743180e+02  1.86723753e+01  9.89743180e+02  1.86723753e+01 -9.90102568e-01  1.86723753e-04 
 5.37031796e+06  9.89759189e+02  1.82476383e+01  9.89759189e+02  1.82476383e+01 -9.90102408e-01  1.82476383e-04 
 5.49540874e+06  9.89774479e+02  1.78325495e+01  9.89774479e+02  1.78325495e+01 -9.90102255e-01  1.78325495e-04 
 5.62341325e+06  9.89789080e+02  1.74268908e+01  9.89789080e+02  1.74268908e+01 -9.90102109e-01  1.74268908e-04 
 5.75439937e+06  9.89803025e+02  1.70304487e+01  9.89803025e+02  1.70304487e+01 -9.90101970e-01  1.70304487e-04 
 5.88843655e+06  9.89816343e+02  1.66430146e+01  9.89816343e+02  1.66430146e+01 -9.90101837e-01  1.66430146e-04 
 6.02559586e+06  9.89829062e+02  1.62643844e+01  9.89829062e+02  1.62643844e+01 -9.90101709e-01  1.62643844e-04 
 6.16595002e+06  9.89841208e+02  1.58943588e+01  9.89841208e+02  1.58943588e+01 -9.90101588e-01  1.58943588e-04 
 6.30957344e+06  9.89852808e+02  1.55327429e+01  9.89852808e+02  1.55327429e+01 -9.90101472e-01  1.55327429e-04 
 6.45654229e+06  9.89863886e+02  1.51793461e+01  9.89863886e+02  1.51793461e+01 -9.90101361e-01  1.51793461e-04 
 6.60693448e+06  9.89874466e+02  1.48339822e+01  9.89874466e+02  1.48339822e+01 -9.90101255e-01  1.48339822e-04 
 6.76082975e+06  9.89884570e+02  1.44964690e+01  9.89884570e+02  1.44964690e+01 -9.90101154e-01  1.44964690e-04 
 6.91830971e+06  9.89894220e+02  1.41666286e+01  9.89894220e+02  1.41666286e+01 -9.90101058e-01  1.41666286e-04 
 7.07945784e+06  9.89903435e+02  1.38442869e+01  9.89903435e+02  1.38442869e+01 -9.90100966e-01  1.38442869e-04 
 7.24435960e+06  9.89912235e+02  1.35292740e+01  9.89912235e+02  1.35292740e+01 -9.90100878e-01  1.35292740e-04 
 7.41310241e+06  9.89920640e+02  1.32214235e+01  9.89920640e+02  1.32214235e+01 -9.90100794e-01  1.32214235e-04 
 7.58577575e+06  9.89928667e+02  1.29205729e+01  9.89928667e+02  1.29205729e+01 -9.90100713e-01  1.29205729e-04 
 7.76247117e+06  9.89936332e+02  1.26265636e+01  9.89936332e+02  1.26265636e+01 -9.90100637e-01  1.26265636e-04 
 7.94328235e+06  9.89943653e+02  1.23392401e+01  9.89943653e+02  1.23392401e+01 -9.90100563e-01  1.23392401e-04 
 8.12830516e+06  9.89950644e+02  1.20584507e+01  9.89950644e+02  1.20584507e+01 -9.90100494e-01  1.20584507e-04 
 8.31763771e+06  9.89957320e+02  1.17840471e+01  9.89957320e+02  1.17840471e+01 -9.90100427e-01  1.17840471e-04 
 8.51138038e+06  9.89963697e+02  1.15158844e+01  9.89963697e+02  1.15158844e+01 -9.90100363e-01  1.15158844e-04 
 8.70963590e+06  9.89969786e+02  1.12538208e+01  9.89969786e+02  1.12538208e+01 -9.90100302e-01  1.12538208e-04 
 8.91250938e+06  9.89975601e+02  1.09977178e+01  9.89975601e+02  1.09977178e+01 -9.90100244e-01  1.09977178e-04 
 9.12010839e+06  9.89981155e+02  1.07474401e+01  9.89981155e+02  1.07474401e+01 -9.90100188e-01  1.07474401e-04 
 9.33254301e+06  9.89986459e+02  1.05028553e+01  9.89986459e+02  1.05028553e+01 -9.90100135e-01  1.05028553e-04 
 9.54992586e+06  9.89991524e+02  1.02638342e+01  9.89991524e+02  1.02638342e+01 -9.90100085e-01  1.02638342e-04 
 9.77237221e+06  9.89996361e+02  1.00302503e+01  9.89996361e+02  1.00302503e+01 -9.90100036e-01  1.00302503e-04 
 1.00000000e+07  9.90000980e+02  9.80198010e+00  9.90000980e+02  9.80198010e+00 -9.90099990e-01  9.80198010e-05 
 1.02329299e+07  9.90005392e+02  9.57890291e+00  9.90005392e+02  9.57890291e+00 -9.90099946e-01  9.57890291e-05 
 1.04712855e+07  9.90009605e+02  9.36090070e+00  9.90009605e+02  9.36090070e+00 -9.90099904e-01  9.36090070e-05 
 1.07151931e+07  9.90013629e+02  9.14785814e+00  9.90013629e+02  9.14785814e+00 -9.90099864e-01  9.14785814e-05 
 1.09647820e+07  9.90017471e+02  8.93966251e+00  9.90017471e+02  8.93966251e+00 -9.90099825e-01  8.93966251e-05 
 1.12201845e+07  9.90021141e+02  8.73620366e+00  9.90021141e+02  8.73620366e+00 -9.90099789e-01  8.73620366e-05 
 1.14815362e+07  9.90024645e+02  8.53737391e+00  9.90024645e+02  8.53737391e+00 -9.90099754e-01  8.53737391e-05 
 1.17489755e+07  9.90027992e+02  8.34306804e+00  9.90027992e+02  8.34306804e+00 -9.90099720e-01  8.34306804e-05 
 1.20226443e+07  9.90031188e+02  8.15318321e+00  9.90031188e+02  8.15318321e+00 -9.90099688e-01  8.15318321e-05 
 1.23026877e+07  9.90034240e+02  7.96761892e+00  9.90034240e+02  7.96761892e+00 -9.90099658e-01  7.96761892e-05 
 1.25892541e+07  9.90037155e+02  7.78627693e+00  9.90037155e+02  7.78627693e+00 -9.90099628e-01  7.78627693e-05 
 1.28824955e+07  9.90039939e+02  7.60906124e+00  9.90039939e+02  7.60906124e+00 -9.90099601e-01  7.60906124e-05 
 1.31825674e+07  9.90042597e+02  7.43587802e+00  9.90042597e+02  7.43587802e+00 -9.90099574e-01  7.43587802e-05 
 1.34896288e+07  9.90045136e+02  7.26663560e+00  9.90045136e+02  7.26663560e+00 -9.90099549e-01  7.26663560e-05 
 1.38038426e+07  9.90047561e+02  7.10124434e+00  9.90047561e+02  7.10124434e+00 -9.90099524e-01  7.10124434e-05 
 1.41253754e+07  9.90049876e+02  6.93961668e+00  9.90049876e+02  6.93961668e+00 -9.90099501e-01  6.93961668e-05 
 1.44543977e+07  9.90052088e+02  6.78166702e+00  9.90052088e+02  6.78166702e+00 -9.90099479e-01  6.78166702e-05 
 1.47910839e+07  9.90054199e+02  6.62731171e+00  9.90054199e+02  6.62731171e+00 -9.90099458e-01  6.62731171e-05 
 1.51356125e+07  9.90056216e+02  6.47646901e+00  9.90056216e+02  6.47646901e+00 -9.90099438e-01  6.47646901e-05 
 1.54881662e+07  9.90058142e+02  6.32905901e+00  9.90058142e+02  6.32905901e+00 -9.90099419e-01  6.32905901e-05 
 1.58489319e+07  9.90059981e+02  6.18500364e+00  9.90059981e+02  6.18500364e+00 -9.90099400e-01  6.18500364e-05 
 1.62181010e+07  9.90061738e+02  6.04422660e+00  9.90061738e+02  6.04422660e+00 -9.90099383e-01  6.04422660e-05 
 1.65958691e+07  9.90063415e+02  5.90665332e+00  9.90063415e+02  5.90665332e+00 -9.90099366e-01  5.90665332e-05 
 1.69824365e+07  9.90065017e+02  5.77221091e+00  9.90065017e+02  5.77221091e+00 -9.90099350e-01  5.77221091e-05 
 1.73780083e+07  9.90066547e+02  5.64082815e+00  9.90066547e+02  5.64082815e+00 -9.90099335e-01  5.64082815e-05 
 1.77827941e+07  9.90068008e+02  5.51243544e+00  9.90068008e+02  5.51243544e+00 -9.90099320e-01  5.51243544e-05 
 1.81970086e+07  9.90069403e+02  5.38696476e+00  9.90069403e+02  5.38696476e+00 -9.90099306e-01  5.38696476e-05 
 1.86208714e+07  9.90070736e+02  5.26434963e+00  9.90070736e+02  5.26434963e+00 -9.90099293e-01  5.26434963e-05 
 1.90546072e+07  9.90072008e+02  5.14452508e+00  9.90072008e+02  5.14452508e+00 -9.90099280e-01  5.14452508e-05 
 1.94984460e+07  9.90073224e+02  5.02742762e+00  9.90073224e+02  5.02742762e+00 -9.90099268e-01  5.02742762e-05 
 1.99526231e+07  9.90074384e+02  4.91299522e+00  9.90074384e+02  4.91299522e+00 -9.90099256e-01  4.91299522e-05 
 2.04173794e+07  9.90075492e+02  4.80116722e+00  9.90075492e+02  4.80116722e+00 -9.90099245e-01  4.80116722e-05 
 2.08929613e+07  9.90076551e+02  4.69188438e+00  9.90076551e+02  4.69188438e+00 -9.90099234e-01  4.69188438e-05 
 2.13796209e+07  9.90077562e+02  4.58508878e+00  9.90077562e+02  4.58508878e+00 -9.90099224e-01  4.58508878e-05 
 2.18776162e+07  9.90078527e+02  4.48072383e+00  9.90078527e+02  4.48072383e+00 -9.90099215e-01  4.48072383e-05 
 2.23872114e+07  9.90079449e+02  4.37873422e+00  9.90079449e+02  4.37873422e+00 -9.90099206e-01  4.37873422e-05 
 2.29086765e+07  9.90080329e+02  4.27906591e+00  9.90080329e+02  4.27906591e+00 -9.90099197e-01  4.27906591e-05 
 2.34422882e+07  9.90081170e+02  4.18166606e+00  9.90081170e+02  4.18166606e+00 -9.90099188e-01  4.18166606e-05 
 2.39883292e+07  9.90081973e+02  4.08648307e+00  9.90081973e+02  4.08648307e+00 -9.90099180e-01  4.08648307e-05 
 2.45470892e+07  9.90082740e+02  3.99346648e+00  9.90082740e+02  3.99346648e+00 -9.90099173e-01  3.99346648e-05 
 2.51188643e+07  9.90083472e+02  3.90256700e+00  9.90083472e+02  3.90256700e+00 -9.90099165e-01  3.90256700e-05 
 2.57039578e+07  9.90084171e+02  3.81373645e+00  9.90084171e+02  3.81373645e+00 -9.90099158e-01  3.81373645e-05 
 2.63026799e+07  9.90084839e+02  3.72692775e+00  9.90084839e+02  3.72692775e+00 -9.90099152e-01  3.72692775e-05 
 2.69153480e+07  9.90085477e+02  3.64209489e+00  9.90085477e+02  3.64209489e+00 -9.90099145e-01  3.64209489e-05 
 2.75422870e+07  9.90086086e+02  3.55919290e+00  9.90086086e+02  3.55919290e+00 -9.90099139e-01  3.55919290e-05 
 2.81838293e+07  9.90086668e+02  3.47817784e+00  9.90086668e+02  3.47817784e+00 -9.90099133e-01  3.47817784e-05 
 2.88403150e+07  9.90087223e+02  3.39900677e+00  9.90087223e+02  3.39900677e+00 -9.90099128e-01  3.39900677e-05 
 2.95120923e+07  9.90087754e+02  3.32163773e+00  9.90087754e+02  3.32163773e+00 -9.90099122e-01  3.32163773e-05 
 3.01995172e+07  9.90088260e+02  3.24602970e+00  9.90088260e+02  3.24602970e+00 -9.90099117e-01  3.24602970e-05 
 3.09029543e+07  9.90088744e+02  3.17214261e+00  9.90088744e+02  3.17214261e+00 -9.90099113e-01  3.17214261e-05 
 3.16227766e+07  9.90089206e+02  3.09993729e+00  9.90089206e+02  3.09993729e+00 -9.90099108e-01  3.09993729e-05 
 3.23593657e+07  9.90089647e+02  3.02937547e+00  9.90089647e+02  3.02937547e+00 -9.90099104e-01  3.02937547e-05 
 3.31131121e+07  9.90090069e+02  2.96041974e+00  9.90090069e+02  2.96041974e+00 -9.90099099e-01  2.96041974e-05 
 3.38844156e+07  9.90090471e+02  2.89303354e+00  9.90090471e+02  2.89303354e+00 -9.90099095e-01  2.89303354e-05 
 3.46736850e+07  9.90090855e+02  2.82718117e+00  9.90090855e+02  2.82718117e+00 -9.90099091e-01  2.82718117e-05 
 3.54813389e+07  9.90091222e+02  2.76282770e+00  9.90091222e+02  2.76282770e+00 -9.90099088e-01  2.76282770e-05 
 3.63078055e+07  9.90091573e+02  2.69993903e+00  9.90091573e+02  2.69993903e+00 -9.90099084e-01  2.69993903e-05 
 3.71535229e+07  9.90091908e+02  2.63848182e+00  9.90091908e+02  2.63848182e+00 -9.90099081e-01  2.63848182e-05 
 3.80189396e+07  9.90092227e+02  2.57842348e+00  9.90092227e+02  2.57842348e+00 -9.90099078e-01  2.57842348e-05 
 3.89045145e+07  9.90092533e+02  2.51973218e+00  9.90092533e+02  2.51973218e+00 -9.90099075e-01  2.51973218e-05 
 3.98107171e+07  9.90092824e+02  2.46237681e+00  9.90092824e+02  2.46237681e+00 -9.90099072e-01  2.46237681e-05 
 4.07380278e+07  9.90093102e+02  2.40632695e+00  9.90093102e+02  2.40632695e+00 -9.90099069e-01  2.40632695e-05 
 4.16869383e+07  9.90093368e+02  2.35155290e+00  9.90093368e+02  2.35155290e+00 -9.90099066e-01  2.35155290e-05 
 4.26579519e+07  9.90093622e+02  2.29802562e+00  9.90093622e+02  2.29802562e+00 -9.90099064e-01  2.29802562e-05 
 4.36515832e+07  9.90093865e+02  2.24571672e+00  9.90093865e+02  2.24571672e+00 -9.90099061e-01  2.24571672e-05 
 4.46683592e+07  9.90094096e+02  2.19459849e+00  9.90094096e+02  2.19459849e+00 -9.90099059e-01  2.19459849e-05 
 4.57088190e+07  9.90094317e+02  2.14464381e+00  9.90094317e+02  2.14464381e+00 -9.90099057e-01  2.14464381e-05 
 4.67735141e+07  9.90094529e+02  2.09582621e+00  9.90094529e+02  2.09582621e+00 -9.90099055e-01  2.09582621e-05 
 4.78630092e+07  9.90094730e+02  2.04811980e+00  9.90094730e+02  2.04811980e+00 -9.90099053e-01  2.04811980e-05 
 4.89778819e+07  9.90094923e+02  2.00149930e+00  9.90094923e+02  2.00149930e+00 -9.90099051e-01  2.00149930e-05 
 5.01187234e+07  9.90095107e+02  1.95593998e+00  9.90095107e+02  1.95593998e+00 -9.90099049e-01  1.95593998e-05 
 5.12861384e+07  9.90095283e+02  1.91141769e+00  9.90095283e+02  1.91141769e+00 -9.90099047e-01  1.91141769e-05 
 5.24807460e+07  9.90095450e+02  1.86790883e+00  9.90095450e+02  1.86790883e+00 -9.90099045e-01  1.86790883e-05 
 5.37031796e+07  9.90095611e+02  1.82539033e+00  9.90095611e+02  1.82539033e+00 -9.90099044e-01  1.82539033e-05 
 5.49540874e+07  9.90095764e+02  1.78383965e+00  9.90095764e+02  1.78383965e+00 -9.90099042e-01  1.78383965e-05 
 5.62341325e+07  9.90095910e+02  1.74323477e+00  9.90095910e+02  1.74323477e+00 -9.90099041e-01  1.74323477e-05 
 5.75439937e+07  9.90096049e+02  1.70355414e+00  9.90096049e+02  1.70355414e+00 -9.90099040e-01  1.70355414e-05 
 5.88843655e+07  9.90096182e+02  1.66477674e+00  9.90096182e+02  1.66477674e+00 -9.90099038e-01  1.66477674e-05 
 6.02559586e+07  9.90096310e+02  1.62688201e+00  9.90096310e+02  1.62688201e+00 -9.90099037e-01  1.62688201e-05 
 6.16595002e+07  9.90096431e+02  1.58984985e+00  9.90096431e+02  1.58984985e+00 -9.90099036e-01  1.58984985e-05 
 6.30957344e+07  9.90096547e+02  1.55366063e+00  9.90096547e+02  1.55366063e+00 -9.90099035e-01  1.55366063e-05 
 6.45654229e+07  9.90096658e+02  1.51829517e+00  9.90096658e+02  1.51829517e+00 -9.90099033e-01  1.51829517e-05 
 6.60693448e+07  9.90096764e+02  1.48373471e+00  9.90096764e+02  1.48373471e+00 -9.90099032e-01  1.48373471e-05 
 6.76082975e+07  9.90096865e+02  1.44996094e+00  9.90096865e+02  1.44996094e+00 -9.90099031e-01  1.44996094e-05 
 6.91830971e+07  9.90096962e+02  1.41695594e+00  9.90096962e+02  1.41695594e+00 -9.90099030e-01  1.41695594e-05 
 7.07945784e+07  9.90097054e+02  1.38470221e+00  9.90097054e+02  1.38470221e+00 -9.90099029e-01  1.38470221e-05 
 7.24435960e+07  9.90097142e+02  1.35318266e+00  9.90097142e+02  1.35318266e+00 -9.90099029e-01  1.35318266e-05 
 7.41310241e+07  9.90097226e+02  1.32238058e+00  9.90097226e+02  1.32238058e+00 -9.90099028e-01  1.32238058e-05 
 7.58577575e+07  9.90097306e+02  1.29227963e+00  9.90097306e+02  1.29227963e+00 -9.90099027e-01  1.29227963e-05 
 7.76247117e+07  9.90097383e+02  1.26286385e+00  9.90097383e+02  1.26286385e+00 -9.90099026e-01  1.26286385e-05 
 7.94328235e+07  9.90097456e+02  1.23411765e+00  9.90097456e+02  1.23411765e+00 -9.90099025e-01  1.23411765e-05 
 8.12830516e+07  9.90097526e+02  1.20602579e+00  9.90097526e+02  1.20602579e+00 -9.90099025e-01  1.20602579e-05 
 8.31763771e+07  9.90097593e+02  1.17857337e+00  9.90097593e+02  1.17857337e+00 -9.90099024e-01  1.17857337e-05 
 8.51138038e+07  9.90097657e+02  1.15174584e+00  9.90097657e+02  1.15174584e+00 -9.90099023e-01  1.15174584e-05 
 8.70963590e+07  9.90097717e+02  1.12552898e+00  9.90097717e+02  1.12552898e+00 -9.90099023e-01  1.12552898e-05 
 8.91250938e+07  9.90097776e+02  1.09990887e+00  9.90097776e+02  1.09990887e+00 -9.90099022e-01  1.09990887e-05 
 9.12010839e+07  9.90097831e+02  1.07487195e+00  9.90097831e+02  1.07487195e+00 -9.90099022e-01  1.07487195e-05 
 9.33254301e+07  9.90097884e+02  1.05040494e+00  9.90097884e+02  1.05040494e+00 -9.90099021e-01  1.05040494e-05 
 9.54992586e+07  9.90097935e+02  1.02649485e+00  9.90097935e+02  1.02649485e+00 -9.90099021e-01  1.02649485e-05 
 9.77237221e+07  9.90097983e+02  1.00312903e+00  9.90097983e+02  1.00312903e+00 -9.90099020e-01  1.00312903e-05 
 1.00000000e+08  9.90098030e+02  9.80295069e-01  9.90098030e+02  9.80295069e-01 -9.90099020e-01  9.80295069e-06 
