 frequency              yer                    yei                    yfr                    yfi                   
 1.000000000000000e+00 -1.491169697105282e-28  1.591549430918954e-13  1.666181528921596e-04 -0.000000000000000e+00 
 1.023292992280754e+00 -1.490529022484027e-28  1.555321342885040e-13  1.666181528922037e-04 -0.000000000000000e+00 
 1.047128548050899e+00 -1.489919798679095e-28  1.519917906814237e-13  1.666181528922498e-04 -0.000000000000000e+00 
 1.071519305237606e+00 -1.489340387179756e-28  1.485320351336117e-13  1.666181528922981e-04 -0.000000000000000e+00 
 1.096478196143185e+00 -1.488789241847182e-28  1.451510332368816e-13  1.666181528923487e-04 -0.000000000000000e+00 
 1.122018454301963e+00 -1.488264903264083e-28  1.418469923392747e-13  1.666181528924017e-04 -0.000000000000000e+00 
 1.148153621496882e+00 -1.487765993409690e-28  1.386181605945729e-13  1.666181528924572e-04 -0.000000000000000e+00 
 1.174897554939529e+00 -1.487291210698077e-28  1.354628260334468e-13  1.666181528925152e-04 -0.000000000000000e+00 
 1.202264434617413e+00 -1.486839325368941e-28  1.323793156557459e-13  1.666181528925760e-04 -0.000000000000000e+00 
 1.230268770812381e+00 -1.486409175131752e-28  1.293659945434532e-13  1.666181528926397e-04 -0.000000000000000e+00 
 1.258925411794167e+00 -1.485999661172182e-28  1.264212649938288e-13  1.666181528927063e-04 -0.000000000000000e+00 
 1.288249551693134e+00 -1.485609744292355e-28  1.235435656722874e-13  1.666181528927762e-04 -0.000000000000000e+00 
 1.318256738556407e+00 -1.485238441444422e-28  1.207313707845578e-13  1.666181528928492e-04  9.765625000000000e-04 
 1.348962882591653e+00 -1.484884822381376e-28  1.179831892676868e-13  1.666181528929258e-04  9.765625000000000e-04 
 1.380384264602885e+00 -1.484548006581284e-28  1.152975639994577e-13  1.666181528930059e-04 -0.000000000000000e+00 
 1.412537544622754e+00 -1.484227160323878e-28  1.126730710258048e-13  1.666181528930899e-04 -0.000000000000000e+00 
 1.445439770745927e+00 -1.483921494027367e-28  1.101083188058141e-13  1.666181528931778e-04 -0.000000000000000e+00 
 1.479108388168207e+00 -1.483630259635424e-28  1.076019474739102e-13  1.666181528932698e-04 -0.000000000000000e+00 
 1.513561248436208e+00 -1.483352748303883e-28  1.051526281188371e-13  1.666181528933662e-04 -0.000000000000000e+00 
 1.548816618912481e+00 -1.483088288114147e-28  1.027590620790522e-13  1.666181528934671e-04 -0.000000000000000e+00 
 1.584893192461113e+00 -1.482836242022168e-28  1.004199802541586e-13  1.666181528935727e-04 -0.000000000000000e+00 
 1.621810097358929e+00 -1.482596005863995e-28  9.813414243201140e-14  1.666181528936834e-04 -0.000000000000000e+00 
 1.659586907437560e+00 -1.482367006541922e-28  9.590033663114051e-14  1.666181528937993e-04 -0.000000000000000e+00 
 1.698243652461743e+00 -1.482148700264144e-28  9.371737845814252e-14  1.666181528939206e-04 -0.000000000000000e+00 
 1.737800828749374e+00 -1.481940570951991e-28  9.158411047969915e-14  1.666181528940477e-04 -0.000000000000000e+00 
 1.778279410038922e+00 -1.481742128694867e-28  8.949940160889115e-14  1.666181528941807e-04 -0.000000000000000e+00 
 1.819700858609982e+00 -1.481552908335048e-28  8.746214650548081e-14  1.666181528943199e-04 -0.000000000000000e+00 
 1.862087136662866e+00 -1.481372468088777e-28  8.547126498984603e-14  1.666181528944658e-04 -0.000000000000000e+00 
 1.905460717963246e+00 -1.481200388314932e-28  8.352570147025483e-14  1.666181528946185e-04 -0.000000000000000e+00 
 1.949844599758044e+00 -1.481036270311330e-28  8.162442438317646e-14  1.666181528947785e-04  1.953125000000000e-03 
 1.995262314968878e+00 -1.480879735175559e-28  7.976642564633311e-14  1.666181528949460e-04 -0.000000000000000e+00 
 2.041737944669527e+00 -1.480730422779990e-28  7.795072012420088e-14  1.666181528951213e-04 -0.000000000000000e+00 
 2.089296130854037e+00 -1.480587990741837e-28  7.617634510567827e-14  1.666181528953049e-04 -0.000000000000000e+00 
 2.137962089502230e+00 -1.480452113526893e-28  7.444235979364381e-14  1.666181528954972e-04 -0.000000000000000e+00 
 2.187761623949550e+00 -1.480322481520683e-28  7.274784480613305e-14  1.666181528956985e-04 -0.000000000000000e+00 
 2.238721138568337e+00 -1.480198800233451e-28  7.109190168887005e-14  1.666181528959094e-04  1.953125000000000e-03 
 2.290867652767770e+00 -1.480080789491496e-28  6.947365243889510e-14  1.666181528961301e-04 -0.000000000000000e+00 
 2.344228815319919e+00 -1.479968182704849e-28  6.789223903903575e-14  1.666181528963614e-04 -0.000000000000000e+00 
 2.398832919019488e+00 -1.479860726164495e-28  6.634682300297488e-14  1.666181528966034e-04  1.953125000000000e-03 
 2.454708915685027e+00 -1.479758178382912e-28  6.483658493067424e-14  1.666181528968569e-04 -0.000000000000000e+00 
 2.511886431509577e+00 -1.479660309465566e-28  6.336072407391749e-14  1.666181528971223e-04 -0.000000000000000e+00 
 2.570395782768860e+00 -1.479566900521442e-28  6.191845791174309e-14  1.666181528974002e-04 -0.000000000000000e+00 
 2.630267991895378e+00 -1.479477743109940e-28  6.050902173554115e-14  1.666181528976912e-04 -0.000000000000000e+00 
 2.691534803926912e+00 -1.479392638707073e-28  5.913166824359497e-14  1.666181528979960e-04 -0.000000000000000e+00 
 2.754228703338163e+00 -1.479311398208122e-28  5.778566714485169e-14  1.666181528983150e-04  1.953125000000000e-03 
 2.818382931264450e+00 -1.479233841452182e-28  5.647030477171239e-14  1.666181528986492e-04 -0.000000000000000e+00 
 2.884031503126602e+00 -1.479159796783068e-28  5.518488370163589e-14  1.666181528989992e-04 -0.000000000000000e+00 
 2.951209226666381e+00 -1.479089100614702e-28  5.392872238735627e-14  1.666181528993655e-04 -0.000000000000000e+00 
 3.019951720402012e+00 -1.479021597034641e-28  5.270115479551746e-14  1.666181528997491e-04 -0.000000000000000e+00 
 3.090295432513586e+00 -1.478957137426140e-28  5.150153005353347e-14  1.666181529001509e-04 -0.000000000000000e+00 
 3.162277660168374e+00 -1.478895580103877e-28  5.032921210448723e-14  1.666181529005716e-04 -0.000000000000000e+00 
 3.235936569296277e+00 -1.478836789971512e-28  4.918357936988465e-14  1.666181529010120e-04 -0.000000000000000e+00 
 3.311311214825905e+00 -1.478780638197960e-28  4.806402442008563e-14  1.666181529014733e-04 -0.000000000000000e+00 
 3.388441561392020e+00 -1.478727001914694e-28  4.696995365223671e-14  1.666181529019563e-04 -0.000000000000000e+00 
 3.467368504525310e+00 -1.478675763910926e-28  4.590078697553505e-14  1.666181529024620e-04 -0.000000000000000e+00 
 3.548133892335748e+00 -1.478626812371052e-28  4.485595750365654e-14  1.666181529029916e-04 -0.000000000000000e+00 
 3.630780547701007e+00 -1.478580040602023e-28  4.383491125418525e-14  1.666181529035461e-04  3.906250000000000e-03 
 3.715352290971718e+00 -1.478535346783030e-28  4.283710685488459e-14  1.666181529041268e-04  3.906250000000000e-03 
 3.801893963205605e+00 -1.478492633732252e-28  4.186201525665455e-14  1.666181529047349e-04 -0.000000000000000e+00 
 3.890451449942799e+00 -1.478451808676600e-28  4.090911945302284e-14  1.666181529053716e-04  3.906250000000000e-03 
 3.981071705534965e+00 -1.478412783039689e-28  3.997791420602135e-14  1.666181529060383e-04 -0.000000000000000e+00 
 4.073802778041119e+00 -1.478375472233863e-28  3.906790577830214e-14  1.666181529067364e-04 -0.000000000000000e+00 
 4.168693834703346e+00 -1.478339795468680e-28  3.817861167135145e-14  1.666181529074674e-04  3.906250000000000e-03 
 4.265795188015918e+00 -1.478305675565061e-28  3.730956036966258e-14  1.666181529082329e-04 -0.000000000000000e+00 
 4.365158322401651e+00 -1.478273038775796e-28  3.646029109073211e-14  1.666181529090345e-04 -0.000000000000000e+00 
 4.466835921509622e+00 -1.478241814623553e-28  3.563035354074695e-14  1.666181529098738e-04  3.906250000000000e-03 
 4.570881896148741e+00 -1.478211935734082e-28  3.481930767583259e-14  1.666181529107527e-04  3.906250000000000e-03 
 4.677351412871972e+00 -1.478183337688729e-28  3.402672346873598e-14  1.666181529116730e-04 -0.000000000000000e+00 
 4.786300923226373e+00 -1.478155958875920e-28  3.325218068081941e-14  1.666181529126367e-04  3.906250000000000e-03 
 4.897788193684452e+00 -1.478129740355196e-28  3.249526863924447e-14  1.666181529136458e-04 -0.000000000000000e+00 
 5.011872336272712e+00 -1.478104625721439e-28  3.175558601922780e-14  1.666181529147025e-04 -0.000000000000000e+00 
 5.128613839913638e+00 -1.478080560982914e-28  3.103274063125337e-14  1.666181529158089e-04 -0.000000000000000e+00 
 5.248074602497715e+00 -1.478057494436611e-28  3.032634921312852e-14  1.666181529169676e-04  3.906250000000000e-03 
 5.370317963702516e+00 -1.478035376554648e-28  2.963603722677316e-14  1.666181529181808e-04 -0.000000000000000e+00 
 5.495408738576233e+00 -1.478014159873848e-28  2.896143865963478e-14  1.666181529194512e-04 -0.000000000000000e+00 
 5.623413251903478e+00 -1.477993798892352e-28  2.830219583062367e-14  1.666181529207814e-04 -0.000000000000000e+00 
 5.754399373371556e+00 -1.477974249965513e-28  2.765795920046581e-14  1.666181529221743e-04 -0.000000000000000e+00 
 5.888436553555876e+00 -1.477955471211653e-28  2.702838718637242e-14  1.666181529236329e-04 -0.000000000000000e+00 
 6.025595860743564e+00 -1.477937422419927e-28  2.641314598092824e-14  1.666181529251603e-04 -0.000000000000000e+00 
 6.165950018614807e+00 -1.477920064960461e-28  2.581190937510247e-14  1.666181529267596e-04 -0.000000000000000e+00 
 6.309573444801917e+00 -1.477903361700271e-28  2.522435858528838e-14  1.666181529284343e-04 -0.000000000000000e+00 
 6.456542290346539e+00 -1.477887276921547e-28  2.465018208428008e-14  1.666181529301879e-04 -0.000000000000000e+00 
 6.606934480075944e+00 -1.477871776244453e-28  2.408907543609659e-14  1.666181529320242e-04 -0.000000000000000e+00 
 6.760829753919801e+00 -1.477856826550160e-28  2.354074113456592e-14  1.666181529339470e-04 -0.000000000000000e+00 
 6.918309709189348e+00 -1.477842395910616e-28  2.300488844558334e-14  1.666181529359604e-04  7.812500000000000e-03 
 7.079457843841362e+00 -1.477828453516960e-28  2.248123325296033e-14  1.666181529380688e-04 -0.000000000000000e+00 
 7.244359600749883e+00 -1.477814969613696e-28  2.196949790778232e-14  1.666181529402764e-04  7.812500000000000e-03 
 7.413102413009157e+00 -1.477801915434452e-28  2.146941108119570e-14  1.666181529425881e-04 -0.000000000000000e+00 
 7.585775750291819e+00 -1.477789263138132e-28  2.098070762054559e-14  1.666181529450088e-04 -0.000000000000000e+00 
 7.762471166286898e+00 -1.477776985750146e-28  2.050312840878838e-14  1.666181529475436e-04 -0.000000000000000e+00 
 7.943282347242794e+00 -1.477765057102461e-28  2.003642022710451e-14  1.666181529501978e-04 -0.000000000000000e+00 
 8.128305161640972e+00 -1.477753451778122e-28  1.958033562063842e-14  1.666181529529771e-04 -0.000000000000000e+00 
 8.317637711026689e+00 -1.477742145056421e-28  1.913463276729477e-14  1.666181529558873e-04 -0.000000000000000e+00 
 8.511380382023743e+00 -1.477731112858522e-28  1.869907534952115e-14  1.666181529589348e-04 -0.000000000000000e+00 
 8.709635899560784e+00 -1.477720331697077e-28  1.827343242900937e-14  1.666181529621259e-04 -0.000000000000000e+00 
 8.912509381337431e+00 -1.477709778624296e-28  1.785747832424892e-14  1.666181529654674e-04 -0.000000000000000e+00 
 9.120108393559072e+00 -1.477699431183317e-28  1.745099249086766e-14  1.666181529689662e-04  7.812500000000000e-03 
 9.332543007969884e+00 -1.477689267359671e-28  1.705375940469625e-14  1.666181529726301e-04 -0.000000000000000e+00 
 9.549925860214332e+00 -1.477679265534757e-28  1.666556844749440e-14  1.666181529764666e-04 -0.000000000000000e+00 
 9.772372209558078e+00 -1.477669404438031e-28  1.628621379527829e-14  1.666181529804839e-04 -0.000000000000000e+00 
 9.999999999999970e+00 -1.477659663102936e-28  1.591549430918996e-14  1.666181529846906e-04 -0.000000000000000e+00 
 1.023292992280751e+01 -1.477650020821209e-28  1.555321342885083e-14  1.666181529890955e-04  7.812500000000000e-03 
 1.047128548050896e+01 -1.477640457098472e-28  1.519917906814280e-14  1.666181529937079e-04 -0.000000000000000e+00 
 1.071519305237603e+01 -1.477630951610671e-28  1.485320351336162e-14  1.666181529985379e-04 -0.000000000000000e+00 
 1.096478196143182e+01 -1.477621484161171e-28  1.451510332368861e-14  1.666181530035953e-04  7.812500000000000e-03 
 1.122018454301960e+01 -1.477612034636210e-28  1.418469923392793e-14  1.666181530088912e-04 -0.000000000000000e+00 
 1.148153621496879e+01 -1.477602582963466e-28  1.386181605945777e-14  1.666181530144366e-04 -0.000000000000000e+00 
 1.174897554939526e+01 -1.477593109068371e-28  1.354628260334516e-14  1.666181530202434e-04 -0.000000000000000e+00 
 1.202264434617409e+01 -1.477583592831559e-28  1.323793156557509e-14  1.666181530263238e-04 -0.000000000000000e+00 
 1.230268770812378e+01 -1.477574014045913e-28  1.293659945434582e-14  1.666181530326908e-04 -0.000000000000000e+00 
 1.258925411794163e+01 -1.477564352373631e-28  1.264212649938339e-14  1.666181530393579e-04 -0.000000000000000e+00 
 1.288249551693130e+01 -1.477554587302783e-28  1.235435656722926e-14  1.666181530463392e-04 -0.000000000000000e+00 
 1.318256738556403e+01 -1.477544698103867e-28  1.207313707845631e-14  1.666181530536496e-04 -0.000000000000000e+00 
 1.348962882591649e+01 -1.477534663785260e-28  1.179831892676923e-14  1.666181530613044e-04 -0.000000000000000e+00 
 1.380384264602880e+01 -1.477524463049174e-28  1.152975639994632e-14  1.666181530693199e-04 -0.000000000000000e+00 
 1.412537544622749e+01 -1.477514074245852e-28  1.126730710258104e-14  1.666181530777134e-04 -0.000000000000000e+00 
 1.445439770745922e+01 -1.477503475327757e-28  1.101083188058199e-14  1.666181530865023e-04 -0.000000000000000e+00 
 1.479108388168202e+01 -1.477492643802809e-28  1.076019474739161e-14  1.666181530957054e-04 -0.000000000000000e+00 
 1.513561248436203e+01 -1.477481556686184e-28  1.051526281188432e-14  1.666181531053423e-04 -0.000000000000000e+00 
 1.548816618912476e+01 -1.477470190451978e-28  1.027590620790584e-14  1.666181531154333e-04 -0.000000000000000e+00 
 1.584893192461108e+01 -1.477458520982936e-28  1.004199802541649e-14  1.666181531259999e-04 -0.000000000000000e+00 
 1.621810097358924e+01 -1.477446523519372e-28  9.813414243201782e-15  1.666181531370645e-04  1.562500000000000e-02 
 1.659586907437554e+01 -1.477434172606391e-28  9.590033663114707e-15  1.666181531486505e-04 -0.000000000000000e+00 
 1.698243652461738e+01 -1.477421442040055e-28  9.371737845814919e-15  1.666181531607826e-04  1.562500000000000e-02 
 1.737800828749369e+01 -1.477408304811627e-28  9.158411047970601e-15  1.666181531734865e-04 -0.000000000000000e+00 
 1.778279410038916e+01 -1.477394733050278e-28  8.949940160889813e-15  1.666181531867891e-04 -0.000000000000000e+00 
 1.819700858609976e+01 -1.477380697963892e-28  8.746214650548792e-15  1.666181532007186e-04 -0.000000000000000e+00 
 1.862087136662860e+01 -1.477366169778044e-28  8.547126498985331e-15  1.666181532153046e-04 -0.000000000000000e+00 
 1.905460717963240e+01 -1.477351117672713e-28  8.352570147026225e-15  1.666181532305779e-04 -0.000000000000000e+00 
 1.949844599758038e+01 -1.477335509716862e-28  8.162442438318406e-15  1.666181532465712e-04 -0.000000000000000e+00 
 1.995262314968872e+01 -1.477319312800808e-28  7.976642564634086e-15  1.666181532633181e-04 -0.000000000000000e+00 
 2.041737944669521e+01 -1.477302492565786e-28  7.795072012420881e-15  1.666181532808543e-04 -0.000000000000000e+00 
 2.089296130854031e+01 -1.477285013331274e-28  7.617634510568631e-15  1.666181532992170e-04  1.562500000000000e-02 
 2.137962089502224e+01 -1.477266838018995e-28  7.444235979365204e-15  1.666181533184451e-04 -0.000000000000000e+00 
 2.187761623949544e+01 -1.477247928074549e-28  7.274784480614149e-15  1.666181533385794e-04 -0.000000000000000e+00 
 2.238721138568331e+01 -1.477228243385432e-28  7.109190168887870e-15  1.666181533596625e-04 -0.000000000000000e+00 
 2.290867652767764e+01 -1.477207742195950e-28  6.947365243890392e-15  1.666181533817393e-04 -0.000000000000000e+00 
 2.344228815319913e+01 -1.477186381018661e-28  6.789223903904477e-15  1.666181534048565e-04 -0.000000000000000e+00 
 2.398832919019481e+01 -1.477164114542174e-28  6.634682300298411e-15  1.666181534290632e-04 -0.000000000000000e+00 
 2.454708915685020e+01 -1.477140895534936e-28  6.483658493068365e-15  1.666181534544107e-04 -0.000000000000000e+00 
 2.511886431509570e+01 -1.477116674745021e-28  6.336072407392713e-15  1.666181534809529e-04 -0.000000000000000e+00 
 2.570395782768853e+01 -1.477091400795846e-28  6.191845791175293e-15  1.666181535087459e-04 -0.000000000000000e+00 
 2.630267991895371e+01 -1.477065020076861e-28  6.050902173555122e-15  1.666181535378487e-04 -0.000000000000000e+00 
 2.691534803926904e+01 -1.477037476630131e-28  5.913166824360526e-15  1.666181535683231e-04  3.125000000000000e-02 
 2.754228703338154e+01 -1.477008712031437e-28  5.778566714486226e-15  1.666181536002338e-04 -0.000000000000000e+00 
 2.818382931264442e+01 -1.476978665266439e-28  5.647030477172318e-15  1.666181536336484e-04 -0.000000000000000e+00 
 2.884031503126593e+01 -1.476947272601232e-28  5.518488370164689e-15  1.666181536686377e-04 -0.000000000000000e+00 
 2.951209226666373e+01 -1.476914467447125e-28  5.392872238736753e-15  1.666181537052760e-04 -0.000000000000000e+00 
 3.019951720402003e+01 -1.476880180219393e-28  5.270115479552898e-15  1.666181537436411e-04 -0.000000000000000e+00 
 3.090295432513577e+01 -1.476844338189729e-28  5.150153005354526e-15  1.666181537838142e-04 -0.000000000000000e+00 
 3.162277660168365e+01 -1.476806865331911e-28  5.032921210449928e-15  1.666181538258806e-04 -0.000000000000000e+00 
 3.235936569296268e+01 -1.476767682160546e-28  4.918357936989697e-15  1.666181538699296e-04 -0.000000000000000e+00 
 3.311311214825896e+01 -1.476726705562510e-28  4.806402442009822e-15  1.666181539160545e-04 -0.000000000000000e+00 
 3.388441561392010e+01 -1.476683848620596e-28  4.696995365224958e-15  1.666181539643533e-04  3.125000000000000e-02 
 3.467368504525301e+01 -1.476639020429200e-28  4.590078697554821e-15  1.666181540149282e-04 -0.000000000000000e+00 
 3.548133892335738e+01 -1.476592125901441e-28  4.485595750367002e-15  1.666181540678867e-04 -0.000000000000000e+00 
 3.630780547700997e+01 -1.476543065567506e-28  4.383491125419906e-15  1.666181541233411e-04 -0.000000000000000e+00 
 3.715352290971708e+01 -1.476491735363650e-28  4.283710685489871e-15  1.666181541814090e-04 -0.000000000000000e+00 
 3.801893963205595e+01 -1.476438026411453e-28  4.186201525666896e-15  1.666181542422134e-04  3.125000000000000e-02 
 3.890451449942788e+01 -1.476381824786883e-28  4.090911945303760e-15  1.666181543058835e-04 -0.000000000000000e+00 
 3.981071705534954e+01 -1.476323011278646e-28  3.997791420603645e-15  1.666181543725544e-04 -0.000000000000000e+00 
 4.073802778041109e+01 -1.476261461135300e-28  3.906790577831757e-15  1.666181544423673e-04 -0.000000000000000e+00 
 4.168693834703335e+01 -1.476197043800680e-28  3.817861167136723e-15  1.666181545154703e-04  3.125000000000000e-02 
 4.265795188015907e+01 -1.476129622636933e-28  3.730956036967873e-15  1.666181545920187e-04 -0.000000000000000e+00 
 4.365158322401639e+01 -1.476059054634712e-28  3.646029109074862e-15  1.666181546721746e-04  3.125000000000000e-02 
 4.466835921509610e+01 -1.475985190109819e-28  3.563035354076385e-15  1.666181547561081e-04  3.125000000000000e-02 
 4.570881896148729e+01 -1.475907872385721e-28  3.481930767584990e-15  1.666181548439974e-04 -0.000000000000000e+00 
 4.677351412871960e+01 -1.475826937461215e-28  3.402672346875368e-15  1.666181549360287e-04 -0.000000000000000e+00 
 4.786300923226361e+01 -1.475742213662535e-28  3.325218068083752e-15  1.666181550323973e-04 -0.000000000000000e+00 
 4.897788193684438e+01 -1.475653521279257e-28  3.249526863926300e-15  1.666181551333077e-04 -0.000000000000000e+00 
 5.011872336272698e+01 -1.475560672183062e-28  3.175558601924674e-15  1.666181552389738e-04 -0.000000000000000e+00 
 5.128613839913623e+01 -1.475463469428712e-28  3.103274063127276e-15  1.666181553496197e-04 -0.000000000000000e+00 
 5.248074602497700e+01 -1.475361706836313e-28  3.032634921314836e-15  1.666181554654803e-04 -0.000000000000000e+00 
 5.370317963702501e+01 -1.475255168553973e-28  2.963603722679345e-15  1.666181555868012e-04  6.250000000000000e-02 
 5.495408738576219e+01 -1.475143628599946e-28  2.896143865965553e-15  1.666181557138397e-04 -0.000000000000000e+00 
 5.623413251903463e+01 -1.475026850383306e-28  2.830219583064492e-15  1.666181558468655e-04 -0.000000000000000e+00 
 5.754399373371541e+01 -1.474904586202103e-28  2.765795920048756e-15  1.666181559861605e-04 -0.000000000000000e+00 
 5.888436553555861e+01 -1.474776576717967e-28  2.702838718639466e-15  1.666181561320203e-04 -0.000000000000000e+00 
 6.025595860743547e+01 -1.474642550405995e-28  2.641314598095099e-15  1.666181562847543e-04 -0.000000000000000e+00 
 6.165950018614791e+01 -1.474502222978844e-28  2.581190937512574e-15  1.666181564446864e-04 -0.000000000000000e+00 
 6.309573444801901e+01 -1.474355296783702e-28  2.522435858531219e-15  1.666181566121558e-04 -0.000000000000000e+00 
 6.456542290346522e+01 -1.474201460170940e-28  2.465018208430444e-15  1.666181567875179e-04 -0.000000000000000e+00 
 6.606934480075925e+01 -1.474040386833063e-28  2.408907543612151e-15  1.666181569711445e-04 -0.000000000000000e+00 
 6.760829753919782e+01 -1.473871735112569e-28  2.354074113459143e-15  1.666181571634251e-04 -0.000000000000000e+00 
 6.918309709189329e+01 -1.473695147277260e-28  2.300488844560946e-15  1.666181573647678e-04 -0.000000000000000e+00 
 7.079457843841342e+01 -1.473510248761450e-28  2.248123325298703e-15  1.666181575755993e-04 -0.000000000000000e+00 
 7.244359600749863e+01 -1.473316647371459e-28  2.196949790780964e-15  1.666181577963670e-04 -0.000000000000000e+00 
 7.413102413009136e+01 -1.473113932453737e-28  2.146941108122366e-15  1.666181580275392e-04 -0.000000000000000e+00 
 7.585775750291798e+01 -1.472901674023811e-28  2.098070762057419e-15  1.666181582696061e-04  6.250000000000000e-02 
 7.762471166286876e+01 -1.472679421854242e-28  2.050312840881765e-15  1.666181585230814e-04 -0.000000000000000e+00 
 7.943282347242773e+01 -1.472446704519645e-28  2.003642022713446e-15  1.666181587885026e-04 -0.000000000000000e+00 
 8.128305161640949e+01 -1.472203028396740e-28  1.958033562066906e-15  1.666181590664327e-04 -0.000000000000000e+00 
 8.317637711026666e+01 -1.471947876617329e-28  1.913463276732613e-15  1.666181593574612e-04 -0.000000000000000e+00 
 8.511380382023719e+01 -1.471680707971946e-28  1.869907534955323e-15  1.666181596622055e-04 -0.000000000000000e+00 
 8.709635899560760e+01 -1.471400955761913e-28  1.827343242904219e-15  1.666181599813119e-04 -0.000000000000000e+00 
 8.912509381337408e+01 -1.471108026597303e-28  1.785747832428251e-15  1.666181603154573e-04 -0.000000000000000e+00 
 9.120108393559049e+01 -1.470801299138293e-28  1.745099249090203e-15  1.666181606653505e-04 -0.000000000000000e+00 
 9.332543007969861e+01 -1.470480122777245e-28  1.705375940473141e-15  1.666181610317337e-04 -0.000000000000000e+00 
 9.549925860214309e+01 -1.470143816258698e-28  1.666556844753037e-15  1.666181614153840e-04 -0.000000000000000e+00 
 9.772372209558054e+01 -1.469791666234354e-28  1.628621379531510e-15  1.666181618171151e-04 -0.000000000000000e+00 
 9.999999999999946e+01 -1.469422925750001e-28  1.591549430922763e-15  1.666181622377792e-04 -0.000000000000000e+00 
 1.023292992280749e+02 -1.469036812661145e-28  1.555321342888938e-15  1.666181626782686e-04 -0.000000000000000e+00 
 1.047128548050894e+02 -1.468632507974009e-28  1.519917906818224e-15  1.666181631395176e-04 -0.000000000000000e+00 
 1.071519305237600e+02 -1.468209154108367e-28  1.485320351340198e-15  1.666181636225046e-04 -0.000000000000000e+00 
 1.096478196143179e+02 -1.467765853078545e-28  1.451510332372991e-15  1.666181641282541e-04 -0.000000000000000e+00 
 1.122018454301957e+02 -1.467301664588699e-28  1.418469923397018e-15  1.666181646578388e-04  1.250000000000000e-01 
 1.148153621496876e+02 -1.466815604038378e-28  1.386181605950101e-15  1.666181652123820e-04 -0.000000000000000e+00 
 1.174897554939523e+02 -1.466306640434096e-28  1.354628260338940e-15  1.666181657930601e-04  1.250000000000000e-01 
 1.202264434617406e+02 -1.465773694202507e-28  1.323793156562036e-15  1.666181664011046e-04 -0.000000000000000e+00 
 1.230268770812374e+02 -1.465215634900544e-28  1.293659945439215e-15  1.666181670378054e-04 -0.000000000000000e+00 
 1.258925411794160e+02 -1.464631278817660e-28  1.264212649943080e-15  1.666181677045128e-04 -0.000000000000000e+00 
 1.288249551693126e+02 -1.464019386465087e-28  1.235435656727777e-15  1.666181684026413e-04 -0.000000000000000e+00 
 1.318256738556399e+02 -1.463378659946788e-28  1.207313707850595e-15  1.666181691336715e-04 -0.000000000000000e+00 
 1.348962882591645e+02 -1.462707740206533e-28  1.179831892682002e-15  1.666181698991541e-04 -0.000000000000000e+00 
 1.380384264602876e+02 -1.462005204145241e-28  1.152975639999830e-15  1.666181707007127e-04 -0.000000000000000e+00 
 1.412537544622746e+02 -1.461269561602499e-28  1.126730710263423e-15  1.666181715400475e-04 -0.000000000000000e+00 
 1.445439770745919e+02 -1.460499252195840e-28  1.101083188063641e-15  1.666181724189390e-04 -0.000000000000000e+00 
 1.479108388168198e+02 -1.459692642011086e-28  1.076019474744730e-15  1.666181733392513e-04 -0.000000000000000e+00 
 1.513561248436199e+02 -1.458848020136715e-28  1.051526281194130e-15  1.666181743029365e-04 -0.000000000000000e+00 
 1.548816618912472e+02 -1.457963595034941e-28  1.027590620796415e-15  1.666181753120387e-04 -0.000000000000000e+00 
 1.584893192461104e+02 -1.457037490741781e-28  1.004199802547616e-15  1.666181763686984e-04 -0.000000000000000e+00 
 1.621810097358920e+02 -1.456067742888045e-28  9.813414243262834e-16  1.666181774751569e-04 -0.000000000000000e+00 
 1.659586907437551e+02 -1.455052294532844e-28  9.590033663177182e-16  1.666181786337610e-04 -0.000000000000000e+00 
 1.698243652461734e+02 -1.453988991800743e-28  9.371737845878848e-16  1.666181798469685e-04 -0.000000000000000e+00 
 1.737800828749365e+02 -1.452875579313332e-28  9.158411048036017e-16  1.666181811173525e-04 -0.000000000000000e+00 
 1.778279410038912e+02 -1.451709695405511e-28  8.949940160956752e-16  1.666181824476078e-04 -0.000000000000000e+00 
 1.819700858609972e+02 -1.450488867116361e-28  8.746214650617293e-16  1.666181838405560e-04 -0.000000000000000e+00 
 1.862087136662855e+02 -1.449210504943948e-28  8.547126499055424e-16  1.666181852991517e-04 -0.000000000000000e+00 
 1.905460717963235e+02 -1.447871897352985e-28  8.352570147097951e-16  1.666181868264888e-04 -0.000000000000000e+00 
 1.949844599758032e+02 -1.446470205023650e-28  8.162442438391807e-16  1.666181884258069e-04 -0.000000000000000e+00 
 1.995262314968867e+02 -1.445002454829403e-28  7.976642564709192e-16  1.666181901004984e-04 -0.000000000000000e+00 
 2.041737944669516e+02 -1.443465533531022e-28  7.795072012497733e-16  1.666181918541155e-04  2.500000000000000e-01 
 2.089296130854026e+02 -1.441856181173474e-28  7.617634510647279e-16  1.666181936903779e-04 -0.000000000000000e+00 
 2.137962089502218e+02 -1.440170984171633e-28  7.444235979445683e-16  1.666181956131804e-04 -0.000000000000000e+00 
 2.187761623949538e+02 -1.438406368070179e-28  7.274784480696498e-16  1.666181976266016e-04 -0.000000000000000e+00 
 2.238721138568325e+02 -1.436558589962318e-28  7.109190168972136e-16  1.666181997349121e-04 -0.000000000000000e+00 
 2.290867652767758e+02 -1.434623730551264e-28  6.947365243976620e-16  1.666182019425840e-04 -0.000000000000000e+00 
 2.344228815319906e+02 -1.432597685837632e-28  6.789223903992711e-16  1.666182042543000e-04 -0.000000000000000e+00 
 2.398832919019474e+02 -1.430476158415125e-28  6.634682300388700e-16  1.666182066749635e-04 -0.000000000000000e+00 
 2.454708915685014e+02 -1.428254648356067e-28  6.483658493160759e-16  1.666182092097090e-04 -0.000000000000000e+00 
 2.511886431509563e+02 -1.425928443667433e-28  6.336072407487255e-16  1.666182118639130e-04 -0.000000000000000e+00 
 2.570395782768846e+02 -1.423492610297171e-28  6.191845791272035e-16  1.666182146432053e-04 -0.000000000000000e+00 
 2.630267991895364e+02 -1.420941981669601e-28  6.050902173654117e-16  1.666182175534812e-04 -0.000000000000000e+00 
 2.691534803926897e+02 -1.418271147727714e-28  5.913166824461829e-16  1.666182206009136e-04 -0.000000000000000e+00 
 2.754228703338148e+02 -1.415474443459154e-28  5.778566714589885e-16  1.666182237919666e-04 -0.000000000000000e+00 
 2.818382931264435e+02 -1.412545936881527e-28  5.647030477278389e-16  1.666182271334086e-04 -0.000000000000000e+00 
 2.884031503126586e+02 -1.409479416461586e-28  5.518488370273233e-16  1.666182306323273e-04 -0.000000000000000e+00 
 2.951209226666365e+02 -1.406268377941629e-28  5.392872238847822e-16  1.666182342961441e-04  2.500000000000000e-01 
 3.019951720401995e+02 -1.402906010545149e-28  5.270115479666556e-16  1.666182381326306e-04 -0.000000000000000e+00 
 3.090295432513569e+02 -1.399385182532540e-28  5.150153005470831e-16  1.666182421499242e-04 -0.000000000000000e+00 
 3.162277660168357e+02 -1.395698426076194e-28  5.032921210568940e-16  1.666182463565459e-04  2.500000000000000e-01 
 3.235936569296260e+02 -1.391837921422963e-28  4.918357937111481e-16  1.666182507614187e-04  2.500000000000000e-01 
 3.311311214825888e+02 -1.387795480310403e-28  4.806402442134444e-16  1.666182553738855e-04 -0.000000000000000e+00 
 3.388441561392002e+02 -1.383562528601635e-28  4.696995365352484e-16  1.666182602037299e-04 -0.000000000000000e+00 
 3.467368504525292e+02 -1.379130088102047e-28  4.590078697685313e-16  1.666182652611964e-04  2.500000000000000e-01 
 3.548133892335729e+02 -1.374488757519272e-28  4.485595750500534e-16  1.666182705570125e-04 -0.000000000000000e+00 
 3.630780547700987e+02 -1.369628692526098e-28  4.383491125556549e-16  1.666182761024109e-04 -0.000000000000000e+00 
 3.715352290971698e+02 -1.364539584884062e-28  4.283710685629698e-16  1.666182819091541e-04 -0.000000000000000e+00 
 3.801893963205584e+02 -1.359210640583484e-28  4.186201525809979e-16  1.666182879895586e-04 -0.000000000000000e+00 
 3.890451449942777e+02 -1.353630556953604e-28  4.090911945450173e-16  1.666182943565215e-04 -0.000000000000000e+00 
 3.981071705534943e+02 -1.347787498694345e-28  3.997791420753467e-16  1.666183010235477e-04 -0.000000000000000e+00 
 4.073802778041097e+02 -1.341669072778893e-28  3.906790577985071e-16  1.666183080047784e-04 -0.000000000000000e+00 
 4.168693834703323e+02 -1.335262302173911e-28  3.817861167293607e-16  1.666183153150216e-04 -0.000000000000000e+00 
 4.265795188015895e+02 -1.328553598321747e-28  3.730956037128411e-16  1.666183229697825e-04 -0.000000000000000e+00 
 4.365158322401627e+02 -1.321528732326281e-28  3.646029109239141e-16  1.666183309852977e-04 -0.000000000000000e+00 
 4.466835921509598e+02 -1.314172804781419e-28  3.563035354244489e-16  1.666183393785685e-04 -0.000000000000000e+00 
 4.570881896148716e+02 -1.306470214178290e-28  3.481930767757006e-16  1.666183481673978e-04 -0.000000000000000e+00 
 4.677351412871947e+02 -1.298404623824231e-28  3.402672347051391e-16  1.666183573704272e-04  5.000000000000000e-01 
 4.786300923226348e+02 -1.289958927203507e-28  3.325218068263876e-16  1.666183670071768e-04 -0.000000000000000e+00 
 4.897788193684425e+02 -1.281115211706374e-28  3.249526864110619e-16  1.666183770980868e-04 -0.000000000000000e+00 
 5.011872336272685e+02 -1.271854720649698e-28  3.175558602113284e-16  1.666183876645606e-04  5.000000000000000e-01 
 5.128613839913610e+02 -1.262157813508692e-28  3.103274063320280e-16  1.666183987290101e-04 -0.000000000000000e+00 
 5.248074602497686e+02 -1.252003924275554e-28  3.032634921512334e-16  1.666184103149037e-04  5.000000000000000e-01 
 5.370317963702487e+02 -1.241371517856859e-28  2.963603722881444e-16  1.666184224468154e-04  5.000000000000000e-01 
 5.495408738576203e+02 -1.230238044417377e-28  2.896143866172360e-16  1.666184351504776e-04 -0.000000000000000e+00 
 5.623413251903447e+02 -1.218579891573667e-28  2.830219583276114e-16  1.666184484528351e-04 -0.000000000000000e+00 
 5.754399373371524e+02 -1.206372334336271e-28  2.765795920265308e-16  1.666184623821026e-04 -0.000000000000000e+00 
 5.888436553555844e+02 -1.193589482694534e-28  2.702838718861061e-16  1.666184769678245e-04 -0.000000000000000e+00 
 6.025595860743530e+02 -1.180204226733148e-28  2.641314598321856e-16  1.666184922409373e-04 -0.000000000000000e+00 
 6.165950018614773e+02 -1.166188179164259e-28  2.581190937744612e-16  1.666185082338355e-04  5.000000000000000e-01 
 6.309573444801882e+02 -1.151511615153574e-28  2.522435858768663e-16  1.666185249804402e-04 -0.000000000000000e+00 
 6.456542290346504e+02 -1.136143409313127e-28  2.465018208673416e-16  1.666185425162709e-04  5.000000000000000e-01 
 6.606934480075907e+02 -1.120050969727466e-28  2.408907543860784e-16  1.666185608785211e-04 -0.000000000000000e+00 
 6.760829753919763e+02 -1.103200168873683e-28  2.354074113713566e-16  1.666185801061370e-04 -0.000000000000000e+00 
 6.918309709189309e+02 -1.085555271289230e-28  2.300488844821293e-16  1.666186002398999e-04 -0.000000000000000e+00 
 7.079457843841321e+02 -1.067078857834560e-28  2.248123325565116e-16  1.666186213225129e-04 -0.000000000000000e+00 
 7.244359600749841e+02 -1.047731746390474e-28  2.196949791053582e-16  1.666186433986919e-04 -0.000000000000000e+00 
 7.413102413009113e+02 -1.027472908822561e-28  2.146941108401334e-16  1.666186665152591e-04 -0.000000000000000e+00 
 7.585775750291774e+02 -1.006259384037204e-28  2.098070762342886e-16  1.666186907212440e-04 -0.000000000000000e+00 
 7.762471166286851e+02 -9.840461869454695e-29  2.050312841173880e-16  1.666187160679858e-04  1.000000000000000e+00 
 7.943282347242747e+02 -9.607862131425058e-29  2.003642023012364e-16  1.666187426092434e-04 -0.000000000000000e+00 
 8.128305161640923e+02 -9.364301391011360e-29  1.958033562372787e-16  1.666187704013088e-04 -0.000000000000000e+00 
 8.317637711026639e+02 -9.109263176688378e-29  1.913463277045618e-16  1.666187995031264e-04 -0.000000000000000e+00 
 8.511380382023692e+02 -8.842206686474679e-29  1.869907535275618e-16  1.666188299764185e-04 -0.000000000000000e+00 
 8.709635899560732e+02 -8.562565642247328e-29  1.827343243231974e-16  1.666188618858154e-04 -0.000000000000000e+00 
 8.912509381337379e+02 -8.269747090156057e-29  1.785747832763640e-16  1.666188952989934e-04 -0.000000000000000e+00 
 9.120108393559019e+02 -7.963130144605756e-29  1.745099249433403e-16  1.666189302868171e-04 -0.000000000000000e+00 
 9.332543007969830e+02 -7.642064673157532e-29  1.705375940824335e-16  1.666189669234909e-04 -0.000000000000000e+00 
 9.549925860214277e+02 -7.305869919575069e-29  1.666556845112412e-16  1.666190052867151e-04 -0.000000000000000e+00 
 9.772372209558022e+02 -6.953833062112772e-29  1.628621379899254e-16  1.666190454578517e-04 -0.000000000000000e+00 
 9.999999999999912e+02 -6.585207704007098e-29  1.591549431299072e-16  1.666190875220961e-04 -0.000000000000000e+00 
 1.023292992280745e+03 -6.199212292990242e-29  1.555321343274012e-16  1.666191315686579e-04 -0.000000000000000e+00 
 1.047128548050890e+03 -5.795028466496649e-29  1.519917907212267e-16  1.666191776909504e-04 -0.000000000000000e+00 
 1.071519305237597e+03 -5.371799319077874e-29  1.485320351743418e-16  1.666192259867881e-04 -0.000000000000000e+00 
 1.096478196143175e+03 -4.928627588378383e-29  1.451510332785602e-16  1.666192765585940e-04 -0.000000000000000e+00 
 1.122018454301953e+03 -4.464573755854939e-29  1.418469923819240e-16  1.666193295136174e-04 -0.000000000000000e+00 
 1.148153621496872e+03 -3.978654058244404e-29  1.386181606382156e-16  1.666193849641603e-04  1.000000000000000e+00 
 1.174897554939519e+03 -3.469838405598509e-29  1.354628260781058e-16  1.666194430278162e-04 -0.000000000000000e+00 
 1.202264434617402e+03 -2.937048201509652e-29  1.323793157014451e-16  1.666195038277185e-04 -0.000000000000000e+00 
 1.230268770812370e+03 -2.379154060948117e-29  1.293659945902167e-16  1.666195674928025e-04 -0.000000000000000e+00 
 1.258925411794156e+03 -1.794973420918161e-29  1.264212650416814e-16  1.666196341580774e-04  1.000000000000000e+00 
 1.288249551693122e+03 -1.183268038917773e-29  1.235435657212545e-16  1.666197039649135e-04 -0.000000000000000e+00 
 1.318256738556395e+03 -5.427413739539300e-30  1.207313708346653e-16  1.666197770613412e-04 -0.000000000000000e+00 
 1.348962882591641e+03  1.279641553782265e-30  1.179831893189613e-16  1.666198536023644e-04 -0.000000000000000e+00 
 1.380384264602872e+03  8.302700414986043e-30  1.152975640519264e-16  1.666199337502899e-04 -0.000000000000000e+00 
 1.412537544622741e+03  1.565664693140135e-29  1.126730710794954e-16  1.666200176750699e-04 -0.000000000000000e+00 
 1.445439770745914e+03  2.335706581632659e-29  1.101083188607552e-16  1.666201055546633e-04 -0.000000000000000e+00 
 1.479108388168193e+03  3.142027534754052e-29  1.076019475301309e-16  1.666201975754119e-04 -0.000000000000000e+00 
 1.513561248436194e+03  3.986336185035050e-29  1.051526281763671e-16  1.666202939324355e-04 -0.000000000000000e+00 
 1.548816618912467e+03  4.870421579721226e-29  1.027590621379220e-16  1.666203948300450e-04 -0.000000000000000e+00 
 1.584893192461099e+03  5.796156959928414e-29  1.004199803143994e-16  1.666205004821750e-04 -0.000000000000000e+00 
 1.621810097358915e+03  6.765503716874840e-29  9.813414249365510e-17  1.666206111128377e-04 -0.000000000000000e+00 
 1.659586907437545e+03  7.780610692827120e-29  9.590033669421981e-17  1.666207269565958e-04 -0.000000000000000e+00 
 1.698243652461728e+03  8.843437878680080e-29  9.371737852269078e-17  1.666208482590604e-04  2.000000000000000e+00 
 1.737800828749359e+03  9.956331909835438e-29  9.158411054575069e-17  1.666209752774110e-04 -0.000000000000000e+00 
 1.778279410038906e+03  1.112165017846942e-28  8.949940167648093e-17  1.666211082809392e-04 -0.000000000000000e+00 
 1.819700858609966e+03  1.234186096641362e-28  8.746214657464462e-17  1.666212475516194e-04 -0.000000000000000e+00 
 1.862087136662849e+03  1.361954865089080e-28  8.547126506062050e-17  1.666213933847057e-04 -0.000000000000000e+00 
 1.905460717963228e+03  1.495741915362877e-28  8.352570154267746e-17  1.666215460893563e-04 -0.000000000000000e+00 
 1.949844599758026e+03  1.635830564463324e-28  8.162442445728567e-17  1.666217059892886e-04 -0.000000000000000e+00 
 1.995262314968860e+03  1.782517451241405e-28  7.976642572216807e-17  1.666218734234633e-04  2.000000000000000e+00 
 2.041737944669509e+03  1.936113161299574e-28  7.795072020180182e-17  1.666220487468024e-04 -0.000000000000000e+00 
 2.089296130854019e+03  2.096942881060092e-28  7.617634518508627e-17  1.666222323309397e-04 -0.000000000000000e+00 
 2.137962089502211e+03  2.265347082348070e-28  7.444235987490096e-17  1.666224245650069e-04 -0.000000000000000e+00 
 2.187761623949531e+03  2.441682238897279e-28  7.274784488928235e-17  1.666226258564569e-04 -0.000000000000000e+00 
 2.238721138568317e+03  2.626321576250458e-28  7.109190177395559e-17  1.666228366319254e-04 -0.000000000000000e+00 
 2.290867652767750e+03  2.819655856591900e-28  6.947365252596190e-17  1.666230573381329e-04 -0.000000000000000e+00 
 2.344228815319898e+03  3.022094200119214e-28  6.789223912812992e-17  1.666232884428292e-04 -0.000000000000000e+00 
 2.398832919019466e+03  3.234064944633014e-28  6.634682309414361e-17  1.666235304357826e-04 -0.000000000000000e+00 
 2.454708915685005e+03  3.456016545098276e-28  6.483658502396580e-17  1.666237838298145e-04 -0.000000000000000e+00 
 2.511886431509554e+03  3.688418515009168e-28  6.336072416938125e-17  1.666240491618832e-04  2.000000000000000e+00 
 2.570395782768837e+03  3.931762411470537e-28  6.191845800942962e-17  1.666243269942188e-04 -0.000000000000000e+00 
 2.630267991895354e+03  4.186562865993768e-28  6.050902183550218e-17  1.666246179155105e-04 -0.000000000000000e+00 
 2.691534803926887e+03  4.453358663093124e-28  5.913166834588339e-17  1.666249225421499e-04 -0.000000000000000e+00 
 2.754228703338138e+03  4.732713868860042e-28  5.778566724952169e-17  1.666252415195329e-04 -0.000000000000000e+00 
 2.818382931264424e+03  5.025219011788619e-28  5.647030487881927e-17  1.666255755234219e-04  2.000000000000000e+00 
 2.884031503126575e+03  5.331508175556665e-28  5.518488381123640e-17  1.666259252613723e-04 -0.000000000000000e+00 
 2.951209226666354e+03  5.652196862063701e-28  5.392872249950841e-17  1.666262914742258e-04 -0.000000000000000e+00 
 3.019951720401984e+03  5.987978488186993e-28  5.270115491028058e-17  1.666266749376727e-04 -0.000000000000000e+00 
 3.090295432513557e+03  6.339562370531007e-28  5.150153017096829e-17  1.666270764638885e-04 -0.000000000000000e+00 
 3.162277660168345e+03  6.707691062720696e-28  5.032921222465584e-17  1.666274969032464e-04 -0.000000000000000e+00 
 3.235936569296248e+03  7.093141903303541e-28  4.918357949285064e-17  1.666279371461093e-04 -0.000000000000000e+00 
 3.311311214825875e+03  7.496728634818627e-28  4.806402454591404e-17  1.666283981247072e-04 -0.000000000000000e+00 
 3.388441561391989e+03  7.919303097215213e-28  4.696995378099409e-17  1.666288808150999e-04 -0.000000000000000e+00 
 3.467368504525279e+03  8.361756998936409e-28  4.590078710728946e-17  1.666293862392334e-04 -0.000000000000000e+00 
 3.548133892335716e+03  8.825023769122092e-28  4.485595763847768e-17  1.666299154670914e-04 -0.000000000000000e+00 
 3.630780547700973e+03  9.310080494528019e-28  4.383491139214441e-17  1.666304696189465e-04 -0.000000000000000e+00 
 3.715352290971684e+03  9.817965799707992e-28  4.283710699605466e-17  1.666310498677181e-04 -0.000000000000000e+00 
 3.801893963205570e+03  1.034971854524279e-27  4.186201540111012e-17  1.666316574414380e-04 -0.000000000000000e+00 
 3.890451449942763e+03  1.090647517159126e-27  4.090911960084026e-17  1.666322936258324e-04  4.000000000000000e+00 
 3.981071705534928e+03  1.148940859379085e-27  3.997791435727872e-17  1.666329597670233e-04  4.000000000000000e+00 
 4.073802778041082e+03  1.209974647634416e-27  3.906790593307937e-17  1.666336572743560e-04 -0.000000000000000e+00 
 4.168693834703307e+03  1.273877376258962e-27  3.817861182973029e-17  1.666343876233574e-04 -0.000000000000000e+00 
 4.265795188015879e+03  1.340783531837939e-27  3.730956053172667e-17  1.666351523588321e-04 -0.000000000000000e+00 
 4.365158322401610e+03  1.410833869498082e-27  3.646029125656702e-17  1.666359530981025e-04 -0.000000000000000e+00 
 4.466835921509581e+03  1.484176494228826e-27  3.563035371044021e-17  1.666367915343982e-04 -0.000000000000000e+00 
 4.570881896148699e+03  1.560963992151851e-27  3.481930784947374e-17  1.666376694404036e-04 -0.000000000000000e+00 
 4.677351412871929e+03  1.641358501371176e-27  3.402672364641664e-17  1.666385886719691e-04 -0.000000000000000e+00 
 4.786300923226329e+03  1.725528870792032e-27  3.325218086263334e-17  1.666395511719942e-04 -0.000000000000000e+00 
 4.897788193684407e+03  1.813651796684347e-27  3.249526882528752e-17  1.666405589744898e-04 -0.000000000000000e+00 
 5.011872336272666e+03  1.905913766864515e-27  3.175558620959807e-17  1.666416142088287e-04 -0.000000000000000e+00 
 5.128613839913590e+03  2.002505095938372e-27  3.103274082605123e-17  1.666427191041918e-04 -0.000000000000000e+00 
 5.248074602497666e+03  2.103629826908274e-27  3.032634941245662e-17  1.666438759942190e-04 -0.000000000000000e+00 
 5.370317963702466e+03  2.209499800107677e-27  2.963603743073648e-17  1.666450873218750e-04 -0.000000000000000e+00 
 5.495408738576182e+03  2.320336665069242e-27  2.896143886834074e-17  1.666463556445381e-04 -0.000000000000000e+00 
 5.623413251903426e+03  2.436373118356981e-27  2.830219604418219e-17  1.666476836393230e-04 -0.000000000000000e+00 
 5.754399373371502e+03  2.557850199099274e-27  2.765795941898928e-17  1.666490741086480e-04 -0.000000000000000e+00 
 5.888436553555821e+03  2.685022528094997e-27  2.702838740997579e-17  1.666505299860568e-04 -0.000000000000000e+00 
 6.025595860743507e+03  2.818156595010754e-27  2.641314620972913e-17  1.666520543423074e-04 -0.000000000000000e+00 
 6.165950018614749e+03  2.957528275703407e-27  2.581190960922115e-17  1.666536503917384e-04 -0.000000000000000e+00 
 6.309573444801857e+03  3.103429086570206e-27  2.522435882484791e-17  1.666553214989260e-04 -0.000000000000000e+00 
 6.456542290346478e+03  3.256164697959662e-27  2.465018232940629e-17  1.666570711856446e-04 -0.000000000000000e+00 
 6.606934480075881e+03  3.416049512160055e-27  2.408907568691819e-17  1.666589031381431e-04 -0.000000000000000e+00 
 6.760829753919737e+03  3.583417742339405e-27  2.354074139121457e-17  1.666608212147524e-04 -0.000000000000000e+00 
 6.918309709189281e+03  3.758618516277413e-27  2.300488870819367e-17  1.666628294538367e-04 -0.000000000000000e+00 
 7.079457843841294e+03  3.942012592776112e-27  2.248123352167000e-17  1.666649320821050e-04 -0.000000000000000e+00 
 7.244359600749813e+03  4.133982568983433e-27  2.196949818273218e-17  1.666671335232968e-04 -0.000000000000000e+00 
 7.413102413009085e+03  4.334924109558702e-27  2.146941136252975e-17  1.666694384072604e-04 -0.000000000000000e+00 
 7.585775750291745e+03  4.545253835958623e-27  2.098070790841109e-17  1.666718515794372e-04 -0.000000000000000e+00 
 7.762471166286822e+03  4.765407901493319e-27  2.050312870333593e-17  1.666743781107730e-04 -0.000000000000000e+00 
 7.943282347242717e+03  4.995837432477625e-27  2.003642052848808e-17  1.666770233080702e-04 -0.000000000000000e+00 
 8.128305161640892e+03  5.237021101841807e-27  1.958033592901547e-17  1.666797927248044e-04 -0.000000000000000e+00 
 8.317637711026608e+03  5.489451770037523e-27  1.913463308282632e-17  1.666826921724193e-04 -0.000000000000000e+00 
 8.511380382023659e+03  5.753648492456365e-27  1.869907567237181e-17  1.666857277321239e-04 -0.000000000000000e+00 
 8.709635899560699e+03  6.030155736720569e-27  1.827343275934744e-17  1.666889057672114e-04 -0.000000000000000e+00 
 8.912509381337344e+03  6.319537098313295e-27  1.785747866224647e-17  1.666922329359195e-04  8.000000000000000e+00 
 9.120108393558983e+03  6.622387412301872e-27  1.745099283670061e-17  1.666957162048571e-04 -0.000000000000000e+00 
 9.332543007969793e+03  6.939322746120653e-27  1.705375975854443e-17  1.666993628630169e-04 -0.000000000000000e+00 
 9.549925860214238e+03  7.270989421343255e-27  1.666556880954163e-17  1.667031805363999e-04 -0.000000000000000e+00 
 9.772372209557981e+03  7.618061364382353e-27  1.628621416571250e-17  1.667071772032746e-04 -0.000000000000000e+00 
 9.999999999999871e+03  7.981245407297264e-27  1.591549468820319e-17  1.667113612100954e-04 -0.000000000000000e+00 
 1.023292992280741e+04  8.361275398392610e-27  1.555321381663941e-17  1.667157412881065e-04 -0.000000000000000e+00 
 1.047128548050886e+04  8.758919007945090e-27  1.519917946490735e-17  1.667203265706575e-04 -0.000000000000000e+00 
 1.071519305237592e+04  9.174979037434791e-27  1.485320391930718e-17  1.667251266112562e-04 -0.000000000000000e+00 
 1.096478196143171e+04  9.610291608628765e-27  1.451510373902470e-17  1.667301514023875e-04  8.000000000000000e+00 
 1.122018454301949e+04  1.006572913778652e-26  1.418469965886864e-17  1.667354113951261e-04  8.000000000000000e+00 
 1.148153621496868e+04  1.054220429745949e-26  1.386181649422187e-17  1.667409175195709e-04 -0.000000000000000e+00 
 1.174897554939514e+04  1.104066674924056e-26  1.354628304815614e-17  1.667466812061307e-04 -0.000000000000000e+00 
 1.202264434617397e+04  1.156210718717012e-26  1.323793202066128e-17  1.667527144076916e-04 -0.000000000000000e+00 
 1.230268770812365e+04  1.210756125966299e-26  1.293659991994047e-17  1.667590296226948e-04 -0.000000000000000e+00 
 1.258925411794151e+04  1.267810484283018e-26  1.264212697572475e-17  1.667656399191563e-04 -0.000000000000000e+00 
 1.288249551693117e+04  1.327486135466423e-26  1.235435705456064e-17  1.667725589596586e-04 -0.000000000000000e+00 
 1.318256738556390e+04  1.389900420441006e-26  1.207313757702624e-17  1.667798010273457e-04  1.600000000000000e+01 
 1.348962882591636e+04  1.455174917511545e-26  1.179831943683146e-17  1.667873810529527e-04 -0.000000000000000e+00 
 1.380384264602866e+04  1.523437066747658e-26  1.152975692175998e-17  1.667953146428996e-04 -0.000000000000000e+00 
 1.412537544622735e+04  1.594818735532582e-26  1.126730763641065e-17  1.668036181084821e-04 -0.000000000000000e+00 
 1.445439770745908e+04  1.669457989205057e-26  1.101083242669762e-17  1.668123084961889e-04 -0.000000000000000e+00 
 1.479108388168187e+04  1.747498118531177e-26  1.076019530606890e-17  1.668214036191749e-04 -0.000000000000000e+00 
 1.513561248436188e+04  1.829088056897389e-26  1.051526338340461e-17  1.668309220899215e-04 -0.000000000000000e+00 
 1.548816618912460e+04  1.914383034074354e-26  1.027590679255621e-17  1.668408833541110e-04 -0.000000000000000e+00 
 1.584893192461092e+04  2.003544111093730e-26  1.004199862348989e-17  1.668513077257429e-04 -0.000000000000000e+00 
 1.621810097358908e+04  2.096738990575503e-26  9.813414854997033e-18  1.668622164235195e-04 -0.000000000000000e+00 
 1.659586907437538e+04  2.194141502335922e-26  9.590034288936650e-18  1.668736316085227e-04  1.600000000000000e+01 
 1.698243652461721e+04  2.295932739346576e-26  9.371738485974460e-18  1.668855764232069e-04 -0.000000000000000e+00 
 1.737800828749351e+04  2.402299907854397e-26  9.158411702784757e-18  1.668980750317272e-04  1.600000000000000e+01 
 1.778279410038898e+04  2.513437957328265e-26  8.949940830681823e-18  1.669111526616197e-04 -0.000000000000000e+00 
 1.819700858609958e+04  2.629548278262542e-26  8.746215335648141e-18  1.669248356468493e-04 -0.000000000000000e+00 
 1.862087136662842e+04  2.750840379097656e-26  8.547127199727826e-18  1.669391514722353e-04 -0.000000000000000e+00 
 1.905460717963221e+04  2.877530708250706e-26  8.352570863754043e-18  1.669541288192605e-04 -0.000000000000000e+00 
 1.949844599758018e+04  3.009843350379285e-26  8.162443171380151e-18  1.669697976132674e-04  1.600000000000000e+01 
 1.995262314968852e+04  3.148010220846779e-26  7.976643314384826e-18  1.669861890720360e-04  1.600000000000000e+01 
 2.041737944669501e+04  3.292271337328879e-26  7.795072779222186e-18  1.670033357557353e-04 -0.000000000000000e+00 
 2.089296130854010e+04  3.442873959413618e-26  7.617635294788609e-18  1.670212716182313e-04 -0.000000000000000e+00 
 2.137962089502202e+04  3.600073931782424e-26  7.444236781378512e-18  1.670400320597292e-04 -0.000000000000000e+00 
 2.187761623949522e+04  3.764134760160242e-26  7.274785300802016e-18  1.670596539807153e-04  1.600000000000000e+01 
 2.238721138568308e+04  3.935328115204142e-26  7.109191007638118e-18  1.670801758371599e-04 -0.000000000000000e+00 
 2.290867652767740e+04  4.113933441782925e-26  6.947366101597412e-18  1.671016376969279e-04 -0.000000000000000e+00 
 2.344228815319889e+04  4.300238015736526e-26  6.789224780969228e-18  1.671240812973344e-04 -0.000000000000000e+00 
 2.398832919019456e+04  4.494537331735936e-26  6.634683197128400e-18  1.671475501037701e-04 -0.000000000000000e+00 
 2.454708915684995e+04  4.697134115649785e-26  6.483659410077603e-18  1.671720893693065e-04 -0.000000000000000e+00 
 2.511886431509544e+04  4.908338548197646e-26  6.336073345001670e-18  1.671977461951770e-04 -0.000000000000000e+00 
 2.570395782768826e+04  5.128468099214458e-26  6.191846749810842e-18  1.672245695920130e-04 -0.000000000000000e+00 
 2.630267991895344e+04  5.357846904977776e-26  6.050903153650460e-18  1.672526105416947e-04 -0.000000000000000e+00 
 2.691534803926876e+04  5.596805568770858e-26  5.913167826355083e-18  1.672819220596601e-04 -0.000000000000000e+00 
 2.754228703338126e+04  5.845680379935569e-26  5.778567738825549e-18  1.673125592574903e-04 -0.000000000000000e+00 
 2.818382931264412e+04  6.104813216880411e-26  5.647031524307956e-18  1.673445794055694e-04  3.200000000000000e+01 
 2.884031503126564e+04  6.374550043382280e-26  5.518489440554047e-18  1.673780419955904e-04 -0.000000000000000e+00 
 2.951209226666342e+04  6.655241245635005e-26  5.392873332842909e-18  1.674130088026519e-04  3.200000000000000e+01 
 3.019951720401971e+04  6.947239487766920e-26  5.270116597844434e-18  1.674495439466636e-04 -0.000000000000000e+00 
 3.090295432513544e+04  7.250899536577543e-26  5.150154148305302e-18  1.674877139527434e-04 -0.000000000000000e+00 
 3.162277660168332e+04  7.566576479396775e-26  5.032922378538850e-18  1.675275878102602e-04  3.200000000000000e+01 
 3.235936569296234e+04  7.894624718601451e-26  4.918359130700458e-18  1.675692370301376e-04  3.200000000000000e+01 
 3.311311214825861e+04  8.235396135097371e-26  4.806403661830605e-18  1.676127356999989e-04 -0.000000000000000e+00 
 3.388441561391974e+04  8.589238392002977e-26  4.696996611648112e-18  1.676581605366915e-04  3.200000000000000e+01 
 3.467368504525264e+04  8.956493019628950e-26  4.590079971076515e-18  1.677055909356884e-04  3.200000000000000e+01 
 3.548133892335701e+04  9.337493093492597e-26  4.485597051486837e-18  1.677551090168183e-04  3.200000000000000e+01 
 3.630780547700958e+04  9.732560806742254e-26  4.383492454640501e-18  1.678067996657320e-04  3.200000000000000e+01 
 3.715352290971669e+04  1.014200454652263e-25  4.283712043316397e-18  1.678607505704610e-04  3.200000000000000e+01 
 3.801893963205554e+04  1.056611618325660e-25  4.186202912606590e-18  1.679170522523758e-04 -0.000000000000000e+00 
 3.890451449942747e+04  1.100516718812178e-25  4.090913361865379e-18  1.679757980907973e-04  3.200000000000000e+01 
 3.981071705534912e+04  1.145940510878036e-25  3.997792867296905e-18  1.680370843404637e-04 -0.000000000000000e+00 
 4.073802778041065e+04  1.192904948695772e-25  3.906792055166702e-18  1.681010101409950e-04 -0.000000000000000e+00 
 4.168693834703290e+04  1.241428715877755e-25  3.817862675623064e-18  1.681676775174484e-04 -0.000000000000000e+00 
 4.265795188015862e+04  1.291526740521953e-25  3.730957577114272e-18  1.682371913709928e-04 -0.000000000000000e+00 
 4.365158322401593e+04  1.343209601165475e-25  3.646030681388180e-18  1.683096594586827e-04 -0.000000000000000e+00 
 4.466835921509562e+04  1.396482955952199e-25  3.563036959060858e-18  1.683851923612487e-04 -0.000000000000000e+00 
 4.570881896148680e+04  1.451346895739307e-25  3.481932405741373e-18  1.684639034377730e-04 -0.000000000000000e+00 
 4.677351412871909e+04  1.507795181667193e-25  3.402674018700021e-18  1.685459087660623e-04 -0.000000000000000e+00 
 4.786300923226309e+04  1.565814502417901e-25  3.325219774067666e-18  1.686313270674823e-04 -0.000000000000000e+00 
 4.897788193684386e+04  1.625383596965862e-25  3.249528604554072e-18  1.687202796149753e-04 -0.000000000000000e+00 
 5.011872336272644e+04  1.686472289933942e-25  3.175560377673422e-18  1.688128901229378e-04 -0.000000000000000e+00 
 5.128613839913568e+04  1.749040613688116e-25  3.103275874465508e-18  1.689092846176058e-04 -0.000000000000000e+00 
 5.248074602497643e+04  1.813037560788924e-25  3.032636768701249e-18  1.690095912865695e-04 -0.000000000000000e+00 
 5.370317963702443e+04  1.878400037981054e-25  2.963605606561573e-18  1.691139403060204e-04 -0.000000000000000e+00 
 5.495408738576159e+04  1.945051549227448e-25  2.896145786778859e-18  1.692224636443331e-04 -0.000000000000000e+00 
 5.623413251903402e+04  2.012900801887882e-25  2.830221541230405e-18  1.693352948405902e-04 -0.000000000000000e+00 
 5.754399373371479e+04  2.081840304594908e-25  2.765797915973655e-18  1.694525687566800e-04 -0.000000000000000e+00 
 5.888436553555797e+04  2.151744772131949e-25  2.702840752713108e-18  1.695744213016429e-04 -0.000000000000000e+00 
 6.025595860743483e+04  2.222469441091808e-25  2.641316670689096e-18  1.697009891269930e-04 -0.000000000000000e+00 
 6.165950018614724e+04  2.293848265361936e-25  2.581193048978830e-18  1.698324092918288e-04 -0.000000000000000e+00 
 6.309573444801832e+04  2.365692016995490e-25  2.522438009200322e-18  1.699688188966451e-04 -0.000000000000000e+00 
 6.456542290346453e+04  2.437786220893110e-25  2.465020398610014e-18  1.701103546848906e-04 -0.000000000000000e+00 
 6.606934480075855e+04  2.509888998228627e-25  2.408909773585166e-18  1.702571526114689e-04 -0.000000000000000e+00 
 6.760829753919710e+04  2.581728792832431e-25  2.354076383482227e-18  1.704093473775690e-04 -0.000000000000000e+00 
 6.918309709189254e+04  2.653001852817504e-25  2.300491154862646e-18  1.705670719314265e-04 -0.000000000000000e+00 
 7.079457843841266e+04  2.723369750372181e-25  2.248125676077756e-18  1.707304569348679e-04 -0.000000000000000e+00 
 7.244359600749785e+04  2.792456588031861e-25  2.196952182204551e-18  1.708996301957756e-04 -0.000000000000000e+00 
 7.413102413009056e+04  2.859846179160733e-25  2.146943540324389e-18  1.710747160669284e-04 -0.000000000000000e+00 
 7.585775750291716e+04  2.925079066973929e-25  2.098073235136790e-18  1.712558348120294e-04  6.400000000000000e+01 
 7.762471166286792e+04  2.987649333288379e-25  2.050315354900735e-18  1.714431019401246e-04 -0.000000000000000e+00 
 7.943282347242687e+04  3.047001394925694e-25  2.003644577695971e-18  1.716366275100371e-04 -0.000000000000000e+00 
 8.128305161640861e+04  3.102526508403005e-25  1.958036157997090e-18  1.718365154069058e-04 -0.000000000000000e+00 
 8.317637711026576e+04  3.153559295605053e-25  1.913465913553219e-18  1.720428625934015e-04 -0.000000000000000e+00 
 8.511380382023628e+04  3.199374015765895e-25  1.869910212566392e-18  1.722557583387128e-04  6.400000000000000e+01 
 8.709635899560666e+04  3.239180791553528e-25  1.827345961161799e-18  1.724752834289332e-04 -0.000000000000000e+00 
 8.912509381337311e+04  3.272121699522656e-25  1.785750591143262e-18  1.727015093630376e-04 -0.000000000000000e+00 
 9.120108393558950e+04  3.297266743548206e-25  1.745102048027476e-18  1.729344975392044e-04 -0.000000000000000e+00 
 9.332543007969759e+04  3.313609721783689e-25  1.705378779350628e-18  1.731742984368112e-04 -0.000000000000000e+00 
 9.549925860214204e+04  3.320064041833075e-25  1.666559723241230e-18  1.734209507999973e-04 -0.000000000000000e+00 
 9.772372209557948e+04  3.315458482123933e-25  1.628624297253098e-18  1.736744808292366e-04 -0.000000000000000e+00 
 9.999999999999837e+04  3.298532752645384e-25  1.591552387452549e-18  1.739349013878878e-04 -0.000000000000000e+00 
 1.023292992280737e+05  3.267933239874903e-25  1.555324337754041e-18  1.742022112311752e-04 -0.000000000000000e+00 
 1.047128548050882e+05  3.222208540897795e-25  1.519920939498596e-18  1.744763942654833e-04 -0.000000000000000e+00 
 1.071519305237589e+05  3.159805016961401e-25  1.485323421269484e-18  1.747574188462245e-04 -0.000000000000000e+00 
 1.096478196143167e+05  3.079062452997356e-25  1.451513438939768e-18  1.750452371228248e-04 -0.000000000000000e+00 
 1.122018454301945e+05  2.978209597246179e-25  1.418473065946431e-18  1.753397844395764e-04 -0.000000000000000e+00 
 1.148153621496864e+05  2.855359866717251e-25  1.386184783785929e-18  1.756409788012030e-04 -0.000000000000000e+00 
 1.174897554939510e+05  2.708507039730239e-25  1.354631472726129e-18  1.759487204119631e-04 -0.000000000000000e+00 
 1.202264434617393e+05  2.535521068514328e-25  1.323796402729715e-18  1.762628912969692e-04 -0.000000000000000e+00 
 1.230268770812361e+05  2.334143919833334e-25  1.293663224584232e-18  1.765833550141198e-04 -0.000000000000000e+00 
 1.258925411794146e+05  2.101985605214785e-25  1.264215961234082e-18  1.769099564646103e-04 -0.000000000000000e+00 
 1.288249551693113e+05  1.836520332997294e-25  1.235438999309860e-18  1.772425218094152e-04 -0.000000000000000e+00 
 1.318256738556385e+05  1.535082736823115e-25  1.207317080850547e-18  1.775808584984076e-04 -0.000000000000000e+00 
 1.348962882591631e+05  1.194864270431094e-25  1.179835295214166e-18  1.779247554179015e-04 -0.000000000000000e+00 
 1.380384264602862e+05  8.129098366773612e-26  1.152979071172608e-18  1.782739831613879e-04 -0.000000000000000e+00 
 1.412537544622731e+05  3.861144953241999e-26  1.126734169186438e-18  1.786282944270719e-04 -0.000000000000000e+00 
 1.445439770745904e+05 -8.877961046131405e-27  1.101086673855577e-18  1.789874245445422e-04  1.280000000000000e+02 
 1.479108388168183e+05 -6.151862056149911e-26  1.076022986541870e-18  1.793510921315131e-04 -0.000000000000000e+00 
 1.513561248436183e+05 -1.196677571998523e-25  1.051529818159599e-18  1.797189998801031e-04  1.280000000000000e+02 
 1.548816618912456e+05 -1.836987228169823e-25  1.027594182130147e-18  1.800908354705707e-04 -0.000000000000000e+00 
 1.584893192461087e+05 -2.540012260930836e-25  1.004203387497055e-18  1.804662726088502e-04  1.280000000000000e+02 
 1.621810097358903e+05 -3.309815729726468e-25  9.813450321978246e-19  1.808449721826339e-04 -0.000000000000000e+00 
 1.659586907437533e+05 -4.150628811716296e-25  9.590069964889004e-19  1.812265835291791e-04  1.280000000000000e+02 
 1.698243652461716e+05 -5.066852825384229e-25  9.371774365203446e-19  1.816107458064901e-04 -0.000000000000000e+00 
 1.737800828749346e+05 -6.063061316292494e-25  9.158447780567836e-19  1.819970894580907e-04 -0.000000000000000e+00 
 1.778279410038893e+05 -7.144001946018918e-25  8.949977103413197e-19  1.823852377602679e-04 -0.000000000000000e+00 
 1.819700858609953e+05 -8.314598418967855e-25  8.746251800991314e-19  1.827748084394814e-04  1.280000000000000e+02 
 1.862087136662836e+05 -9.579952391402491e-25  8.547163856775976e-19  1.831654153466134e-04 -0.000000000000000e+00 
 1.905460717963215e+05 -1.094534542835415e-24  8.352607713198261e-19  1.835566701738973e-04 -0.000000000000000e+00 
 1.949844599758012e+05 -1.241624097165672e-24  8.162480215685716e-19  1.839481841997472e-04 -0.000000000000000e+00 
 1.995262314968846e+05 -1.399828647213791e-24  7.976680557975538e-19  1.843395700463063e-04 -0.000000000000000e+00 
 2.041737944669495e+05 -1.569731554246664e-24  7.795110228672944e-19  1.847304434343683e-04 -0.000000000000000e+00 
 2.089296130854004e+05 -1.751935035298183e-24  7.617672959026361e-19  1.851204249203968e-04 -0.000000000000000e+00 
 2.137962089502196e+05 -1.947060408470080e-24  7.444274671891801e-19  1.855091416006701e-04 -0.000000000000000e+00 
 2.187761623949515e+05 -2.155748365955496e-24  7.274823431859359e-19  1.858962287681141e-04 -0.000000000000000e+00 
 2.238721138568301e+05 -2.378659262339468e-24  7.109229396515463e-19  1.862813315081324e-04 -0.000000000000000e+00 
 2.290867652767734e+05 -2.616473427774181e-24  6.947404768815079e-19  1.866641062206877e-04 -0.000000000000000e+00 
 2.344228815319882e+05 -2.869891497205545e-24  6.789263750538668e-19  1.870442220570147e-04 -0.000000000000000e+00 
 2.398832919019449e+05 -3.139634768129769e-24  6.634722496809253e-19  1.874213622606125e-04 -0.000000000000000e+00 
 2.454708915684988e+05 -3.426445578972118e-24  6.483699071645524e-19  1.877952254035701e-04  2.560000000000000e+02 
 2.511886431509537e+05 -3.731087704427231e-24  6.336113404527552e-19  1.881655265107630e-04 -0.000000000000000e+00 
 2.570395782768819e+05 -4.054346772630021e-24  6.191887247952030e-19  1.885319980660216e-04 -0.000000000000000e+00 
 2.630267991895336e+05 -4.397030698164072e-24  6.050944135954675e-19  1.888943908959552e-04 -0.000000000000000e+00 
 2.691534803926869e+05 -4.759970127045261e-24  5.913209343577826e-19  1.892524749287087e-04 -0.000000000000000e+00 
 2.754228703338119e+05 -5.144018885857348e-24  5.778609847261882e-19  1.896060398264956e-04 -0.000000000000000e+00 
 2.818382931264405e+05 -5.550054444904373e-24  5.647074286139421e-19  1.899548954922597e-04 -0.000000000000000e+00 
 2.884031503126556e+05 -5.978978367069196e-24  5.518532924211857e-19  1.902988724522565e-04 -0.000000000000000e+00 
 2.951209226666334e+05 -6.431716753819721e-24  5.392917613388359e-19  1.906378221176845e-04  2.560000000000000e+02 
 3.019951720401964e+05 -6.909220675887207e-24  5.270161757367581e-19  1.909716169297165e-04  2.560000000000000e+02 
 3.090295432513537e+05 -7.412466571373672e-24  5.150200276343203e-19  1.913001503933835e-04 -0.000000000000000e+00 
 3.162277660168324e+05 -7.942456620897129e-24  5.032969572514362e-19  1.916233370067148e-04 -0.000000000000000e+00 
 3.235936569296226e+05 -8.500219069359610e-24  4.918407496383000e-19  1.919411120923574e-04 -0.000000000000000e+00 
 3.311311214825853e+05 -9.086808498343201e-24  4.806453313820082e-19  1.922534315395589e-04 -0.000000000000000e+00 
 3.388441561391967e+05 -9.703306031575572e-24  4.697047673883333e-19  1.925602714649182e-04 -0.000000000000000e+00 
 3.467368504525256e+05 -1.035081946404217e-23  4.590132577369394e-19  1.928616278006865e-04  2.560000000000000e+02 
 3.548133892335693e+05 -1.103048329650704e-23  4.485651346083835e-19  1.931575158196305e-04  2.560000000000000e+02 
 3.630780547700950e+05 -1.174345866989921e-23  4.383548592812572e-19  1.934479696055839e-04 -0.000000000000000e+00 
 3.715352290971660e+05 -1.249093318178484e-23  4.283770191978802e-19  1.937330414787921e-04 -0.000000000000000e+00 
 3.801893963205545e+05 -1.327412056842548e-23  4.186263250969958e-19  1.940128013850378e-04 -0.000000000000000e+00 
 3.890451449942738e+05 -1.409426023755370e-23  4.090976082119358e-19  1.942873362573058e-04 -0.000000000000000e+00 
 3.981071705534903e+05 -1.495261664150264e-23  3.997858175327603e-19  1.945567493584462e-04 -0.000000000000000e+00 
 4.073802778041056e+05 -1.585047846859112e-23  3.906860171309213e-19  1.948211596129104e-04 -0.000000000000000e+00 
 4.168693834703281e+05 -1.678915763652593e-23  3.817933835450247e-19  1.950807009351995e-04 -0.000000000000000e+00 
 4.265795188015852e+05 -1.776998807542067e-23  3.731032032262864e-19  1.953355215621749e-04 -0.000000000000000e+00 
 4.365158322401583e+05 -1.879432427993246e-23  3.646108700423208e-19  1.955857833958665e-04 -0.000000000000000e+00 
 4.466835921509552e+05 -1.986353961335687e-23  3.563118828379294e-19  1.958316613628602e-04 -0.000000000000000e+00 
 4.570881896148669e+05 -2.097902434850746e-23  3.482018430515722e-19  1.960733427957988e-04 -0.000000000000000e+00 
 4.677351412871899e+05 -2.214218342657697e-23  3.402764523862491e-19  1.963110268419602e-04  5.120000000000000e+02 
 4.786300923226299e+05 -2.335443391837752e-23  3.325315105335329e-19  1.965449239033251e-04 -0.000000000000000e+00 
 4.897788193684375e+05 -2.461720217063886e-23  3.249629129495279e-19  1.967752551119997e-04 -0.000000000000000e+00 
 5.011872336272634e+05 -2.593192062564823e-23  3.175666486815444e-19  1.970022518443363e-04 -0.000000000000000e+00 
 5.128613839913558e+05 -2.730002429083898e-23  3.103387982443320e-19  1.972261552765905e-04 -0.000000000000000e+00 
 5.248074602497633e+05 -2.872294685816685e-23  3.032755315446831e-19  1.974472159844854e-04 -0.000000000000000e+00 
 5.370317963702432e+05 -3.020211644803669e-23  2.963731058533102e-19  1.976656935886119e-04 -0.000000000000000e+00 
 5.495408738576148e+05 -3.173895097643962e-23  2.896278638228669e-19  1.978818564471931e-04  5.120000000000000e+02 
 5.623413251903391e+05 -3.333485313255249e-23  2.830362315510358e-19  1.980959813973719e-04  5.120000000000000e+02 
 5.754399373371467e+05 -3.499120496144551e-23  2.765947166876182e-19  1.983083535458556e-04 -0.000000000000000e+00 
 5.888436553555785e+05 -3.670936204602873e-23  2.702999065845883e-19  1.985192661094602e-04  5.120000000000000e+02 
 6.025595860743470e+05 -3.849064730412214e-23  2.641484664880528e-19  1.987290203058474e-04 -0.000000000000000e+00 
 6.165950018614712e+05 -4.033634436925370e-23  2.581371377711900e-19  1.989379252945338e-04 -0.000000000000000e+00 
 6.309573444801820e+05 -4.224769060029516e-23  2.522627362071035e-19  1.991462981680753e-04 -0.000000000000000e+00 
 6.456542290346441e+05 -4.422586970932491e-23  2.465221502806748e-19  1.993544639931906e-04  5.120000000000000e+02 
 6.606934480075843e+05 -4.627200402323295e-23  2.409123395384732e-19  1.995627559014746e-04 -0.000000000000000e+00 
 6.760829753919698e+05 -4.838714641294266e-23  2.354303329757705e-19  1.997715152292805e-04 -0.000000000000000e+00 
 6.918309709189242e+05 -5.057227189955123e-23  2.300732274597954e-19  1.999810917062973e-04 -0.000000000000000e+00 
 7.079457843841253e+05 -5.282826898139005e-23  2.248381861883152e-19  2.001918436923288e-04 -0.000000000000000e+00 
 7.244359600749771e+05 -5.515593071560205e-23  2.197224371826888e-19  2.004041384617822e-04  5.120000000000000e+02 
 7.413102413009043e+05 -5.755594559704597e-23  2.147232718145536e-19  2.006183525353983e-04 -0.000000000000000e+00 
 7.585775750291703e+05 -6.002888828115206e-23  2.098380433653218e-19  2.008348720587958e-04 -0.000000000000000e+00 
 7.762471166286779e+05 -6.257521021194806e-23  2.050641656176805e-19  2.010540932274678e-04 -0.000000000000000e+00 
 7.943282347242674e+05 -6.519523021897245e-23  2.003991114783081e-19  2.012764227579385e-04 -0.000000000000000e+00 
 8.128305161640848e+05 -6.788912514606664e-23  1.958404116310596e-19  2.015022784048787e-04 -0.000000000000000e+00 
 8.317637711026561e+05 -7.065692059121918e-23  1.913856532198742e-19  2.017320895240798e-04 -0.000000000000000e+00 
 8.511380382023612e+05 -7.349848182979457e-23  1.870324785607067e-19  2.019662976812936e-04 -0.000000000000000e+00 
 8.709635899560649e+05 -7.641350502014071e-23  1.827785838817640e-19  2.022053573070616e-04  1.024000000000000e+03 
 8.912509381337294e+05 -7.940150877136139e-23  1.786217180913993e-19  2.024497363977876e-04 -0.000000000000000e+00 
 9.120108393558932e+05 -8.246182616552198e-23  1.745596815730229e-19  2.026999172634300e-04  1.024000000000000e+03 
 9.332543007969741e+05 -8.559359734366929e-23  1.705903250063878e-19  2.029563973223324e-04 -0.000000000000000e+00 
 9.549925860214186e+05 -8.879576271734782e-23  1.667115482147180e-19  2.032196899438464e-04 -0.000000000000000e+00 
 9.772372209557928e+05 -9.206705697992339e-23  1.629212990369865e-19  2.034903253395463e-04 -0.000000000000000e+00 
 9.999999999999817e+05 -9.540600390499474e-23  1.592175722249813e-19  2.037688515039769e-04 -0.000000000000000e+00 
 1.023292992280735e+06 -9.881091213172032e-23  1.555984083644724e-19  2.040558352060309e-04 -0.000000000000000e+00 
 1.047128548050880e+06 -1.022798719625281e-22  1.520618928200926e-19  2.043518630321960e-04 -0.000000000000000e+00 
 1.071519305237587e+06 -1.058107532823978e-22  1.486061547034318e-19  2.046575424830707e-04 -0.000000000000000e+00 
 1.096478196143165e+06 -1.094012046697669e-22  1.452293658639096e-19  2.049735031246990e-04  1.024000000000000e+03 
 1.122018454301943e+06 -1.130486537810081e-22  1.419297399019938e-19  2.053003977964350e-04  1.024000000000000e+03 
 1.148153621496861e+06 -1.167503090400842e-22  1.387055312044040e-19  2.056389038772045e-04 -0.000000000000000e+00 
 1.174897554939508e+06 -1.205031627092419e-22  1.355550340008838e-19  2.059897246121969e-04 -0.000000000000000e+00 
 1.202264434617390e+06 -1.243039953455330e-22  1.324765814422244e-19  2.063535905021815e-04 -0.000000000000000e+00 
 1.230268770812358e+06 -1.281493816932235e-22  1.294685446991573e-19  2.067312607578132e-04  1.024000000000000e+03 
 1.258925411794143e+06 -1.320356979584835e-22  1.265293320818639e-19  2.071235248214609e-04 -0.000000000000000e+00 
 1.288249551693110e+06 -1.359591305270965e-22  1.236573881796958e-19  2.075312039592687e-04  1.024000000000000e+03 
 1.318256738556382e+06 -1.399156860049841e-22  1.208511930209163e-19  2.079551529263353e-04 -0.000000000000000e+00 
 1.348962882591628e+06 -1.439012025981762e-22  1.181092612520849e-19  2.083962617080833e-04 -0.000000000000000e+00 
 1.380384264602859e+06 -1.479113627332248e-22  1.154301413368427e-19  2.088554573410724e-04 -0.000000000000000e+00 
 1.412537544622727e+06 -1.519417068259582e-22  1.128124147738171e-19  2.093337058167079e-04 -0.000000000000000e+00 
 1.445439770745900e+06 -1.559876481154782e-22  1.102546953333461e-19  2.098320140714890e-04 -0.000000000000000e+00 
 1.479108388168179e+06 -1.600444884242262e-22  1.077556283127589e-19  2.103514320676493e-04 -0.000000000000000e+00 
 1.513561248436179e+06 -1.641074347040678e-22  1.053138898099340e-19  2.108930549682470e-04 -0.000000000000000e+00 
 1.548816618912452e+06 -1.681716162777698e-22  1.029281860147823e-19  2.114580254109865e-04 -0.000000000000000e+00 
 1.584893192461083e+06 -1.722321025310692e-22  1.005972525184476e-19  2.120475358852690e-04 -0.000000000000000e+00 
 1.621810097358899e+06 -1.762839209624046e-22  9.831985363983696e-20  2.126628312172114e-04 -0.000000000000000e+00 
 1.659586907437529e+06 -1.803220753910997e-22  9.609478176918949e-20  2.133052111676050e-04 -0.000000000000000e+00 
 1.698243652461712e+06 -1.843415641645398e-22  9.392085672833747e-20  2.139760331480440e-04 -0.000000000000000e+00 
 1.737800828749342e+06 -1.883373981333828e-22  9.179692514736358e-20  2.146767150607064e-04 -0.000000000000000e+00 
 1.778279410038889e+06 -1.923046183469101e-22  8.972185985718351e-20  2.154087382675448e-04 -0.000000000000000e+00 
 1.819700858609949e+06 -1.962383131415665e-22  8.769455929782848e-20  2.161736506949243e-04 -0.000000000000000e+00 
 1.862087136662832e+06 -2.001336346025611e-22  8.571394694191967e-20  2.169730700800349e-04 -0.000000000000000e+00 
 1.905460717963211e+06 -2.039858141484425e-22  8.377897073303054e-20  2.178086873657134e-04  2.048000000000000e+03 
 1.949844599758008e+06 -2.077901771652173e-22  8.188860253847989e-20  2.186822702506261e-04  2.048000000000000e+03 
 1.995262314968841e+06 -2.115421565430462e-22  8.004183761616712e-20  2.195956669020938e-04 -0.000000000000000e+00 
 2.041737944669490e+06 -2.152373049445579e-22  7.823769409508245e-20  2.205508098391863e-04 -0.000000000000000e+00 
 2.089296130853999e+06 -2.188713058496668e-22  7.647521246896743e-20  2.215497199940753e-04 -0.000000000000000e+00 
 2.137962089502191e+06 -2.224399831399835e-22  7.475345510283137e-20  2.225945109600084e-04 -0.000000000000000e+00 
 2.187761623949510e+06 -2.259393092665928e-22  7.307150575182723e-20  2.236873934346635e-04 -0.000000000000000e+00 
 2.238721138568296e+06 -2.293654119511613e-22  7.142846909208192e-20  2.248306798680494e-04 -0.000000000000000e+00 
 2.290867652767729e+06 -2.327145793148588e-22  6.982347026313061e-20  2.260267893245520e-04 -0.000000000000000e+00 
 2.344228815319877e+06 -2.359832635446489e-22  6.825565442147155e-20  2.272782525691726e-04 -0.000000000000000e+00 
 2.398832919019444e+06 -2.391680829923419e-22  6.672418630493057e-20  2.285877173884753e-04 -0.000000000000000e+00 
 2.454708915684983e+06 -2.422658228526039e-22  6.522824980737378e-20  2.299579541572519e-04 -0.000000000000000e+00 
 2.511886431509531e+06 -2.452734342740938e-22  6.376704756352120e-20  2.313918616624298e-04  2.048000000000000e+03 
 2.570395782768813e+06 -2.481880322126617e-22  6.233980054334515e-20  2.328924731962848e-04 -0.000000000000000e+00 
 2.630267991895330e+06 -2.510068917933784e-22  6.094574765590037e-20  2.344629629315890e-04  2.048000000000000e+03 
 2.691534803926863e+06 -2.537274435176844e-22  5.958414536210229e-20  2.361066525919183e-04 -0.000000000000000e+00 
 2.754228703338112e+06 -2.563472672093005e-22  5.825426729626129e-20  2.378270184309569e-04  2.048000000000000e+03 
 2.818382931264398e+06 -2.588640848667288e-22  5.695540389603520e-20  2.396276985353045e-04  2.048000000000000e+03 
 2.884031503126549e+06 -2.612757524919818e-22  5.568686204054179e-20  2.415125004659611e-04 -0.000000000000000e+00 
 2.951209226666328e+06 -2.635802510115067e-22  5.444796469636487e-20  2.434854092543958e-04 -0.000000000000000e+00 
 3.019951720401957e+06 -2.657756763151109e-22  5.323805057125356e-20  2.455505957698579e-04 -0.000000000000000e+00 
 3.090295432513529e+06 -2.678602285803597e-22  5.205647377525297e-20  2.477124254753853e-04 -0.000000000000000e+00 
 3.162277660168317e+06 -2.698322009285414e-22  5.090260348908618e-20  2.499754675908046e-04 -0.000000000000000e+00 
 3.235936569296218e+06 -2.716899675182139e-22  4.977582363958709e-20  2.523445046819064e-04 -0.000000000000000e+00 
 3.311311214825845e+06 -2.734319711439520e-22  4.867553258201584e-20  2.548245426958921e-04 -0.000000000000000e+00 
 3.388441561391958e+06 -2.750567104494903e-22  4.760114278907913e-20  2.574208214642014e-04 -0.000000000000000e+00 
 3.467368504525247e+06 -2.765627267758588e-22  4.655208054652809e-20  2.601388256948398e-04 -0.000000000000000e+00 
 3.548133892335684e+06 -2.779485907874918e-22  4.552778565515870e-20  2.629842964774405e-04  4.096000000000000e+03 
 3.630780547700941e+06 -2.792128888882159e-22  4.452771113910734e-20  2.659632433254565e-04 -0.000000000000000e+00 
 3.715352290971651e+06 -2.803542094570603e-22  4.355132296032734e-20  2.690819567811050e-04 -0.000000000000000e+00 
 3.801893963205536e+06 -2.813711290412031e-22  4.259809973909641e-20  2.723470216099990e-04  4.096000000000000e+03 
 3.890451449942728e+06 -2.822621984570926e-22  4.166753248048381e-20  2.757653306137923e-04 -0.000000000000000e+00 
 3.981071705534893e+06 -2.830259288900556e-22  4.075912430665307e-20  2.793440990906409e-04 -0.000000000000000e+00 
 4.073802778041046e+06 -2.836607779777668e-22  3.987239019491985e-20  2.830908799748589e-04 -0.000000000000000e+00 
 4.168693834703270e+06 -2.841651359868070e-22  3.900685672144100e-20  2.870135796888302e-04 -0.000000000000000e+00 
 4.265795188015841e+06 -2.845373119608412e-22  3.816206181049554e-20  2.911204747420334e-04 -0.000000000000000e+00 
 4.365158322401572e+06 -2.847755199504252e-22  3.733755448923504e-20  2.954202291139674e-04 -0.000000000000000e+00 
 4.466835921509542e+06 -2.848778653322243e-22  3.653289464782016e-20  2.999219124598125e-04 -0.000000000000000e+00 
 4.570881896148658e+06 -2.848423311411643e-22  3.574765280488779e-20  3.046350191798871e-04  4.096000000000000e+03 
 4.677351412871888e+06 -2.846667644541997e-22  3.498140987825270e-20  3.095694883963499e-04  4.096000000000000e+03 
 4.786300923226287e+06 -2.843488628607065e-22  3.423375696075260e-20  3.147357248831384e-04 -0.000000000000000e+00 
 4.897788193684363e+06 -2.838861608849432e-22  3.350429510119571e-20  3.201446209979296e-04 -0.000000000000000e+00 
 5.011872336272622e+06 -2.832760164530791e-22  3.279263509030009e-20  3.258075796678805e-04  4.096000000000000e+03 
 5.128613839913545e+06 -2.825155973059787e-22  3.209839725157139e-20  3.317365384841532e-04 -0.000000000000000e+00 
 5.248074602497620e+06 -2.816018673771098e-22  3.142121123703017e-20  3.379439949637735e-04  4.096000000000000e+03 
 5.370317963702418e+06 -2.805315730841507e-22  3.076071582772067e-20  3.444430330410984e-04  4.096000000000000e+03 
 5.495408738576134e+06 -2.793012294763143e-22  3.011655873893220e-20  3.512473508554426e-04  4.096000000000000e+03 
 5.623413251903377e+06 -2.779071062470349e-22  2.948839643004708e-20  3.583712899058143e-04 -0.000000000000000e+00 
 5.754399373371452e+06 -2.763452135222147e-22  2.887589391895426e-20  3.658298656487255e-04 -0.000000000000000e+00 
 5.888436553555770e+06 -2.746112874325622e-22  2.827872460094291e-20  3.736387996203590e-04 -0.000000000000000e+00 
 6.025595860743455e+06 -2.727007753620222e-22  2.769657007201804e-20  3.818145531703184e-04 -0.000000000000000e+00 
 6.165950018614695e+06 -2.706088208656934e-22  2.712911995655539e-20  3.903743629005591e-04 -0.000000000000000e+00 
 6.309573444801803e+06 -2.683302482259043e-22  2.657607173922085e-20  3.993362779102119e-04 -0.000000000000000e+00 
 6.456542290346422e+06 -2.658595464996511e-22  2.603713060110237e-20  4.087191989546757e-04 -0.000000000000000e+00 
 6.606934480075824e+06 -2.631908531059119e-22  2.551200925996137e-20  4.185429196358946e-04 -0.000000000000000e+00 
 6.760829753919679e+06 -2.603179368312924e-22  2.500042781454724e-20  4.288281697500137e-04 -0.000000000000000e+00 
 6.918309709189222e+06 -2.572341802150915e-22  2.450211359290069e-20  4.395966609287713e-04 -0.000000000000000e+00 
 7.079457843841233e+06 -2.539325611824046e-22  2.401680100458914e-20  4.508711347223214e-04 -0.000000000000000e+00 
 7.244359600749752e+06 -2.504056339751874e-22  2.354423139678457e-20  4.626754132833728e-04 -0.000000000000000e+00 
 7.413102413009022e+06 -2.466455091967007e-22  2.308415291413725e-20  4.750344528261879e-04 -0.000000000000000e+00 
 7.585775750291681e+06 -2.426438329224885e-22  2.263632036237217e-20  4.879744000487831e-04  8.192000000000000e+03 
 7.762471166286756e+06 -2.383917647599013e-22  2.220049507554741e-20  5.015226517229390e-04 -0.000000000000000e+00 
 7.943282347242650e+06 -2.338799548862185e-22  2.177644478689107e-20  5.157079176746935e-04 -0.000000000000000e+00 
 8.128305161640823e+06 -2.290985198105309e-22  2.136394350317607e-20  5.305602873975268e-04 -0.000000000000000e+00 
 8.317637711026536e+06 -2.240370167693368e-22  2.096277138256284e-20  5.461113005620102e-04  8.192000000000000e+03 
 8.511380382023586e+06 -2.186844168484056e-22  2.057271461581868e-20  5.623940217092295e-04 -0.000000000000000e+00 
 8.709635899560623e+06 -2.130290763413767e-22  2.019356531089473e-20  5.794431194411837e-04 -0.000000000000000e+00 
 8.912509381337266e+06 -2.070587065885004e-22  1.982512138074532e-20  5.972949504493794e-04 -0.000000000000000e+00 
 9.120108393558905e+06 -2.007603418947474e-22  1.946718643435273e-20  6.159876487537325e-04 -0.000000000000000e+00 
 9.332543007969713e+06 -1.941203055095570e-22  1.911956967086931e-20  6.355612205573770e-04 -0.000000000000000e+00 
 9.549925860214157e+06 -1.871241733663880e-22  1.878208577681522e-20  6.560576451590858e-04 -0.000000000000000e+00 
 9.772372209557900e+06 -1.797567356361374e-22  1.845455482622937e-20  6.775209824050480e-04 -0.000000000000000e+00 
 9.999999999999788e+06 -1.720019555465909e-22  1.813680218372096e-20  6.999974872040901e-04 -0.000000000000000e+00 
 1.023292992280732e+07 -1.638429256575245e-22  1.782865841029262e-20  7.235357316766725e-04 -0.000000000000000e+00 
 1.047128548050877e+07 -1.552618209957343e-22  1.752995917186589e-20  7.481867355583945e-04  8.192000000000000e+03 
 1.071519305237583e+07 -1.462398490752565e-22  1.724054515037462e-20  7.740041055315596e-04 -0.000000000000000e+00 
 1.096478196143162e+07 -1.367571963327529e-22  1.696026195731713e-20  8.010441842158009e-04  8.192000000000000e+03 
 1.122018454301939e+07 -1.267929708519810e-22  1.668896004961666e-20  8.293662096111619e-04 -0.000000000000000e+00 
 1.148153621496858e+07 -1.163251409270563e-22  1.642649464764166e-20  8.590324858500688e-04 -0.000000000000000e+00 
 1.174897554939504e+07 -1.053304692339266e-22  1.617272565520176e-20  8.901085661858574e-04 -0.000000000000000e+00 
 1.202264434617387e+07 -9.378444208278113e-23  1.592751758132455e-20  9.226634492168265e-04 -0.000000000000000e+00 
 1.230268770812355e+07 -8.166119364580423e-23  1.569073946356956e-20  9.567697894214169e-04 -0.000000000000000e+00 
 1.258925411794140e+07 -6.893342438170993e-23  1.546226479263122e-20  9.925041231607415e-04 -0.000000000000000e+00 
 1.288249551693106e+07 -5.557231347396110e-23  1.524197143791704e-20  1.029947111384903e-03 -0.000000000000000e+00 
 1.318256738556379e+07 -4.154742470009902e-23  1.502974157376052e-20  1.069183800366839e-03 -0.000000000000000e+00 
 1.348962882591625e+07 -2.682660521602467e-23  1.482546160587298e-20  1.110303901871415e-03 -0.000000000000000e+00 
 1.380384264602855e+07 -1.137587671100330e-23  1.462902209758174e-20  1.153402094256796e-03 -0.000000000000000e+00 
 1.412537544622724e+07  4.840681601616976e-24  1.444031769533735e-20  1.198578346087956e-03  1.638400000000000e+04 
 1.445439770745896e+07  2.186105884404079e-23  1.425924705290027e-20  1.245938263931287e-03 -0.000000000000000e+00 
 1.479108388168175e+07  3.972544771758947e-23  1.408571275353408e-20  1.295593466074941e-03  1.638400000000000e+04 
 1.513561248436175e+07  5.847638987596438e-23  1.391962122943941e-20  1.347661983999143e-03 -0.000000000000000e+00 
 1.548816618912448e+07  7.815893207575228e-23  1.376088267755933e-20  1.402268693483993e-03  1.638400000000000e+04 
 1.584893192461079e+07  9.882079384921172e-23  1.360941097076820e-20  1.459545777299447e-03 -0.000000000000000e+00 
 1.621810097358895e+07  1.205125473569679e-22  1.346512356332883e-20  1.519633221462295e-03  1.638400000000000e+04 
 1.659586907437524e+07  1.432878101632521e-22  1.332794138935720e-20  1.582679347067615e-03 -0.000000000000000e+00 
 1.698243652461707e+07  1.672034517959755e-22  1.319778875286829e-20  1.648841379699179e-03 -0.000000000000000e+00 
 1.737800828749337e+07  1.923198145415530e-22  1.307459320781276e-20  1.718286058393067e-03 -0.000000000000000e+00 
 1.778279410038884e+07  2.187009494720194e-22  1.295828542629928e-20  1.791190286058049e-03 -0.000000000000000e+00 
 1.819700858609944e+07  2.464148680837612e-22  1.284879905300414e-20  1.867741823152681e-03 -0.000000000000000e+00 
 1.862087136662827e+07  2.755338103504242e-22  1.274607054351512e-20  1.948140026244701e-03  1.638400000000000e+04 
 1.905460717963205e+07  3.061345295569472e-22  1.265003898411542e-20  2.032596632859034e-03  1.638400000000000e+04 
 1.949844599758003e+07  3.382985944127297e-22  1.256064589022378e-20  2.121336593715072e-03 -0.000000000000000e+00 
 1.995262314968836e+07  3.721127086206307e-22  1.247783498041485e-20  2.214598953062236e-03 -0.000000000000000e+00 
 2.041737944669485e+07  4.076690480155211e-22  1.240155192261368e-20  2.312637777327909e-03 -0.000000000000000e+00 
 2.089296130853994e+07  4.450656151574977e-22  1.233174404870944e-20  2.415723131672273e-03 -0.000000000000000e+00 
 2.137962089502185e+07  4.844066108679301e-22  1.226836003347445e-20  2.524142103279823e-03 -0.000000000000000e+00 
 2.187761623949505e+07  5.258028220412527e-22  1.221134953327007e-20  2.638199869294523e-03 -0.000000000000000e+00 
 2.238721138568290e+07  5.693720244366187e-22  1.216066277963401e-20  2.758220806172765e-03  1.638400000000000e+04 
 2.290867652767723e+07  6.152393990088256e-22  1.211625012238674e-20  2.884549635894754e-03 -0.000000000000000e+00 
 2.344228815319870e+07  6.635379591515275e-22  1.207806151653124e-20  3.017552602863382e-03  1.638400000000000e+04 
 2.398832919019438e+07  7.144089864280882e-22  1.204604594669130e-20  3.157618673438569e-03 -0.000000000000000e+00 
 2.454708915684976e+07  7.680024705619349e-22  1.202015078252439e-20  3.305160747828839e-03 -0.000000000000000e+00 
 2.511886431509525e+07  8.244775493219802e-22  1.200032105805689e-20  3.460616871466027e-03  3.276800000000000e+04 
 2.570395782768807e+07  8.840029424280891e-22  1.198649866757659e-20  3.624451429979716e-03 -0.000000000000000e+00 
 2.630267991895324e+07  9.467573723813742e-22  1.197862147041728e-20  3.797156308424598e-03 -0.000000000000000e+00 
 2.691534803926856e+07  1.012929963816482e-21  1.197662229674354e-20  3.979251991414676e-03  3.276800000000000e+04 
 2.754228703338105e+07  1.082720611223802e-21  1.198042784636166e-20  4.171288576327587e-03 -0.000000000000000e+00 
 2.818382931264391e+07  1.156340302992419e-21  1.198995747266897e-20  4.373846666551532e-03 -0.000000000000000e+00 
 2.884031503126542e+07  1.234011387733020e-21  1.200512184410707e-20  4.587538106110049e-03 -0.000000000000000e+00 
 2.951209226666320e+07  1.315967766551357e-21  1.202582147603044e-20  4.813006510511359e-03 -0.000000000000000e+00 
 3.019951720401949e+07  1.402454992146615e-21  1.205194512681308e-20  5.050927541765489e-03 -0.000000000000000e+00 
 3.090295432513522e+07  1.493730253198087e-21  1.208336805323632e-20  5.302008867811469e-03 -0.000000000000000e+00 
 3.162277660168309e+07  1.590062219247264e-21  1.211995012203387e-20  5.566989738479806e-03 -0.000000000000000e+00 
 3.235936569296210e+07  1.691730718343652e-21  1.216153377679631e-20  5.846640101513601e-03 -0.000000000000000e+00 
 3.311311214825837e+07  1.799026216341340e-21  1.220794186254224e-20  6.141759173316964e-03 -0.000000000000000e+00 
 3.388441561391950e+07  1.912249063660548e-21  1.225897531410720e-20  6.453173370208807e-03 -0.000000000000000e+00 
 3.467368504525239e+07  2.031708472122693e-21  1.231441071933053e-20  6.781733497389838e-03  3.276800000000000e+04 
 3.548133892335676e+07  2.157721181711221e-21  1.237399777382523e-20  7.128311085053370e-03 -0.000000000000000e+00 
 3.630780547700933e+07  2.290609774503962e-21  1.243745665120284e-20  7.493793754421847e-03 -0.000000000000000e+00 
 3.715352290971643e+07  2.430700591808929e-21  1.250447532067378e-20  7.879079492175574e-03  3.276800000000000e+04 
 3.801893963205528e+07  2.578321209447137e-21  1.257470685362214e-20  8.285069709825264e-03 -0.000000000000000e+00 
 3.890451449942719e+07  2.733797427301231e-21  1.264776677135854e-20  8.712660966942573e-03 -0.000000000000000e+00 
 3.981071705534884e+07  2.897449731657446e-21  1.272323049828573e-20  9.162735244219209e-03 -0.000000000000000e+00 
 4.073802778041036e+07  3.069589193760380e-21  1.280063099770401e-20  9.636148665749397e-03 -0.000000000000000e+00 
 4.168693834703261e+07  3.250512775734611e-21  1.287945668119227e-20  1.013371859096539e-02 -0.000000000000000e+00 
 4.265795188015831e+07  3.440498025951431e-21  1.295914969648288e-20  1.065620902687006e-02 -0.000000000000000e+00 
 4.365158322401562e+07  3.639797160506879e-21  1.303910471262517e-20  1.120431435141376e-02  3.276800000000000e+04 
 4.466835921509531e+07  3.848630546716391e-21  1.311866833359898e-20  1.177864139114433e-02 -0.000000000000000e+00 
 4.570881896148648e+07  4.067179627367474e-21  1.319713928233628e-20  1.237968996034699e-02 -0.000000000000000e+00 
 4.677351412871877e+07  4.295579353060689e-21  1.327376950406797e-20  1.300783204582393e-02 -0.000000000000000e+00 
 4.786300923226276e+07  4.533910221897662e-21  1.334776634033166e-20  1.366328991068541e-02 -0.000000000000000e+00 
 4.897788193684352e+07  4.782190062014448e-21  1.341829592146537e-20  1.434611348973279e-02 -0.000000000000000e+00 
 5.011872336272611e+07  5.040365731899780e-21  1.348448791332102e-20  1.505615755678246e-02 -0.000000000000000e+00 
 5.128613839913534e+07  5.308304953112067e-21  1.354544173345798e-20  1.579305925513822e-02 -0.000000000000000e+00 
 5.248074602497608e+07  5.585788530458187e-21  1.360023432010919e-20  1.655621669145920e-02 -0.000000000000000e+00 
 5.370317963702407e+07  5.872503250088261e-21  1.364792949439636e-20  1.734476939287946e-02 -0.000000000000000e+00 
 5.495408738576122e+07  6.168035776148983e-21  1.368758890168390e-20  1.815758150863377e-02 -0.000000000000000e+00 
 5.623413251903364e+07  6.471867885817844e-21  1.371828445192673e-20  1.899322869125895e-02 -0.000000000000000e+00 
 5.754399373371439e+07  6.783373388515833e-21  1.373911210413314e-20  1.984998960833066e-02 -0.000000000000000e+00 
 5.888436553555757e+07  7.101817063341915e-21  1.374920675838423e-20  2.072584300412142e-02 -0.000000000000000e+00 
 6.025595860743441e+07  7.426355917513515e-21  1.374775793516580e-20  2.161847114387715e-02 -0.000000000000000e+00 
 6.165950018614683e+07  7.756043014588860e-21  1.373402584074929e-20  2.252527032589449e-02 -0.000000000000000e+00 
 6.309573444801790e+07  8.089834045666114e-21  1.370735734553943e-20  2.344336893763341e-02 -0.000000000000000e+00 
 6.456542290346409e+07  8.426596719195524e-21  1.366720134610409e-20  2.436965326504531e-02  6.553600000000000e+04 
 6.606934480075811e+07  8.765122930759878e-21  1.361312294763306e-20  2.530080094905720e-02 -0.000000000000000e+00 
 6.760829753919666e+07  9.104143547303843e-21  1.354481589690103e-20  2.623332163481090e-02 -0.000000000000000e+00 
 6.918309709189209e+07  9.442345509323327e-21  1.346211272168842e-20  2.716360399860546e-02 -0.000000000000000e+00 
 7.079457843841220e+07  9.778390827483633e-21  1.336499209116830e-20  2.808796798828837e-02 -0.000000000000000e+00 
 7.244359600749739e+07  1.011093693743086e-20  1.325358300414497e-20  2.900272080267612e-02 -0.000000000000000e+00 
 7.413102413009009e+07  1.043865778692617e-20  1.312816553260853e-20  2.990421488874584e-02 -0.000000000000000e+00 
 7.585775750291668e+07  1.076026497028449e-20  1.298916799026959e-20  3.078890607289796e-02 -0.000000000000000e+00 
 7.762471166286743e+07  1.107452820471187e-20  1.283716055309613e-20  3.165340988590563e-02  6.553600000000000e+04 
 7.943282347242635e+07  1.138029446012727e-20  1.267284551530504e-20  3.249455418804596e-02  6.553600000000000e+04 
 8.128305161640808e+07  1.167650511296274e-20  1.249704451536507e-20  3.330942636264145e-02 -0.000000000000000e+00 
 8.317637711026521e+07  1.196221058652770e-20  1.231068319517281e-20  3.409541359934951e-02 -0.000000000000000e+00 
 8.511380382023571e+07  1.223658206249047e-20  1.211477385794237e-20  3.485023512398278e-02 -0.000000000000000e+00 
 8.709635899560608e+07  1.249891998884806e-20  1.191039675737060e-20  3.557196561891617e-02 -0.000000000000000e+00 
 8.912509381337252e+07  1.274865925847859e-20  1.169868067921682e-20  3.625904948697135e-02 -0.000000000000000e+00 
 9.120108393558890e+07  1.298537108135408e-20  1.148078346928475e-20  3.691030602148885e-02  6.553600000000000e+04 
 9.332543007969697e+07  1.320876170775943e-20  1.125787311800921e-20  3.752492591491386e-02  6.553600000000000e+04 
 9.549925860214141e+07  1.341866827792436e-20  1.103110994148430e-20  3.810245986256152e-02 -0.000000000000000e+00 
 9.772372209557883e+07  1.361505216360838e-20  1.080163030569831e-20  3.864280026663643e-02 -0.000000000000000e+00 
 9.999999999999771e+07  1.379799023054528e-20  1.057053223536384e-20  3.914615721965067e-02 -0.000000000000000e+00 
