 frequency              yer                    yei                    yfr                    yfi                   
 1.000000000000000e+00  1.000000000000000e-05 -0.000000000000000e+00  9.999990000010002e-02 -9.999989984602128e-05 
 1.023292992280754e+00  1.000000000000000e-05 -0.000000000000000e+00  9.999989528725486e-02 -1.023291919259202e-04 
 1.047128548050899e+00  1.000000000000000e-05 -0.000000000000000e+00  9.999989035230063e-02 -1.047127398431788e-04 
 1.071519305237606e+00  1.000000000000000e-05 -0.000000000000000e+00  9.999988518476965e-02 -1.071518073539342e-04 
 1.096478196143185e+00  1.000000000000000e-05 -0.000000000000000e+00  9.999987977370109e-02 -1.096476876492210e-04 
 1.122018454301963e+00  1.000000000000000e-05 -0.000000000000000e+00  9.999987410761732e-02 -1.122017040404720e-04 
 1.148153621496882e+00  1.000000000000000e-05 -0.000000000000000e+00  9.999986817449991e-02 -1.148152106609775e-04 
 1.174897554939529e+00  1.000000000000000e-05 -0.000000000000000e+00  9.999986196176407e-02 -1.174895931836735e-04 
 1.202264434617413e+00  1.000000000000000e-05 -0.000000000000000e+00  9.999985545623184e-02 -1.202262695556392e-04 
 1.230268770812381e+00  1.000000000000000e-05 -0.000000000000000e+00  9.999984864410424e-02 -1.230266907496921e-04 
 1.258925411794167e+00  1.000000000000000e-05 -0.000000000000000e+00  9.999984151093193e-02 -1.258923415334782e-04 
 1.288249551693134e+00  1.000000000000000e-05 -0.000000000000000e+00  9.999983404158468e-02 -1.288247412564633e-04 
 1.318256738556407e+00  1.000000000000000e-05  9.765625000000000e-04  9.999982622021907e-02 -1.318254446552428e-04 
 1.348962882591653e+00  1.000000000000000e-05  9.765625000000000e-04  9.999981803024523e-02 -1.348960426775946e-04 
 1.380384264602885e+00  1.000000000000000e-05 -0.000000000000000e+00  9.999980945429127e-02 -1.380381633257106e-04 
 1.412537544622754e+00  1.000000000000000e-05 -0.000000000000000e+00  9.999980047416659e-02 -1.412534725190532e-04 
 1.445439770745927e+00  1.000000000000000e-05 -0.000000000000000e+00  9.999979107082341e-02 -1.445436749772927e-04 
 1.479108388168207e+00  9.999999999999997e-06 -0.000000000000000e+00  9.999978122431623e-02 -1.479105151237909e-04 
 1.513561248436208e+00  1.000000000000000e-05 -0.000000000000000e+00  9.999977091375953e-02 -1.513557780101089e-04 
 1.548816618912481e+00  1.000000000000000e-05 -0.000000000000000e+00  9.999976011728354e-02 -1.548812902620278e-04 
 1.584893192461113e+00  1.000000000000000e-05 -0.000000000000000e+00  9.999974881198778e-02 -1.584889210475813e-04 
 1.621810097358929e+00  1.000000000000000e-05 -0.000000000000000e+00  9.999973697389263e-02 -1.621805830676108e-04 
 1.659586907437560e+00  1.000000000000000e-05 -0.000000000000000e+00  9.999972457788824e-02 -1.659582335693663e-04 
 1.698243652461743e+00  9.999999999999999e-06 -0.000000000000000e+00  9.999971159768142e-02 -1.698238753836886e-04 
 1.737800828749374e+00  1.000000000000000e-05 -0.000000000000000e+00  9.999969800573993e-02 -1.737795579863180e-04 
 1.778279410038922e+00  1.000000000000000e-05 -0.000000000000000e+00  9.999968377323395e-02 -1.778273785838923e-04 
 1.819700858609982e+00  9.999999999999999e-06 -0.000000000000000e+00  9.999966886997497e-02 -1.819694832252028e-04 
 1.862087136662866e+00  1.000000000000000e-05 -0.000000000000000e+00  9.999965326435177e-02 -1.862080679382987e-04 
 1.905460717963246e+00  1.000000000000000e-05 -0.000000000000000e+00  9.999963692326344e-02 -1.905453798940345e-04 
 1.949844599758044e+00  9.999999999999999e-06  1.953125000000000e-03  9.999961981204906e-02 -1.949837185966779e-04 
 1.995262314968878e+00  1.000000000000000e-05 -0.000000000000000e+00  9.999960189441431e-02 -1.995254371022013e-04 
 2.041737944669527e+00  9.999999999999999e-06 -0.000000000000000e+00  9.999958313235428e-02 -2.041729432649011e-04 
 2.089296130854037e+00  1.000000000000000e-05 -0.000000000000000e+00  9.999956348607315e-02 -2.089287010130006e-04 
 2.137962089502230e+00  1.000000000000000e-05 -0.000000000000000e+00  9.999954291389963e-02 -2.137952316539060e-04 
 2.187761623949550e+00  9.999999999999999e-06 -0.000000000000000e+00  9.999952137219849e-02 -2.187751152098042e-04 
 2.238721138568337e+00  9.999999999999999e-06  1.953125000000000e-03  9.999949881527816e-02 -2.238709917843038e-04 
 2.290867652767770e+00  1.000000000000000e-05 -0.000000000000000e+00  9.999947519529392e-02 -2.290855629608369e-04 
 2.344228815319919e+00  1.000000000000000e-05 -0.000000000000000e+00  9.999945046214602e-02 -2.344215932335579e-04 
 2.398832919019488e+00  1.000000000000000e-05  1.953125000000000e-03  9.999942456337388e-02 -2.398819114714892e-04 
 2.454708915685027e+00  1.000000000000000e-05 -0.000000000000000e+00  9.999939744404462e-02 -2.454694124166838e-04 
 2.511886431509577e+00  1.000000000000000e-05 -0.000000000000000e+00  9.999936904663650e-02 -2.511870582171890e-04 
 2.570395782768860e+00  1.000000000000000e-05 -0.000000000000000e+00  9.999933931091703e-02 -2.570378799956179e-04 
 2.630267991895378e+00  1.000000000000000e-05 -0.000000000000000e+00  9.999930817381528e-02 -2.630249794541471e-04 
 2.691534803926912e+00  1.000000000000000e-05 -0.000000000000000e+00  9.999927556928788e-02 -2.691515305167850e-04 
 2.754228703338163e+00  1.000000000000000e-05  1.953125000000000e-03  9.999924142817923e-02 -2.754207810097677e-04 
 2.818382931264450e+00  1.000000000000000e-05 -0.000000000000000e+00  9.999920567807472e-02 -2.818360543809648e-04 
 2.884031503126602e+00  1.000000000000000e-05 -0.000000000000000e+00  9.999916824314709e-02 -2.884007514591892e-04 
 2.951209226666381e+00  1.000000000000000e-05 -0.000000000000000e+00  9.999912904399566e-02 -2.951183522543362e-04 
 3.019951720402012e+00  1.000000000000000e-05 -0.000000000000000e+00  9.999908799747813e-02 -3.019924177992881e-04 
 3.090295432513586e+00  1.000000000000000e-05 -0.000000000000000e+00  9.999904501653388e-02 -3.090265920345451e-04 
 3.162277660168374e+00  1.000000000000000e-05 -0.000000000000000e+00  9.999900000999981e-02 -3.162246037365683e-04 
 3.235936569296277e+00  1.000000000000000e-05 -0.000000000000000e+00  9.999895288241652e-02 -3.235902684908366e-04 
 3.311311214825905e+00  1.000000000000000e-05 -0.000000000000000e+00  9.999890353382625e-02 -3.311274907106458e-04 
 3.388441561392020e+00  1.000000000000000e-05 -0.000000000000000e+00  9.999885185956080e-02 -3.388402657026996e-04 
 3.467368504525310e+00  1.000000000000000e-05 -0.000000000000000e+00  9.999879775001951e-02 -3.467326817805653e-04 
 3.548133892335748e+00  1.000000000000000e-05 -0.000000000000000e+00  9.999874109043683e-02 -3.548089224270937e-04 
 3.630780547701007e+00  9.999999999999997e-06  3.906250000000000e-03  9.999868176063909e-02 -3.630732685069213e-04 
 3.715352290971718e+00  1.000000000000000e-05  3.906250000000000e-03  9.999861963478957e-02 -3.715301005302028e-04 
 3.801893963205605e+00  1.000000000000000e-05 -0.000000000000000e+00  9.999855458112177e-02 -3.801839009687468e-04 
 3.890451449942799e+00  1.000000000000000e-05  3.906250000000000e-03  9.999848646165972e-02 -3.890392566257471e-04 
 3.981071705534965e+00  1.000000000000000e-05 -0.000000000000000e+00  9.999841513192585e-02 -3.981008610603400e-04 
 4.073802778041119e+00  9.999999999999999e-06 -0.000000000000000e+00  9.999834044063423e-02 -4.073735170682302e-04 
 4.168693834703346e+00  1.000000000000000e-05  3.906250000000000e-03  9.999826222937004e-02 -4.168621392196688e-04 
 4.265795188015918e+00  1.000000000000000e-05 -0.000000000000000e+00  9.999818033225373e-02 -4.265717564560850e-04 
 4.365158322401651e+00  1.000000000000000e-05 -0.000000000000000e+00  9.999809457558896e-02 -4.365075147467039e-04 
 4.466835921509622e+00  9.999999999999999e-06  3.906250000000000e-03  9.999800477749474e-02 -4.466746798065164e-04 
 4.570881896148741e+00  1.000000000000000e-05  3.906250000000000e-03  9.999791074751958e-02 -4.570786398769880e-04 
 4.677351412871972e+00  9.999999999999999e-06 -0.000000000000000e+00  9.999781228623780e-02 -4.677249085709285e-04 
 4.786300923226373e+00  9.999999999999999e-06  3.906250000000000e-03  9.999770918482652e-02 -4.786191277829749e-04 
 4.897788193684452e+00  1.000000000000000e-05 -0.000000000000000e+00  9.999760122462335e-02 -4.897670706671681e-04 
 5.011872336272712e+00  1.000000000000000e-05 -0.000000000000000e+00  9.999748817666242e-02 -5.011746446831345e-04 
 5.128613839913638e+00  1.000000000000000e-05 -0.000000000000000e+00  9.999736980118912e-02 -5.128478947124207e-04 
 5.248074602497715e+00  9.999999999999999e-06  3.906250000000000e-03  9.999724584715203e-02 -5.247930062465533e-04 
 5.370317963702516e+00  1.000000000000000e-05 -0.000000000000000e+00  9.999711605167057e-02 -5.370163086484391e-04 
 5.495408738576233e+00  1.000000000000000e-05 -0.000000000000000e+00  9.999698013947764e-02 -5.495242784887385e-04 
 5.623413251903478e+00  1.000000000000000e-05 -0.000000000000000e+00  9.999683782233634e-02 -5.623235429588993e-04 
 5.754399373371556e+00  1.000000000000000e-05 -0.000000000000000e+00  9.999668879842902e-02 -5.754208833625520e-04 
 5.888436553555876e+00  1.000000000000000e-05 -0.000000000000000e+00  9.999653275171740e-02 -5.888232386870136e-04 
 6.025595860743564e+00  1.000000000000000e-05 -0.000000000000000e+00  9.999636935127282e-02 -6.025377092566812e-04 
 6.165950018614807e+00  1.000000000000000e-05 -0.000000000000000e+00  9.999619825057490e-02 -6.165715604701255e-04 
 6.309573444801917e+00  1.000000000000000e-05 -0.000000000000000e+00  9.999601908677710e-02 -6.309322266227365e-04 
 6.456542290346539e+00  1.000000000000000e-05 -0.000000000000000e+00  9.999583147993772e-02 -6.456273148168082e-04 
 6.606934480075944e+00  1.000000000000000e-05 -0.000000000000000e+00  9.999563503221492e-02 -6.606646089609824e-04 
 6.760829753919801e+00  1.000000000000000e-05 -0.000000000000000e+00  9.999542932702345e-02 -6.760520738610085e-04 
 6.918309709189348e+00  1.000000000000000e-05  7.812500000000000e-03  9.999521392815205e-02 -6.917978594038217e-04 
 7.079457843841362e+00  1.000000000000000e-05 -0.000000000000000e+00  9.999498837883927e-02 -7.079103048369650e-04 
 7.244359600749883e+00  9.999999999999999e-06  7.812500000000000e-03  9.999475220080535e-02 -7.243979431454264e-04 
 7.413102413009157e+00  1.000000000000000e-05 -0.000000000000000e+00  9.999450489323945e-02 -7.412695055280054e-04 
 7.585775750291819e+00  1.000000000000000e-05 -0.000000000000000e+00  9.999424593173814e-02 -7.585339259753394e-04 
 7.762471166286898e+00  1.000000000000000e-05 -0.000000000000000e+00  9.999397476719483e-02 -7.762003459517908e-04 
 7.943282347242794e+00  1.000000000000000e-05 -0.000000000000000e+00  9.999369082463662e-02 -7.942781191833984e-04 
 8.128305161640972e+00  1.000000000000000e-05 -0.000000000000000e+00  9.999339350200626e-02 -8.127768165541611e-04 
 8.317637711026689e+00  1.000000000000000e-05 -0.000000000000000e+00  9.999308216888708e-02 -8.317062311129418e-04 
 8.511380382023743e+00  1.000000000000000e-05 -0.000000000000000e+00  9.999275616516799e-02 -8.510763831933327e-04 
 8.709635899560784e+00  1.000000000000000e-05 -0.000000000000000e+00  9.999241479964525e-02 -8.708975256488366e-04 
 8.912509381337431e+00  9.999999999999999e-06 -0.000000000000000e+00  9.999205734855920e-02 -8.911801492057867e-04 
 9.120108393559072e+00  1.000000000000000e-05  7.812500000000000e-03  9.999168305406154e-02 -9.119349879364308e-04 
 9.332543007969884e+00  1.000000000000000e-05 -0.000000000000000e+00  9.999129112261108e-02 -9.331730248546697e-04 
 9.549925860214332e+00  1.000000000000000e-05 -0.000000000000000e+00  9.999088072329344e-02 -9.549054976369462e-04 
 9.772372209558078e+00  1.000000000000000e-05 -0.000000000000000e+00  9.999045098606259e-02 -9.771439044708485e-04 
 9.999999999999970e+00  1.000000000000000e-05 -0.000000000000000e+00  9.999000099989899e-02 -9.999000100339875e-04 
 1.023292992280751e+01  1.000000000000000e-05  7.812500000000000e-03  9.998952981088183e-02 -1.023185851605775e-03 
 1.047128548050896e+01  9.999999999999999e-06 -0.000000000000000e+00  9.998903642017007e-02 -1.047013745314726e-03 
 1.071519305237603e+01  1.000000000000000e-05 -0.000000000000000e+00  9.998851978188929e-02 -1.071396292523967e-03 
 1.096478196143182e+01  1.000000000000000e-05  7.812500000000000e-03  9.998797880091861e-02 -1.096346386357652e-03 
 1.122018454301960e+01  1.000000000000000e-05 -0.000000000000000e+00  9.998741233057445e-02 -1.121877218370982e-03 
 1.148153621496879e+01  1.000000000000000e-05 -0.000000000000000e+00  9.998681917018487e-02 -1.148002285366610e-03 
 1.174897554939526e+01  1.000000000000000e-05 -0.000000000000000e+00  9.998619806255031e-02 -1.174735396360168e-03 
 1.202264434617409e+01  1.000000000000000e-05 -0.000000000000000e+00  9.998554769128525e-02 -1.202090679697725e-03 
 1.230268770812378e+01  9.999999999999999e-06 -0.000000000000000e+00  9.998486667803506e-02 -1.230082590327958e-03 
 1.258925411794163e+01  1.000000000000000e-05 -0.000000000000000e+00  9.998415357956217e-02 -1.258725917231866e-03 
 1.288249551693130e+01  1.000000000000000e-05 -0.000000000000000e+00  9.998340688469565e-02 -1.288035791012845e-03 
 1.318256738556403e+01  1.000000000000000e-05 -0.000000000000000e+00  9.998262501113776e-02 -1.318027691649946e-03 
 1.348962882591649e+01  9.999999999999999e-06 -0.000000000000000e+00  9.998180630212081e-02 -1.348717456417169e-03 
 1.380384264602880e+01  1.000000000000000e-05 -0.000000000000000e+00  9.998094902290729e-02 -1.380121287971588e-03 
 1.412537544622749e+01  1.000000000000000e-05 -0.000000000000000e+00  9.998005135712583e-02 -1.412255762613157e-03 
 1.445439770745922e+01  1.000000000000000e-05 -0.000000000000000e+00  9.997911140293583e-02 -1.445137838718985e-03 
 1.479108388168202e+01  9.999999999999999e-06 -0.000000000000000e+00  9.997812716901230e-02 -1.478784865354876e-03 
 1.513561248436203e+01  1.000000000000000e-05 -0.000000000000000e+00  9.997709657034261e-02 -1.513214591066887e-03 
 1.548816618912476e+01  1.000000000000000e-05 -0.000000000000000e+00  9.997601742382670e-02 -1.548445172855635e-03 
 1.584893192461108e+01  1.000000000000000e-05 -0.000000000000000e+00  9.997488744367131e-02 -1.584495185336045e-03 
 1.621810097358924e+01  9.999999999999999e-06  1.562500000000000e-02  9.997370423656883e-02 -1.621383630085171e-03 
 1.659586907437554e+01  1.000000000000000e-05 -0.000000000000000e+00  9.997246529665085e-02 -1.659129945180667e-03 
 1.698243652461738e+01  1.000000000000000e-05  1.562500000000000e-02  9.997116800020533e-02 -1.697754014932429e-03 
 1.737800828749369e+01  9.999999999999999e-06 -0.000000000000000e+00  9.996980960014791e-02 -1.737276179809844e-03 
 1.778279410038916e+01  1.000000000000000e-05 -0.000000000000000e+00  9.996838722023382e-02 -1.777717246566969e-03 
 1.819700858609976e+01  1.000000000000000e-05 -0.000000000000000e+00  9.996689784900076e-02 -1.819098498567912e-03 
 1.862087136662860e+01  1.000000000000000e-05 -0.000000000000000e+00  9.996533833342834e-02 -1.861441706314519e-03 
 1.905460717963240e+01  1.000000000000000e-05 -0.000000000000000e+00  9.996370537230213e-02 -1.904769138178369e-03 
 1.949844599758038e+01  1.000000000000000e-05 -0.000000000000000e+00  9.996199550926847e-02 -1.949103571338935e-03 
 1.995262314968872e+01  1.000000000000000e-05 -0.000000000000000e+00  9.996020512556547e-02 -1.994468302929578e-03 
 2.041737944669521e+01  1.000000000000000e-05 -0.000000000000000e+00  9.995833043241568e-02 -2.040887161392905e-03 
 2.089296130854031e+01  9.999999999999999e-06  1.562500000000000e-02  9.995636746306470e-02 -2.088384518046777e-03 
 2.137962089502224e+01  9.999999999999999e-06 -0.000000000000000e+00  9.995431206444962e-02 -2.136985298862057e-03 
 2.187761623949544e+01  1.000000000000000e-05 -0.000000000000000e+00  9.995215988847986e-02 -2.186714996452931e-03 
 2.238721138568331e+01  1.000000000000000e-05 -0.000000000000000e+00  9.994990638291353e-02 -2.237599682280378e-03 
 2.290867652767764e+01  1.000000000000000e-05 -0.000000000000000e+00  9.994754678180991e-02 -2.289666019069060e-03 
 2.344228815319913e+01  1.000000000000000e-05 -0.000000000000000e+00  9.994507609553911e-02 -2.342941273437561e-03 
 2.398832919019481e+01  1.000000000000000e-05 -0.000000000000000e+00  9.994248910032894e-02 -2.397453328741597e-03 
 2.454708915685020e+01  1.000000000000000e-05 -0.000000000000000e+00  9.993978032732749e-02 -2.453230698129374e-03 
 2.511886431509570e+01  1.000000000000000e-05 -0.000000000000000e+00  9.993694405115959e-02 -2.510302537807884e-03 
 2.570395782768853e+01  1.000000000000000e-05 -0.000000000000000e+00  9.993397427795446e-02 -2.568698660518465e-03 
 2.630267991895371e+01  1.000000000000000e-05 -0.000000000000000e+00  9.993086473282009e-02 -2.628449549219423e-03 
 2.691534803926904e+01  1.000000000000000e-05  3.125000000000000e-02  9.992760884673973e-02 -2.689586370972988e-03 
 2.754228703338154e+01  1.000000000000000e-05 -0.000000000000000e+00  9.992419974286461e-02 -2.752140991033296e-03 
 2.818382931264442e+01  1.000000000000000e-05 -0.000000000000000e+00  9.992063022217501e-02 -2.816145987131398e-03 
 2.884031503126593e+01  1.000000000000000e-05 -0.000000000000000e+00  9.991689274848221e-02 -2.881634663952660e-03 
 2.951209226666373e+01  9.999999999999999e-06 -0.000000000000000e+00  9.991297943274119e-02 -2.948641067801094e-03 
 3.019951720402003e+01  1.000000000000000e-05 -0.000000000000000e+00  9.990888201664362e-02 -3.017200001444411e-03 
 3.090295432513577e+01  1.000000000000000e-05 -0.000000000000000e+00  9.990459185545882e-02 -3.087347039132642e-03 
 3.162277660168365e+01  1.000000000000000e-05 -0.000000000000000e+00  9.990009990008976e-02 -3.159118541782256e-03 
 3.235936569296268e+01  1.000000000000000e-05 -0.000000000000000e+00  9.989539667830863e-02 -3.232551672316651e-03 
 3.311311214825896e+01  1.000000000000000e-05 -0.000000000000000e+00  9.989047227513673e-02 -3.307684411152785e-03 
 3.388441561392010e+01  9.999999999999999e-06  3.125000000000000e-02  9.988531631232994e-02 -3.384555571822515e-03 
 3.467368504525301e+01  1.000000000000000e-05 -0.000000000000000e+00  9.987991792693171e-02 -3.463204816715917e-03 
 3.548133892335738e+01  1.000000000000000e-05 -0.000000000000000e+00  9.987426574885172e-02 -3.543672672932440e-03 
 3.630780547700997e+01  1.000000000000000e-05 -0.000000000000000e+00  9.986834787742870e-02 -3.626000548224305e-03 
 3.715352290971708e+01  1.000000000000000e-05 -0.000000000000000e+00  9.986215185693327e-02 -3.710230747014868e-03 
 3.801893963205595e+01  1.000000000000000e-05  3.125000000000000e-02  9.985566465096452e-02 -3.796406486472980e-03 
 3.890451449942788e+01  1.000000000000000e-05 -0.000000000000000e+00  9.984887261569345e-02 -3.884571912622495e-03 
 3.981071705534954e+01  1.000000000000000e-05 -0.000000000000000e+00  9.984176147190374e-02 -3.974772116464068e-03 
 4.073802778041109e+01  1.000000000000000e-05 -0.000000000000000e+00  9.983431627577889e-02 -4.067053150084226e-03 
 4.168693834703335e+01  9.999999999999999e-06  3.125000000000000e-02  9.982652138838244e-02 -4.161462042724401e-03 
 4.265795188015907e+01  1.000000000000000e-05 -0.000000000000000e+00  9.981836044377693e-02 -4.258046816780111e-03 
 4.365158322401639e+01  1.000000000000000e-05  3.125000000000000e-02  9.980981631572386e-02 -4.356856503697827e-03 
 4.466835921509610e+01  1.000000000000000e-05  3.125000000000000e-02  9.980087108290692e-02 -4.457941159734231e-03 
 4.570881896148729e+01  1.000000000000000e-05 -0.000000000000000e+00  9.979150599261630e-02 -4.561351881539467e-03 
 4.677351412871960e+01  1.000000000000000e-05 -0.000000000000000e+00  9.978170142283251e-02 -4.667140821522800e-03 
 4.786300923226361e+01  1.000000000000000e-05 -0.000000000000000e+00  9.977143684264377e-02 -4.775361202955515e-03 
 4.897788193684438e+01  1.000000000000000e-05 -0.000000000000000e+00  9.976069077093019e-02 -4.886067334762224e-03 
 5.011872336272698e+01  1.000000000000000e-05 -0.000000000000000e+00  9.974944073324597e-02 -4.999314625947690e-03 
 5.128613839913623e+01  1.000000000000000e-05 -0.000000000000000e+00  9.973766321682764e-02 -5.115159599602037e-03 
 5.248074602497700e+01  1.000000000000000e-05 -0.000000000000000e+00  9.972533362365581e-02 -5.233659906422660e-03 
 5.370317963702501e+01  1.000000000000000e-05  6.250000000000000e-02  9.971242622149472e-02 -5.354874337686256e-03 
 5.495408738576219e+01  9.999999999999999e-06 -0.000000000000000e+00  9.969891409283249e-02 -5.478862837599218e-03 
 5.623413251903463e+01  1.000000000000000e-05 -0.000000000000000e+00  9.968476908164198e-02 -5.605686514949051e-03 
 5.754399373371541e+01  1.000000000000000e-05 -0.000000000000000e+00  9.966996173788248e-02 -5.735407653973662e-03 
 5.888436553555861e+01  1.000000000000000e-05 -0.000000000000000e+00  9.965446125965764e-02 -5.868089724358963e-03 
 6.025595860743547e+01  1.000000000000000e-05 -0.000000000000000e+00  9.963823543294598e-02 -6.003797390268593e-03 
 6.165950018614791e+01  9.999999999999999e-06 -0.000000000000000e+00  9.962125056881685e-02 -6.142596518302469e-03 
 6.309573444801901e+01  9.999999999999999e-06 -0.000000000000000e+00  9.960347143804457e-02 -6.284554184273213e-03 
 6.456542290346522e+01  1.000000000000000e-05 -0.000000000000000e+00  9.958486120303084e-02 -6.429738678681530e-03 
 6.606934480075925e+01  9.999999999999999e-06 -0.000000000000000e+00  9.956538134694602e-02 -6.578219510763037e-03 
 6.760829753919782e+01  1.000000000000000e-05 -0.000000000000000e+00  9.954499159999695e-02 -6.730067410969904e-03 
 6.918309709189329e+01  1.000000000000000e-05 -0.000000000000000e+00  9.952364986273067e-02 -6.885354331741210e-03 
 7.079457843841342e+01  1.000000000000000e-05 -0.000000000000000e+00  9.950131212628067e-02 -7.044153446405497e-03 
 7.244359600749863e+01  1.000000000000000e-05 -0.000000000000000e+00  9.947793238946472e-02 -7.206539146048426e-03 
 7.413102413009136e+01  1.000000000000000e-05 -0.000000000000000e+00  9.945346257264098e-02 -7.372587034166875e-03 
 7.585775750291798e+01  1.000000000000000e-05  6.250000000000000e-02  9.942785242823304e-02 -7.542373918918798e-03 
 7.762471166286876e+01  1.000000000000000e-05 -0.000000000000000e+00  9.940104944783258e-02 -7.715977802765437e-03 
 7.943282347242773e+01  1.000000000000000e-05 -0.000000000000000e+00  9.937299876579317e-02 -7.893477869288982e-03 
 8.128305161640949e+01  1.000000000000000e-05 -0.000000000000000e+00  9.934364305922878e-02 -8.074954466954698e-03 
 8.317637711026666e+01  1.000000000000000e-05 -0.000000000000000e+00  9.931292244433541e-02 -8.260489089571445e-03 
 8.511380382023719e+01  1.000000000000000e-05 -0.000000000000000e+00  9.928077436895712e-02 -8.450164353189087e-03 
 8.709635899560760e+01  1.000000000000000e-05 -0.000000000000000e+00  9.924713350132303e-02 -8.644063969154578e-03 
 8.912509381337408e+01  1.000000000000000e-05 -0.000000000000000e+00  9.921193161488738e-02 -8.842272713031379e-03 
 9.120108393559049e+01  1.000000000000000e-05 -0.000000000000000e+00  9.917509746921135e-02 -9.044876389068758e-03 
 9.332543007969861e+01  1.000000000000000e-05 -0.000000000000000e+00  9.913655668683358e-02 -9.251961789888595e-03 
 9.549925860214309e+01  9.999999999999999e-06 -0.000000000000000e+00  9.909623162608483e-02 -9.463616651037598e-03 
 9.772372209558054e+01  1.000000000000000e-05 -0.000000000000000e+00  9.905404124981335e-02 -9.679929600032234e-03 
 9.999999999999946e+01  1.000000000000000e-05 -0.000000000000000e+00  9.900990098999919e-02 -9.900990099502462e-03 
 1.023292992280749e+02  9.999999999999999e-06 -0.000000000000000e+00  9.896372260824958e-02 -1.012688838401790e-02 
 1.047128548050894e+02  1.000000000000000e-05 -0.000000000000000e+00  9.891541405218261e-02 -1.035771539015743e-02 
 1.071519305237600e+02  1.000000000000000e-05 -0.000000000000000e+00  9.886487930772424e-02 -1.059356267935916e-02 
 1.096478196143179e+02  1.000000000000000e-05 -0.000000000000000e+00  9.881201824736331e-02 -1.083452235306386e-02 
 1.122018454301957e+02  1.000000000000000e-05  1.250000000000000e-01  9.875672647443071e-02 -1.108068695963904e-02 
 1.148153621496876e+02  1.000000000000000e-05 -0.000000000000000e+00  9.869889516349402e-02 -1.133214939254630e-02 
 1.174897554939523e+02  1.000000000000000e-05  1.250000000000000e-01  9.863841089698500e-02 -1.158900277918756e-02 
 1.202264434617406e+02  1.000000000000000e-05 -0.000000000000000e+00  9.857515549820915e-02 -1.185134035983991e-02 
 1.230268770812374e+02  1.000000000000000e-05 -0.000000000000000e+00  9.850900586091757e-02 -1.211925535606186e-02 
 1.258925411794160e+02  1.000000000000000e-05 -0.000000000000000e+00  9.843983377566064e-02 -1.239284082792704e-02 
 1.288249551693126e+02  1.000000000000000e-05 -0.000000000000000e+00  9.836750575318109e-02 -1.267218951941473e-02 
 1.318256738556399e+02  1.000000000000000e-05 -0.000000000000000e+00  9.829188284514970e-02 -1.295739369126010e-02 
 1.348962882591645e+02  1.000000000000000e-05 -0.000000000000000e+00  9.821282046259509e-02 -1.324854494054128e-02 
 1.380384264602876e+02  1.000000000000000e-05 -0.000000000000000e+00  9.813016819243153e-02 -1.354573400625525e-02 
 1.412537544622746e+02  1.000000000000000e-05 -0.000000000000000e+00  9.804376961254674e-02 -1.384905056011060e-02 
 1.445439770745919e+02  9.999999999999999e-06 -0.000000000000000e+00  9.795346210597392e-02 -1.415858298174269e-02 
 1.479108388168198e+02  1.000000000000000e-05 -0.000000000000000e+00  9.785907667474066e-02 -1.447441811753638e-02 
 1.513561248436199e+02  1.000000000000000e-05 -0.000000000000000e+00  9.776043775406000e-02 -1.479664102222288e-02 
 1.548816618912472e+02  1.000000000000000e-05 -0.000000000000000e+00  9.765736302760882e-02 -1.512533468240210e-02 
 1.584893192461104e+02  1.000000000000000e-05 -0.000000000000000e+00  9.754966324472300e-02 -1.546057972112976e-02 
 1.621810097358920e+02  9.999999999999999e-06 -0.000000000000000e+00  9.743714204043188e-02 -1.580245408270050e-02 
 1.659586907437551e+02  1.000000000000000e-05 -0.000000000000000e+00  9.731959575935036e-02 -1.615103269675479e-02 
 1.698243652461734e+02  1.000000000000000e-05 -0.000000000000000e+00  9.719681328455289e-02 -1.650638712083964e-02 
 1.737800828749365e+02  1.000000000000000e-05 -0.000000000000000e+00  9.706857587266519e-02 -1.686858516056190e-02 
 1.778279410038912e+02  1.000000000000000e-05 -0.000000000000000e+00  9.693465699652586e-02 -1.723769046648753e-02 
 1.819700858609972e+02  1.000000000000000e-05 -0.000000000000000e+00  9.679482219689697e-02 -1.761376210696537e-02 
 1.862087136662855e+02  1.000000000000000e-05 -0.000000000000000e+00  9.664882894483307e-02 -1.799685411608583e-02 
 1.905460717963235e+02  1.000000000000000e-05 -0.000000000000000e+00  9.649642651645710e-02 -1.838701501602897e-02 
 1.949844599758032e+02  1.000000000000000e-05 -0.000000000000000e+00  9.633735588203599e-02 -1.878428731311130e-02 
 1.995262314968867e+02  1.000000000000000e-05 -0.000000000000000e+00  9.617134961139957e-02 -1.918870696690848e-02 
 2.041737944669516e+02  1.000000000000000e-05  2.500000000000000e-01  9.599813179790287e-02 -1.960030283191368e-02 
 2.089296130854026e+02  1.000000000000000e-05 -0.000000000000000e+00  9.581741800329295e-02 -2.001909607128896e-02 
 2.137962089502218e+02  9.999999999999999e-06 -0.000000000000000e+00  9.562891522600596e-02 -2.044509954238260e-02 
 2.187761623949538e+02  1.000000000000000e-05 -0.000000000000000e+00  9.543232189558987e-02 -2.087831715381954e-02 
 2.238721138568325e+02  1.000000000000000e-05 -0.000000000000000e+00  9.522732789611679e-02 -2.131874319412629e-02 
 2.290867652767758e+02  1.000000000000000e-05 -0.000000000000000e+00  9.501361462161992e-02 -2.176636163202879e-02 
 2.344228815319906e+02  9.999999999999999e-06 -0.000000000000000e+00  9.479085506675969e-02 -2.222114538876199e-02 
 2.398832919019474e+02  1.000000000000000e-05 -0.000000000000000e+00  9.455871395608854e-02 -2.268305558295557e-02 
 2.454708915685014e+02  1.000000000000000e-05 -0.000000000000000e+00  9.431684791544445e-02 -2.315204074891323e-02 
 2.511886431509563e+02  1.000000000000000e-05 -0.000000000000000e+00  9.406490568915471e-02 -2.362803602938403e-02 
 2.570395782768846e+02  1.000000000000000e-05 -0.000000000000000e+00  9.380252840687221e-02 -2.411096234423511e-02 
 2.630267991895364e+02  1.000000000000000e-05 -0.000000000000000e+00  9.352934990399155e-02 -2.460072553677721e-02 
 2.691534803926897e+02  1.000000000000000e-05 -0.000000000000000e+00  9.324499709970098e-02 -2.509721549986822e-02 
 2.754228703338148e+02  1.000000000000000e-05 -0.000000000000000e+00  9.294909043680967e-02 -2.560030528432652e-02 
 2.818382931264435e+02  1.000000000000000e-05 -0.000000000000000e+00  9.264124438754844e-02 -2.610985019262540e-02 
 2.884031503126586e+02  1.000000000000000e-05 -0.000000000000000e+00  9.232106802956806e-02 -2.662568686131201e-02 
 2.951209226666365e+02  9.999999999999999e-06  2.500000000000000e-01  9.198816569634757e-02 -2.714763233609944e-02 
 3.019951720401995e+02  1.000000000000000e-05 -0.000000000000000e+00  9.164213770617138e-02 -2.767548314411568e-02 
 3.090295432513569e+02  1.000000000000000e-05 -0.000000000000000e+00  9.128258117373099e-02 -2.820901436835897e-02 
 3.162277660168357e+02  1.000000000000000e-05  2.500000000000000e-01  9.090909090824929e-02 -2.874797873000054e-02 
 3.235936569296260e+02  9.999999999999999e-06  2.500000000000000e-01  9.052126040180664e-02 -2.929210568479070e-02 
 3.311311214825888e+02  1.000000000000000e-05 -0.000000000000000e+00  9.011868291125999e-02 -2.984110054045845e-02 
 3.388441561392002e+02  1.000000000000000e-05 -0.000000000000000e+00  8.970095263678657e-02 -3.039464360264162e-02 
 3.467368504525292e+02  1.000000000000000e-05  2.500000000000000e-01  8.926766599963978e-02 -3.095238935753915e-02 
 3.548133892335729e+02  1.000000000000000e-05 -0.000000000000000e+00  8.881842302117700e-02 -3.151396570012935e-02 
 3.630780547700987e+02  1.000000000000000e-05 -0.000000000000000e+00  8.835282880459604e-02 -3.207897321744140e-02 
 3.715352290971698e+02  1.000000000000000e-05 -0.000000000000000e+00  8.787049512009983e-02 -3.264698453699008e-02 
 3.801893963205584e+02  1.000000000000000e-05 -0.000000000000000e+00  8.737104209338453e-02 -3.321754375107307e-02 
 3.890451449942777e+02  1.000000000000000e-05 -0.000000000000000e+00  8.685409999642246e-02 -3.379016592817598e-02 
 3.981071705534943e+02  1.000000000000000e-05 -0.000000000000000e+00  8.631931113847648e-02 -3.436433672321513e-02 
 4.073802778041097e+02  1.000000000000000e-05 -0.000000000000000e+00  8.576633185414256e-02 -3.493951209875890e-02 
 4.168693834703323e+02  1.000000000000000e-05 -0.000000000000000e+00  8.519483458397296e-02 -3.551511816968592e-02 
 4.265795188015895e+02  1.000000000000000e-05 -0.000000000000000e+00  8.460451004188309e-02 -3.609055118394821e-02 
 4.365158322401627e+02  1.000000000000000e-05 -0.000000000000000e+00  8.399506946210640e-02 -3.666517765218839e-02 
 4.466835921509598e+02  1.000000000000000e-05 -0.000000000000000e+00  8.336624691693173e-02 -3.723833463889488e-02 
 4.570881896148716e+02  9.999999999999999e-06 -0.000000000000000e+00  8.271780169485822e-02 -3.780933022754972e-02 
 4.677351412871947e+02  1.000000000000000e-05  5.000000000000000e-01  8.204952072714251e-02 -3.837744417181057e-02 
 4.786300923226348e+02  1.000000000000000e-05 -0.000000000000000e+00  8.136122104901443e-02 -3.894192874415479e-02 
 4.897788193684425e+02  1.000000000000000e-05 -0.000000000000000e+00  8.065275228012182e-02 -3.950200979258475e-02 
 5.011872336272685e+02  1.000000000000000e-05  5.000000000000000e-01  7.992399910705589e-02 -4.005688801493311e-02 
 5.128613839913610e+02  1.000000000000000e-05 -0.000000000000000e+00  7.917488374913945e-02 -4.060574045900623e-02 
 5.248074602497686e+02  9.999999999999999e-06  5.000000000000000e-01  7.840536838705735e-02 -4.114772225525413e-02 
 5.370317963702487e+02  9.999999999999999e-06  5.000000000000000e-01  7.761545753241386e-02 -4.168196858685324e-02 
 5.495408738576203e+02  1.000000000000000e-05 -0.000000000000000e+00  7.680520031494430e-02 -4.220759690003312e-02 
 5.623413251903447e+02  1.000000000000000e-05 -0.000000000000000e+00  7.597469266293706e-02 -4.272370935518054e-02 
 5.754399373371524e+02  1.000000000000000e-05 -0.000000000000000e+00  7.512407935146809e-02 -4.322939551672116e-02 
 5.888436553555844e+02  1.000000000000000e-05 -0.000000000000000e+00  7.425355589236023e-02 -4.372373527703386e-02 
 6.025595860743530e+02  1.000000000000000e-05 -0.000000000000000e+00  7.336337023939082e-02 -4.420580200671768e-02 
 6.165950018614773e+02  1.000000000000000e-05  5.000000000000000e-01  7.245382428222123e-02 -4.467466592044206e-02 
 6.309573444801882e+02  1.000000000000000e-05 -0.000000000000000e+00  7.152527510284593e-02 -4.512939764440446e-02 
 6.456542290346504e+02  1.000000000000000e-05  5.000000000000000e-01  7.057813596908569e-02 -4.556907196814302e-02 
 6.606934480075907e+02  1.000000000000000e-05 -0.000000000000000e+00  6.961287704080595e-02 -4.599277176016037e-02 
 6.760829753919763e+02  1.000000000000000e-05 -0.000000000000000e+00  6.863002576613893e-02 -4.639959202356179e-02 
 6.918309709189309e+02  9.999999999999999e-06 -0.000000000000000e+00  6.763016694704446e-02 -4.678864406476555e-02 
 7.079457843841321e+02  1.000000000000000e-05 -0.000000000000000e+00  6.661394245604754e-02 -4.715905974536727e-02 
 7.244359600749841e+02  1.000000000000000e-05 -0.000000000000000e+00  6.558205058894098e-02 -4.750999578450479e-02 
 7.413102413009113e+02  1.000000000000000e-05 -0.000000000000000e+00  6.453524504160765e-02 -4.784063807664360e-02 
 7.585775750291774e+02  9.999999999999999e-06 -0.000000000000000e+00  6.347433350287084e-02 -4.815020598765277e-02 
 7.762471166286851e+02  1.000000000000000e-05  1.000000000000000e+00  6.240017585937756e-02 -4.843795659043111e-02 
 7.943282347242747e+02  1.000000000000000e-05 -0.000000000000000e+00  6.131368201289892e-02 -4.870318880023143e-02 
 8.128305161640923e+02  1.000000000000000e-05 -0.000000000000000e+00  6.021580931503226e-02 -4.894524736926847e-02 
 8.317637711026639e+02  1.000000000000000e-05 -0.000000000000000e+00  5.910755962903308e-02 -4.916352670022350e-02 
 8.511380382023692e+02  1.000000000000000e-05 -0.000000000000000e+00  5.798997603330743e-02 -4.935747443890494e-02 
 8.709635899560732e+02  1.000000000000000e-05 -0.000000000000000e+00  5.686413918586902e-02 -4.952659480760815e-02 
 8.912509381337379e+02  1.000000000000000e-05 -0.000000000000000e+00  5.573116337371700e-02 -4.967045164263909e-02 
 9.120108393559019e+02  1.000000000000000e-05 -0.000000000000000e+00  5.459219227552414e-02 -4.978867110201476e-02 
 9.332543007969830e+02  1.000000000000000e-05 -0.000000000000000e+00  5.344839447014954e-02 -4.988094401250066e-02 
 9.549925860214277e+02  1.000000000000000e-05 -0.000000000000000e+00  5.230095872721591e-02 -4.994702782884718e-02 
 9.772372209558022e+02  1.000000000000000e-05 -0.000000000000000e+00  5.115108911923481e-02 -4.998674818228890e-02 
 9.999999999999912e+02  1.000000000000000e-05 -0.000000000000000e+00  4.999999999745428e-02 -4.999999999999985e-02 
 1.023292992280745e+03  1.000000000000000e-05 -0.000000000000000e+00  4.884891087567647e-02 -4.998674818217173e-02 
 1.047128548050890e+03  1.000000000000000e-05 -0.000000000000000e+00  4.769904126770345e-02 -4.994702782861313e-02 
 1.071519305237597e+03  1.000000000000000e-05 -0.000000000000000e+00  4.655160552478326e-02 -4.988094401215038e-02 
 1.096478196143175e+03  1.000000000000000e-05 -0.000000000000000e+00  4.540780771942740e-02 -4.978867110154914e-02 
 1.122018454301953e+03  1.000000000000000e-05 -0.000000000000000e+00  4.426883662125847e-02 -4.967045164205938e-02 
 1.148153621496872e+03  1.000000000000000e-05  1.000000000000000e+00  4.313586080913551e-02 -4.952659480691585e-02 
 1.174897554939519e+03  1.000000000000000e-05 -0.000000000000000e+00  4.201002396173117e-02 -4.935747443810184e-02 
 1.202264434617402e+03  9.999999999999999e-06 -0.000000000000000e+00  4.089244036604442e-02 -4.916352669931166e-02 
 1.230268770812370e+03  1.000000000000000e-05 -0.000000000000000e+00  3.978419068008887e-02 -4.894524736825022e-02 
 1.258925411794156e+03  1.000000000000000e-05  1.000000000000000e+00  3.868631798227033e-02 -4.870318879910931e-02 
 1.288249551693122e+03  1.000000000000000e-05 -0.000000000000000e+00  3.759982413584417e-02 -4.843795658920796e-02 
 1.318256738556395e+03  1.000000000000000e-05 -0.000000000000000e+00  3.652566649240750e-02 -4.815020598633155e-02 
 1.348962882591641e+03  1.000000000000000e-05 -0.000000000000000e+00  3.546475495373120e-02 -4.784063807522750e-02 
 1.380384264602872e+03  1.000000000000000e-05 -0.000000000000000e+00  3.441794940646205e-02 -4.750999578299721e-02 
 1.412537544622741e+03  1.000000000000000e-05 -0.000000000000000e+00  3.338605753942318e-02 -4.715905974377175e-02 
 1.445439770745914e+03  1.000000000000000e-05 -0.000000000000000e+00  3.236983304849714e-02 -4.678864406308571e-02 
 1.479108388168193e+03  1.000000000000000e-05 -0.000000000000000e+00  3.136997422947650e-02 -4.639959202180145e-02 
 1.513561248436194e+03  9.999999999999999e-06 -0.000000000000000e+00  3.038712295488604e-02 -4.599277175832342e-02 
 1.548816618912467e+03  1.000000000000000e-05 -0.000000000000000e+00  2.942186402668527e-02 -4.556907196623343e-02 
 1.584893192461099e+03  1.000000000000000e-05 -0.000000000000000e+00  2.847472489300626e-02 -4.512939764242624e-02 
 1.621810097358915e+03  1.000000000000000e-05 -0.000000000000000e+00  2.754617571371411e-02 -4.467466591839931e-02 
 1.659586907437545e+03  1.000000000000000e-05 -0.000000000000000e+00  2.663662975662940e-02 -4.420580200461447e-02 
 1.698243652461728e+03  1.000000000000000e-05  2.000000000000000e+00  2.574644410374632e-02 -4.372373527487432e-02 
 1.737800828749359e+03  1.000000000000000e-05 -0.000000000000000e+00  2.487592064472601e-02 -4.322939551450942e-02 
 1.778279410038906e+03  1.000000000000000e-05 -0.000000000000000e+00  2.402530733334556e-02 -4.272370935292067e-02 
 1.819700858609966e+03  1.000000000000000e-05 -0.000000000000000e+00  2.319479968142758e-02 -4.220759689772918e-02 
 1.862087136662849e+03  1.000000000000000e-05 -0.000000000000000e+00  2.238454246404781e-02 -4.168196858450924e-02 
 1.905460717963228e+03  1.000000000000000e-05 -0.000000000000000e+00  2.159463160949443e-02 -4.114772225287398e-02 
 1.949844599758026e+03  1.000000000000000e-05 -0.000000000000000e+00  2.082511624750262e-02 -4.060574045659380e-02 
 1.995262314968860e+03  1.000000000000000e-05  2.000000000000000e+00  2.007600088967631e-02 -4.005688801249219e-02 
 2.041737944669509e+03  1.000000000000000e-05 -0.000000000000000e+00  1.934724771670031e-02 -3.950200979011903e-02 
 2.089296130854019e+03  9.999999999999999e-06 -0.000000000000000e+00  1.863877894789716e-02 -3.894192874166784e-02 
 2.137962089502211e+03  1.000000000000000e-05 -0.000000000000000e+00  1.795047926985798e-02 -3.837744416930590e-02 
 2.187761623949531e+03  1.000000000000000e-05 -0.000000000000000e+00  1.728219830223040e-02 -3.780933022503069e-02 
 2.238721138568317e+03  1.000000000000000e-05 -0.000000000000000e+00  1.663375308024418e-02 -3.723833463636471e-02 
 2.290867652767750e+03  1.000000000000000e-05 -0.000000000000000e+00  1.600493053515577e-02 -3.666517764965023e-02 
 2.344228815319898e+03  1.000000000000000e-05 -0.000000000000000e+00  1.539548995546422e-02 -3.609055118140505e-02 
 2.398832919019466e+03  1.000000000000000e-05 -0.000000000000000e+00  1.480516541345827e-02 -3.551511816714063e-02 
 2.454708915685005e+03  1.000000000000000e-05 -0.000000000000000e+00  1.423366814337125e-02 -3.493951209621421e-02 
 2.511886431509554e+03  1.000000000000000e-05  2.000000000000000e+00  1.368068885911853e-02 -3.436433672067364e-02 
 2.570395782768837e+03  1.000000000000000e-05 -0.000000000000000e+00  1.314590000125222e-02 -3.379016592564018e-02 
 2.630267991895354e+03  1.000000000000000e-05 -0.000000000000000e+00  1.262895790436832e-02 -3.321754374854530e-02 
 2.691534803926887e+03  1.000000000000000e-05 -0.000000000000000e+00  1.212950487772957e-02 -3.264698453447253e-02 
 2.754228703338138e+03  1.000000000000000e-05 -0.000000000000000e+00  1.164717119330823e-02 -3.207897321493614e-02 
 2.818382931264424e+03  1.000000000000000e-05  2.000000000000000e+00  1.118157697680043e-02 -3.151396569763835e-02 
 2.884031503126575e+03  1.000000000000000e-05 -0.000000000000000e+00  1.073233399840906e-02 -3.095238935506426e-02 
 2.951209226666354e+03  1.000000000000000e-05 -0.000000000000000e+00  1.029904736133200e-02 -3.039464360018452e-02 
 3.019951720401984e+03  1.000000000000000e-05 -0.000000000000000e+00  9.881317086926487e-03 -2.984110053802072e-02 
 3.090295432513557e+03  1.000000000000000e-05 -0.000000000000000e+00  9.478739596445929e-03 -2.929210568237385e-02 
 3.162277660168345e+03  1.000000000000000e-05 -0.000000000000000e+00  9.090909090067566e-03 -2.874797872760589e-02 
 3.235936569296248e+03  1.000000000000000e-05 -0.000000000000000e+00  8.717418824648418e-03 -2.820901436598777e-02 
 3.311311214825875e+03  1.000000000000000e-05 -0.000000000000000e+00  8.357862292268750e-03 -2.767548314176908e-02 
 3.388441561391989e+03  1.000000000000000e-05 -0.000000000000000e+00  8.011834302151492e-03 -2.714763233377849e-02 
 3.467368504525279e+03  1.000000000000000e-05 -0.000000000000000e+00  7.678931968988164e-03 -2.662568685901766e-02 
 3.548133892335716e+03  1.000000000000000e-05 -0.000000000000000e+00  7.358755611063192e-03 -2.610985019035849e-02 
 3.630780547700973e+03  1.000000000000000e-05 -0.000000000000000e+00  7.050909561855633e-03 -2.560030528208783e-02 
 3.715352290971684e+03  9.999999999999999e-06 -0.000000000000000e+00  6.755002899016261e-03 -2.509721549765842e-02 
 3.801893963205570e+03  1.000000000000000e-05 -0.000000000000000e+00  6.470650094775945e-03 -2.460072553459691e-02 
 3.890451449942763e+03  1.000000000000000e-05  4.000000000000000e+00  6.197471591943857e-03 -2.411096234208482e-02 
 3.981071705534928e+03  1.000000000000000e-05  4.000000000000000e+00  5.935094309708293e-03 -2.362803602726421e-02 
 4.073802778041082e+03  1.000000000000000e-05 -0.000000000000000e+00  5.683152083463931e-03 -2.315204074682426e-02 
 4.168693834703307e+03  1.000000000000000e-05 -0.000000000000000e+00  5.441286042863619e-03 -2.268305558089778e-02 
 4.265795188015879e+03  1.000000000000000e-05 -0.000000000000000e+00  5.209144932234705e-03 -2.222114538673564e-02 
 4.365158322401610e+03  1.000000000000000e-05 -0.000000000000000e+00  4.986385377415208e-03 -2.176636163003406e-02 
 4.466835921509581e+03  1.000000000000000e-05 -0.000000000000000e+00  4.772672102957614e-03 -2.131874319216332e-02 
 4.570881896148699e+03  1.000000000000000e-05 -0.000000000000000e+00  4.567678103522385e-03 -2.087831715188845e-02 
 4.677351412871929e+03  1.000000000000000e-05 -0.000000000000000e+00  4.371084773142773e-03 -2.044509954048342e-02 
 4.786300923226329e+03  1.000000000000000e-05 -0.000000000000000e+00  4.182581995890872e-03 -2.001909606942170e-02 
 4.897788193684407e+03  1.000000000000000e-05 -0.000000000000000e+00  4.001868201314710e-03 -1.960030283007832e-02 
 5.011872336272666e+03  1.000000000000000e-05 -0.000000000000000e+00  3.828650387850554e-03 -1.918870696510492e-02 
 5.128613839913590e+03  1.000000000000000e-05 -0.000000000000000e+00  3.662644117245412e-03 -1.878428731133943e-02 
 5.248074602497666e+03  1.000000000000000e-05 -0.000000000000000e+00  3.503573482854381e-03 -1.838701501428866e-02 
 5.370317963702466e+03  1.000000000000000e-05 -0.000000000000000e+00  3.351171054507333e-03 -1.799685411437689e-02 
 5.495408738576182e+03  1.000000000000000e-05 -0.000000000000000e+00  3.205177802471209e-03 -1.761376210528761e-02 
 5.623413251903426e+03  1.000000000000000e-05 -0.000000000000000e+00  3.065343002868997e-03 -1.723769046484072e-02 
 5.754399373371502e+03  1.000000000000000e-05 -0.000000000000000e+00  2.931424126755303e-03 -1.686858515894580e-02 
 5.888436553555821e+03  1.000000000000000e-05 -0.000000000000000e+00  2.803186714892227e-03 -1.650638711925397e-02 
 6.025595860743507e+03  1.000000000000000e-05 -0.000000000000000e+00  2.680404240118407e-03 -1.615103269519925e-02 
 6.165950018614749e+03  1.000000000000000e-05 -0.000000000000000e+00  2.562857959059540e-03 -1.580245408117481e-02 
 6.309573444801857e+03  1.000000000000000e-05 -0.000000000000000e+00  2.450336754790213e-03 -1.546057971963357e-02 
 6.456542290346478e+03  1.000000000000000e-05 -0.000000000000000e+00  2.342636971925293e-03 -1.512533468093507e-02 
 6.606934480075881e+03  1.000000000000000e-05 -0.000000000000000e+00  2.239562245494112e-03 -1.479664102078468e-02 
 6.760829753919737e+03  1.000000000000000e-05 -0.000000000000000e+00  2.140923324832686e-03 -1.447441811612665e-02 
 6.918309709189281e+03  1.000000000000000e-05 -0.000000000000000e+00  2.046537893617838e-03 -1.415858298036105e-02 
 7.079457843841294e+03  1.000000000000000e-05 -0.000000000000000e+00  1.956230387062661e-03 -1.384905055875666e-02 
 7.244359600749813e+03  1.000000000000000e-05 -0.000000000000000e+00  1.869831807194779e-03 -1.354573400492864e-02 
 7.413102413009085e+03  1.000000000000000e-05 -0.000000000000000e+00  1.787179537047455e-03 -1.324854493924158e-02 
 7.585775750291745e+03  1.000000000000000e-05 -0.000000000000000e+00  1.708117154508395e-03 -1.295739368998693e-02 
 7.762471166286822e+03  1.000000000000000e-05 -0.000000000000000e+00  1.632494246491887e-03 -1.267218951816769e-02 
 7.943282347242717e+03  1.000000000000000e-05 -0.000000000000000e+00  1.560166224026581e-03 -1.239284082670573e-02 
 8.128305161640892e+03  9.999999999999999e-06 -0.000000000000000e+00  1.490994138783313e-03 -1.211925535486585e-02 
 8.317637711026608e+03  9.999999999999999e-06 -0.000000000000000e+00  1.424844501504810e-03 -1.185134035866881e-02 
 8.511380382023659e+03  1.000000000000000e-05 -0.000000000000000e+00  1.361589102741456e-03 -1.158900277804095e-02 
 8.709635899560699e+03  1.000000000000000e-05 -0.000000000000000e+00  1.301104836244451e-03 -1.133214939142376e-02 
 8.912509381337344e+03  1.000000000000000e-05  8.000000000000000e+00  1.243273525319222e-03 -1.108068695854017e-02 
 9.120108393558983e+03  1.000000000000000e-05 -0.000000000000000e+00  1.187981752397630e-03 -1.083452235198824e-02 
 9.332543007969793e+03  1.000000000000000e-05 -0.000000000000000e+00  1.135120692047203e-03 -1.059356267830640e-02 
 9.549925860214238e+03  1.000000000000000e-05 -0.000000000000000e+00  1.084585947598897e-03 -1.035771538912710e-02 
 9.772372209557981e+03  1.000000000000000e-05 -0.000000000000000e+00  1.036277391541557e-03 -1.012688838300962e-02 
 9.999999999999871e+03  1.000000000000000e-05 -0.000000000000000e+00  9.900990098011761e-04 -9.900990098515807e-03 
 1.023292992280741e+04  1.000000000000000e-05 -0.000000000000000e+00  9.459587499958372e-04 -9.679929599066810e-03 
 1.047128548050886e+04  1.000000000000000e-05 -0.000000000000000e+00  9.037683737327747e-04 -9.463616650093007e-03 
 1.071519305237592e+04  1.000000000000000e-05 -0.000000000000000e+00  8.634433129920935e-04 -9.251961788964452e-03 
 1.096478196143171e+04  1.000000000000000e-05  8.000000000000000e+00  8.249025306220559e-04 -9.044876388164662e-03 
 1.122018454301949e+04  1.000000000000000e-05  8.000000000000000e+00  7.880683849534197e-04 -8.842272712146952e-03 
 1.148153621496868e+04  1.000000000000000e-05 -0.000000000000000e+00  7.528664985248104e-04 -8.644063968289440e-03 
 1.174897554939514e+04  1.000000000000000e-05 -0.000000000000000e+00  7.192256308974614e-04 -8.450164352342861e-03 
 1.202264434617397e+04  1.000000000000000e-05 -0.000000000000000e+00  6.870775555256193e-04 -8.260489088743756e-03 
 1.230268770812365e+04  1.000000000000000e-05 -0.000000000000000e+00  6.563569406384250e-04 -8.074954466145184e-03 
 1.258925411794151e+04  1.000000000000000e-05 -0.000000000000000e+00  6.270012340799434e-04 -7.893477868497280e-03 
 1.288249551693117e+04  1.000000000000000e-05 -0.000000000000000e+00  5.989505520461734e-04 -7.715977801991186e-03 
 1.318256738556390e+04  9.999999999999997e-06  1.600000000000000e+01  5.721475716511157e-04 -7.542373918161650e-03 
 1.348962882591636e+04  1.000000000000000e-05 -0.000000000000000e+00  5.465374272483168e-04 -7.372587033426484e-03 
 1.380384264602866e+04  1.000000000000000e-05 -0.000000000000000e+00  5.220676104295342e-04 -7.206539145324448e-03 
 1.412537544622735e+04  1.000000000000000e-05 -0.000000000000000e+00  4.986878736182741e-04 -7.044153445697598e-03 
 1.445439770745908e+04  1.000000000000000e-05 -0.000000000000000e+00  4.763501371728077e-04 -6.885354331049062e-03 
 1.479108388168187e+04  1.000000000000000e-05 -0.000000000000000e+00  4.550083999107988e-04 -6.730067410293180e-03 
 1.513561248436188e+04  1.000000000000000e-05 -0.000000000000000e+00  4.346186529658487e-04 -6.578219510101414e-03 
 1.548816618912460e+04  9.999999999999999e-06 -0.000000000000000e+00  4.151387968849460e-04 -6.429738678034698e-03 
 1.584893192461092e+04  1.000000000000000e-05 -0.000000000000000e+00  3.965285618750062e-04 -6.284554183640860e-03 
 1.621810097358908e+04  1.000000000000000e-05 -0.000000000000000e+00  3.787494311063069e-04 -6.142596517684295e-03 
 1.659586907437538e+04  1.000000000000000e-05  1.600000000000000e+01  3.617645669806261e-04 -6.003797389664296e-03 
 1.698243652461721e+04  1.000000000000000e-05 -0.000000000000000e+00  3.455387402722361e-04 -5.868089723768254e-03 
 1.737800828749351e+04  9.999999999999999e-06  1.600000000000000e+01  3.300382620505376e-04 -5.735407653396253e-03 
 1.778279410038898e+04  1.000000000000000e-05 -0.000000000000000e+00  3.152309182940261e-04 -5.605686514384659e-03 
 1.819700858609958e+04  1.000000000000000e-05 -0.000000000000000e+00  3.010859071063908e-04 -5.478862837047567e-03 
 1.862087136662842e+04  1.000000000000000e-05 -0.000000000000000e+00  2.875737784468664e-04 -5.354874337147078e-03 
 1.905460717963221e+04  1.000000000000000e-05 -0.000000000000000e+00  2.746663762884351e-04 -5.233659905895683e-03 
 1.949844599758018e+04  9.999999999999999e-06  1.600000000000000e+01  2.623367831190925e-04 -5.115159599087002e-03 
 1.995262314968852e+04  9.999999999999999e-06  1.600000000000000e+01  2.505592667031260e-04 -4.999314625444343e-03 
 2.041737944669501e+04  1.000000000000000e-05 -0.000000000000000e+00  2.393092290211819e-04 -4.886067334270314e-03 
 2.089296130854010e+04  1.000000000000000e-05 -0.000000000000000e+00  2.285631573098100e-04 -4.775361202474793e-03 
 2.137962089502202e+04  1.000000000000000e-05 -0.000000000000000e+00  2.182985771231358e-04 -4.667140821053028e-03 
 2.187761623949522e+04  1.000000000000000e-05  1.600000000000000e+01  2.084940073413311e-04 -4.561351881080410e-03 
 2.238721138568308e+04  1.000000000000000e-05 -0.000000000000000e+00  1.991289170525975e-04 -4.457941159285657e-03 
 2.290867652767740e+04  1.000000000000000e-05 -0.000000000000000e+00  1.901836842374487e-04 -4.356856503259510e-03 
 2.344228815319889e+04  1.000000000000000e-05 -0.000000000000000e+00  1.816395561861548e-04 -4.258046816351826e-03 
 2.398832919019456e+04  9.999999999999999e-06 -0.000000000000000e+00  1.734786115822964e-04 -4.161462042305933e-03 
 2.454708915684995e+04  1.000000000000000e-05 -0.000000000000000e+00  1.656837241874496e-04 -4.067053149675362e-03 
 2.511886431509544e+04  1.000000000000000e-05 -0.000000000000000e+00  1.582385280640861e-04 -3.974772116064602e-03 
 2.570395782768826e+04  1.000000000000000e-05 -0.000000000000000e+00  1.511273842758161e-04 -3.884571912232222e-03 
 2.630267991895344e+04  1.000000000000000e-05 -0.000000000000000e+00  1.443353490061190e-04 -3.796406486091701e-03 
 2.691534803926876e+04  9.999999999999999e-06 -0.000000000000000e+00  1.378481430386979e-04 -3.710230746642388e-03 
 2.754228703338126e+04  1.000000000000000e-05 -0.000000000000000e+00  1.316521225445467e-04 -3.626000547860431e-03 
 2.818382931264412e+04  1.000000000000000e-05  3.200000000000000e+01  1.257342511227435e-04 -3.543672672576985e-03 
 2.884031503126564e+04  1.000000000000000e-05 -0.000000000000000e+00  1.200820730438591e-04 -3.463204816368701e-03 
 2.951209226666342e+04  1.000000000000000e-05  3.200000000000000e+01  1.146836876467134e-04 -3.384555571483359e-03 
 3.019951720401971e+04  9.999999999999999e-06 -0.000000000000000e+00  1.095277248410054e-04 -3.307684410821513e-03 
 3.090295432513544e+04  1.000000000000000e-05 -0.000000000000000e+00  1.046033216700979e-04 -3.232551671993093e-03 
 3.162277660168332e+04  1.000000000000000e-05  3.200000000000000e+01  9.990009988993862e-05 -3.159118541466244e-03 
 3.235936569296234e+04  1.000000000000000e-05  3.200000000000000e+01  9.540814452176517e-05 -3.087347038824012e-03 
 3.311311214825861e+04  9.999999999999999e-06 -0.000000000000000e+00  9.111798333784937e-05 -3.017200001143005e-03 
 3.388441561391974e+04  9.999999999999999e-06  3.200000000000000e+01  8.702056724110363e-05 -2.948641067506755e-03 
 3.467368504525264e+04  1.000000000000000e-05  3.200000000000000e+01  8.310725150089112e-05 -2.881634663665235e-03 
 3.548133892335701e+04  9.999999999999999e-06  3.200000000000000e+01  7.936977780884964e-05 -2.816145986850737e-03 
 3.630780547700958e+04  9.999999999999999e-06  3.200000000000000e+01  7.580025711996806e-05 -2.752140990759253e-03 
 3.715352290971669e+04  9.999999999999999e-06  3.200000000000000e+01  7.239115324552608e-05 -2.689586370705423e-03 
 3.801893963205554e+04  1.000000000000000e-05 -0.000000000000000e+00  6.913526716584650e-05 -2.628449548958195e-03 
 3.890451449942747e+04  1.000000000000000e-05  3.200000000000000e+01  6.602572203209056e-05 -2.568698660263437e-03 
 3.981071705534912e+04  1.000000000000000e-05 -0.000000000000000e+00  6.305594882757333e-05 -2.510302537558923e-03 
 4.073802778041065e+04  1.000000000000000e-05 -0.000000000000000e+00  6.021967266027278e-05 -2.453230697886350e-03 
 4.168693834703290e+04  1.000000000000000e-05 -0.000000000000000e+00  5.751089965936401e-05 -2.397453328504384e-03 
 4.265795188015862e+04  1.000000000000000e-05 -0.000000000000000e+00  5.492390444972337e-05 -2.342941273206035e-03 
 4.365158322401593e+04  1.000000000000000e-05 -0.000000000000000e+00  5.245321817942207e-05 -2.289666018843100e-03 
 4.466835921509562e+04  1.000000000000000e-05 -0.000000000000000e+00  5.009361707626209e-05 -2.237599682059866e-03 
 4.570881896148680e+04  1.000000000000000e-05 -0.000000000000000e+00  4.784011151040405e-05 -2.186714996237750e-03 
 4.677351412871909e+04  1.000000000000000e-05 -0.000000000000000e+00  4.568793554109207e-05 -2.136985298652095e-03 
 4.786300923226309e+04  1.000000000000000e-05 -0.000000000000000e+00  4.363253692640496e-05 -2.088384517841925e-03 
 4.897788193684386e+04  1.000000000000000e-05 -0.000000000000000e+00  4.166956757584614e-05 -2.040887161193054e-03 
 5.011872336272644e+04  1.000000000000000e-05 -0.000000000000000e+00  3.979487442643757e-05 -1.994468302734623e-03 
 5.128613839913568e+04  1.000000000000000e-05 -0.000000000000000e+00  3.800449072380096e-05 -1.949103571148775e-03 
 5.248074602497643e+04  1.000000000000000e-05 -0.000000000000000e+00  3.629462769049436e-05 -1.904769137992905e-03 
 5.370317963702443e+04  1.000000000000000e-05 -0.000000000000000e+00  3.466166656462806e-05 -1.861441706133651e-03 
 5.495408738576159e+04  1.000000000000000e-05 -0.000000000000000e+00  3.310215099250718e-05 -1.819098498391546e-03 
 5.623413251903402e+04  9.999999999999999e-06 -0.000000000000000e+00  3.161277975974415e-05 -1.777717246395013e-03 
 5.754399373371479e+04  1.000000000000000e-05 -0.000000000000000e+00  3.019039984595091e-05 -1.737276179642207e-03 
 5.888436553555797e+04  1.000000000000000e-05 -0.000000000000000e+00  2.883199978876165e-05 -1.697754014769023e-03 
 6.025595860743483e+04  1.000000000000000e-05 -0.000000000000000e+00  2.753470334354956e-05 -1.659129945021405e-03 
 6.165950018614724e+04  1.000000000000000e-05 -0.000000000000000e+00  2.629576342579040e-05 -1.621383629929970e-03 
 6.309573444801832e+04  1.000000000000000e-05 -0.000000000000000e+00  2.511255632359001e-05 -1.584495185184824e-03 
 6.456542290346453e+04  1.000000000000000e-05 -0.000000000000000e+00  2.398257616843357e-05 -1.548445172708312e-03 
 6.606934480075855e+04  1.000000000000000e-05 -0.000000000000000e+00  2.290342965273295e-05 -1.513214590923385e-03 
 6.760829753919710e+04  1.000000000000000e-05 -0.000000000000000e+00  2.187283098324534e-05 -1.478784865215121e-03 
 6.918309709189254e+04  9.999999999999999e-06 -0.000000000000000e+00  2.088859705991201e-05 -1.445137838582903e-03 
 7.079457843841266e+04  1.000000000000000e-05 -0.000000000000000e+00  1.994864287012239e-05 -1.412255762480675e-03 
 7.244359600749785e+04  1.000000000000000e-05 -0.000000000000000e+00  1.905097708884465e-05 -1.380121287842637e-03 
 7.413102413009056e+04  1.000000000000000e-05 -0.000000000000000e+00  1.819369787548293e-05 -1.348717456291681e-03 
 7.585775750291716e+04  1.000000000000000e-05  6.400000000000000e+01  1.737498885872092e-05 -1.318027691527855e-03 
 7.762471166286792e+04  1.000000000000000e-05 -0.000000000000000e+00  1.659311530099549e-05 -1.288035790894085e-03 
 7.943282347242687e+04  1.000000000000000e-05 -0.000000000000000e+00  1.584642043461058e-05 -1.258725917116376e-03 
 8.128305161640861e+04  1.000000000000000e-05 -0.000000000000000e+00  1.513332196185314e-05 -1.230082590215677e-03 
 8.317637711026576e+04  1.000000000000000e-05 -0.000000000000000e+00  1.445230871180871e-05 -1.202090679588593e-03 
 8.511380382023628e+04  1.000000000000000e-05  6.400000000000000e+01  1.380193744689635e-05 -1.174735396254127e-03 
 8.709635899560666e+04  1.000000000000000e-05 -0.000000000000000e+00  1.318082981245008e-05 -1.148002285263605e-03 
 8.912509381337311e+04  1.000000000000000e-05 -0.000000000000000e+00  1.258766942296889e-05 -1.121877218270958e-03 
 9.120108393558950e+04  1.000000000000000e-05 -0.000000000000000e+00  1.202119907893880e-05 -1.096346386260556e-03 
 9.332543007969759e+04  1.000000000000000e-05 -0.000000000000000e+00  1.148021810840032e-05 -1.071396292429748e-03 
 9.549925860214204e+04  1.000000000000000e-05 -0.000000000000000e+00  1.096357982769234e-05 -1.047013745223334e-03 
 9.772372209557948e+04  1.000000000000000e-05 -0.000000000000000e+00  1.047018911605030e-05 -1.023185851517162e-03 
 9.999999999999837e+04  9.999999999999999e-06 -0.000000000000000e+00  9.999000098972072e-06 -9.999000099481072e-04 
 1.023292992280737e+05  1.000000000000000e-05 -0.000000000000000e+00  9.549013935490922e-06 -9.771439043876539e-04 
 1.047128548050882e+05  1.000000000000000e-05 -0.000000000000000e+00  9.119276704710452e-06 -9.549054975563946e-04 
 1.071519305237589e+05  1.000000000000000e-05 -0.000000000000000e+00  8.708877387162764e-06 -9.331730247767180e-04 
 1.096478196143167e+05  1.000000000000000e-05 -0.000000000000000e+00  8.316945936748295e-06 -9.119349878610383e-04 
 1.122018454301945e+05  1.000000000000000e-05 -0.000000000000000e+00  7.942651439204475e-06 -8.911801491329126e-04 
 1.148153621496864e+05  1.000000000000000e-05 -0.000000000000000e+00  7.585200353230557e-06 -8.708975255784430e-04 
 1.174897554939510e+05  1.000000000000000e-05 -0.000000000000000e+00  7.243834830568370e-06 -8.510763831253821e-04 
 1.202264434617393e+05  1.000000000000000e-05 -0.000000000000000e+00  6.917831111503587e-06 -8.317062310473990e-04 
 1.230268770812361e+05  1.000000000000000e-05 -0.000000000000000e+00  6.606497992409544e-06 -8.127768164909903e-04 
 1.258925411794146e+05  1.000000000000000e-05 -0.000000000000000e+00  6.309175362106341e-06 -7.942781191225668e-04 
 1.288249551693113e+05  1.000000000000000e-05 -0.000000000000000e+00  6.025232803951696e-06 -7.762003458932660e-04 
 1.318256738556385e+05  1.000000000000000e-05 -0.000000000000000e+00  5.754068260717791e-06 -7.585339259190905e-04 
 1.348962882591631e+05  1.000000000000000e-05 -0.000000000000000e+00  5.495106759439721e-06 -7.412695054740027e-04 
 1.380384264602862e+05  1.000000000000000e-05 -0.000000000000000e+00  5.247799193546766e-06 -7.243979430936418e-04 
 1.412537544622731e+05  1.000000000000000e-05 -0.000000000000000e+00  5.011621159707974e-06 -7.079103047873702e-04 
 1.445439770745904e+05  9.999999999999999e-06  1.280000000000000e+02  4.786071846938101e-06 -6.917978593563908e-04 
 1.479108388168183e+05  1.000000000000000e-05 -0.000000000000000e+00  4.570672975619823e-06 -6.760520738157165e-04 
 1.513561248436183e+05  1.000000000000000e-05  1.280000000000000e+02  4.364967784202747e-06 -6.606646089178049e-04 
 1.548816618912456e+05  1.000000000000000e-05 -0.000000000000000e+00  4.168520061440146e-06 -6.456273147757232e-04 
 1.584893192461087e+05  1.000000000000000e-05  1.280000000000000e+02  3.980913222119755e-06 -6.309322265837213e-04 
 1.621810097358903e+05  1.000000000000000e-05 -0.000000000000000e+00  3.801749424336685e-06 -6.165715604331602e-04 
 1.659586907437533e+05  9.999999999999999e-06  1.280000000000000e+02  3.630648726443651e-06 -6.025377092217457e-04 
 1.698243652461716e+05  1.000000000000000e-05 -0.000000000000000e+00  3.467248281897407e-06 -5.888232386540900e-04 
 1.737800828749346e+05  1.000000000000000e-05 -0.000000000000000e+00  3.311201570299846e-06 -5.754208833316221e-04 
 1.778279410038893e+05  1.000000000000000e-05 -0.000000000000000e+00  3.162177663008619e-06 -5.623235429299475e-04 
 1.819700858609953e+05  1.000000000000000e-05  1.280000000000000e+02  3.019860521764776e-06 -5.495242784617488e-04 
 1.862087136662836e+05  1.000000000000000e-05 -0.000000000000000e+00  2.883948328854646e-06 -5.370163086233975e-04 
 1.905460717963215e+05  1.000000000000000e-05 -0.000000000000000e+00  2.754152847389502e-06 -5.247930062234467e-04 
 1.949844599758012e+05  1.000000000000000e-05 -0.000000000000000e+00  2.630198810350164e-06 -5.128478946912364e-04 
 1.995262314968846e+05  1.000000000000000e-05 -0.000000000000000e+00  2.511823337104258e-06 -5.011746446638617e-04 
 2.041737944669495e+05  1.000000000000000e-05 -0.000000000000000e+00  2.398775376161889e-06 -4.897670706497967e-04 
 2.089296130854004e+05  1.000000000000000e-05 -0.000000000000000e+00  2.290815172990758e-06 -4.786191277674956e-04 
 2.137962089502196e+05  1.000000000000000e-05 -0.000000000000000e+00  2.187713761764695e-06 -4.677249085573329e-04 
 2.187761623949515e+05  1.000000000000000e-05 -0.000000000000000e+00  2.089252479970101e-06 -4.570786398652692e-04 
 2.238721138568301e+05  1.000000000000000e-05 -0.000000000000000e+00  1.995222504843003e-06 -4.466746797966681e-04 
 2.290867652767734e+05  1.000000000000000e-05 -0.000000000000000e+00  1.905424410655598e-06 -4.365075147387207e-04 
 2.344228815319882e+05  1.000000000000000e-05 -0.000000000000000e+00  1.819667745915124e-06 -4.265717564499627e-04 
 2.398832919019449e+05  9.999999999999999e-06 -0.000000000000000e+00  1.737770629580048e-06 -4.168621392154044e-04 
 2.454708915684988e+05  1.000000000000000e-05  2.560000000000000e+02  1.659559365438648e-06 -4.073735170658210e-04 
 2.511886431509537e+05  1.000000000000000e-05 -0.000000000000000e+00  1.584868073833544e-06 -3.981008610597852e-04 
 2.570395782768819e+05  1.000000000000000e-05 -0.000000000000000e+00  1.513538339952319e-06 -3.890392566270465e-04 
 2.630267991895336e+05  1.000000000000000e-05 -0.000000000000000e+00  1.445418877939452e-06 -3.801839009719007e-04 
 2.691534803926869e+05  1.000000000000000e-05 -0.000000000000000e+00  1.380365210118193e-06 -3.715301005352133e-04 
 2.754228703338119e+05  1.000000000000000e-05 -0.000000000000000e+00  1.318239360642994e-06 -3.630732685137905e-04 
 2.818382931264405e+05  1.000000000000000e-05 -0.000000000000000e+00  1.258909562933597e-06 -3.548089224358256e-04 
 2.884031503126556e+05  9.999999999999999e-06 -0.000000000000000e+00  1.202249980271082e-06 -3.467326817911643e-04 
 2.951209226666334e+05  1.000000000000000e-05  2.560000000000000e+02  1.148140438963959e-06 -3.388402657151714e-04 
 3.019951720401964e+05  9.999999999999999e-06  2.560000000000000e+02  1.096466173519032e-06 -3.311274907249972e-04 
 3.090295432513537e+05  1.000000000000000e-05 -0.000000000000000e+00  1.047117583277145e-06 -3.235902685070751e-04 
 3.162277660168324e+05  1.000000000000000e-05 -0.000000000000000e+00  9.999899999981898e-07 -3.162246037547024e-04 
 3.235936569296226e+05  1.000000000000000e-05 -0.000000000000000e+00  9.549834659029107e-07 -3.090265920545846e-04 
 3.311311214825853e+05  1.000000000000000e-05 -0.000000000000000e+00  9.120025217012047e-07 -3.019924178212436e-04 
 3.388441561391967e+05  1.000000000000000e-05 -0.000000000000000e+00  8.709560041577272e-07 -2.951183522782195e-04 
 3.467368504525256e+05  1.000000000000000e-05  2.560000000000000e+02  8.317568527658238e-07 -2.884007514850126e-04 
 3.548133892335693e+05  9.999999999999999e-06  2.560000000000000e+02  7.943219251200847e-07 -2.818360544087420e-04 
 3.630780547700950e+05  1.000000000000000e-05 -0.000000000000000e+00  7.585718205962312e-07 -2.754207810395139e-04 
 3.715352290971660e+05  1.000000000000000e-05 -0.000000000000000e+00  7.244307119646515e-07 -2.691515305485155e-04 
 3.801893963205545e+05  1.000000000000000e-05 -0.000000000000000e+00  6.918261845806912e-07 -2.630249794878792e-04 
 3.890451449942738e+05  1.000000000000000e-05 -0.000000000000000e+00  6.606890828108487e-07 -2.570378800313691e-04 
 3.981071705534903e+05  1.000000000000000e-05 -0.000000000000000e+00  6.309533633693689e-07 -2.511870582549785e-04 
 4.073802778041056e+05  1.000000000000000e-05 -0.000000000000000e+00  6.025559552543412e-07 -2.454694124565313e-04 
 4.168693834703281e+05  1.000000000000000e-05 -0.000000000000000e+00  5.754366259864112e-07 -2.398819115134161e-04 
 4.265795188015852e+05  9.999999999999999e-06 -0.000000000000000e+00  5.495378538665513e-07 -2.344215932775863e-04 
 4.365158322401583e+05  1.000000000000000e-05 -0.000000000000000e+00  5.248047059820932e-07 -2.290855630069903e-04 
 4.466835921509552e+05  1.000000000000000e-05 -0.000000000000000e+00  5.011847217024043e-07 -2.238709918326066e-04 
 4.570881896148669e+05  1.000000000000000e-05 -0.000000000000000e+00  4.786278014172212e-07 -2.187751152602820e-04 
 4.677351412871899e+05  9.999999999999999e-06  5.120000000000000e+02  4.570861002817580e-07 -2.137952317065855e-04 
 4.786300923226299e+05  1.000000000000000e-05 -0.000000000000000e+00  4.365139267433239e-07 -2.089287010679098e-04 
 4.897788193684375e+05  1.000000000000000e-05 -0.000000000000000e+00  4.168676456343097e-07 -2.041729433220692e-04 
 5.011872336272634e+05  1.000000000000000e-05 -0.000000000000000e+00  3.981055856260832e-07 -1.995254371616584e-04 
 5.128613839913558e+05  1.000000000000000e-05 -0.000000000000000e+00  3.801879508475789e-07 -1.949837186584557e-04 
 5.248074602497633e+05  1.000000000000000e-05 -0.000000000000000e+00  3.630767364811840e-07 -1.905453799581657e-04 
 5.370317963702432e+05  1.000000000000000e-05 -0.000000000000000e+00  3.467356481569645e-07 -1.862080680048172e-04 
 5.495408738576148e+05  1.000000000000000e-05  5.120000000000000e+02  3.311300249743132e-07 -1.819694832941440e-04 
 5.623413251903391e+05  1.000000000000000e-05  5.120000000000000e+02  3.162267659878050e-07 -1.778273786552928e-04 
 5.754399373371467e+05  1.000000000000000e-05 -0.000000000000000e+00  3.019942600013704e-07 -1.737795580602157e-04 
 5.888436553555785e+05  1.000000000000000e-05  5.120000000000000e+02  2.884023185219258e-07 -1.698238754601224e-04 
 6.025595860743470e+05  1.000000000000000e-05 -0.000000000000000e+00  2.754221117302901e-07 -1.659582336483770e-04 
 6.165950018614712e+05  1.000000000000000e-05 -0.000000000000000e+00  2.630261073336082e-07 -1.621805831492402e-04 
 6.309573444801820e+05  1.000000000000000e-05 -0.000000000000000e+00  2.511880121696249e-07 -1.584889211318727e-04 
 6.456542290346441e+05  1.000000000000000e-05  5.120000000000000e+02  2.398827164389695e-07 -1.548812903490258e-04 
 6.606934480075843e+05  1.000000000000000e-05 -0.000000000000000e+00  2.290862404471959e-07 -1.513557780998597e-04 
 6.760829753919698e+05  1.000000000000000e-05 -0.000000000000000e+00  2.187756837436365e-07 -1.479105152163422e-04 
 6.918309709189242e+05  1.000000000000000e-05 -0.000000000000000e+00  2.089291765492126e-07 -1.445436750726934e-04 
 7.079457843841253e+05  1.000000000000000e-05 -0.000000000000000e+00  1.995258333701980e-07 -1.412534726173539e-04 
 7.244359600749771e+05  1.000000000000000e-05  5.120000000000000e+02  1.905457086995623e-07 -1.380381634269634e-04 
 7.413102413009043e+05  1.000000000000000e-05 -0.000000000000000e+00  1.819697547119531e-07 -1.348960427818534e-04 
 7.585775750291703e+05  1.000000000000000e-05 -0.000000000000000e+00  1.737797808625977e-07 -1.318254447625628e-04 
 7.762471166286779e+05  1.000000000000000e-05 -0.000000000000000e+00  1.659584153044465e-07 -1.288247413669012e-04 
 7.943282347242674e+05  1.000000000000000e-05 -0.000000000000000e+00  1.584890680417305e-07 -1.258923416470927e-04 
 8.128305161640848e+05  1.000000000000000e-05 -0.000000000000000e+00  1.513558957417927e-07 -1.230266908665435e-04 
 8.317637711026561e+05  1.000000000000000e-05 -0.000000000000000e+00  1.445437681305656e-07 -1.202262696757893e-04 
 8.511380382023612e+05  1.000000000000000e-05 -0.000000000000000e+00  1.380382359004260e-07 -1.174895933071861e-04 
 8.709635899560649e+05  1.000000000000000e-05  1.024000000000000e+03  1.318255000623658e-07 -1.148152107879181e-04 
 8.912509381337294e+05  1.000000000000000e-05 -0.000000000000000e+00  1.258923826774799e-07 -1.122017041709079e-04 
 9.120108393558932e+05  1.000000000000000e-05  1.024000000000000e+03  1.202262989056978e-07 -1.096476877832213e-04 
 9.332543007969741e+05  1.000000000000000e-05 -0.000000000000000e+00  1.148152303124765e-07 -1.071518074915701e-04 
 9.549925860214186e+05  1.000000000000000e-05 -0.000000000000000e+00  1.096476993768437e-07 -1.047127399845232e-04 
 9.772372209557928e+05  1.000000000000000e-05 -0.000000000000000e+00  1.047127451467244e-07 -1.023291920710479e-04 
 9.999999999999817e+05  1.000000000000000e-05 -0.000000000000000e+00  9.999989998991908e-08 -9.999989999500937e-05 
 1.023292992280735e+06  1.000000000000000e-05 -0.000000000000000e+00  9.549916739142406e-08 -9.772362876526538e-05 
 1.047128548050880e+06  9.999999999999999e-06 -0.000000000000000e+00  9.120100075000465e-08 -9.549917150100254e-05 
 1.071519305237587e+06  1.000000000000000e-05 -0.000000000000000e+00  8.709628312904945e-08 -9.332534879196745e-05 
 1.096478196143165e+06  1.000000000000000e-05  1.024000000000000e+03  8.317630791875942e-08 -9.120100807325385e-05 
 1.122018454301943e+06  9.999999999999999e-06  1.024000000000000e+03  7.943276036865685e-08 -8.912502301431533e-05 
 1.148153621496861e+06  1.000000000000000e-05 -0.000000000000000e+00  7.585769995124534e-08 -8.709629292187969e-05 
 1.174897554939508e+06  1.000000000000000e-05 -0.000000000000000e+00  7.244354351941566e-08 -8.511374215644938e-05 
 1.202264434617390e+06  1.000000000000000e-05 -0.000000000000000e+00  6.918304922187414e-08 -8.317631956207903e-05 
 1.230268770812358e+06  9.999999999999999e-06  1.024000000000000e+03  6.606930114247878e-08 -8.128299790912798e-05 
 1.258925411794143e+06  1.000000000000000e-05 -0.000000000000000e+00  6.309569463090372e-08 -7.943277334969282e-05 
 1.288249551693110e+06  9.999999999999999e-06  1.024000000000000e+03  6.025592229351762e-08 -7.762466488543169e-05 
 1.318256738556382e+06  1.000000000000000e-05 -0.000000000000000e+00  5.754396061476417e-08 -7.585771384749869e-05 
 1.348962882591628e+06  1.000000000000000e-05 -0.000000000000000e+00  5.495405718066709e-08 -7.413098338831267e-05 
 1.380384264602859e+06  1.000000000000000e-05 -0.000000000000000e+00  5.248071847736172e-08 -7.244355798489155e-05 
 1.412537544622727e+06  1.000000000000000e-05 -0.000000000000000e+00  5.011869823877302e-08 -7.079454295348881e-05 
 1.445439770745900e+06  1.000000000000000e-05 -0.000000000000000e+00  4.786298631872543e-08 -6.918306397527555e-05 
 1.479108388168179e+06  1.000000000000000e-05 -0.000000000000000e+00  4.570879806388223e-08 -6.760826663281635e-05 
 1.513561248436179e+06  1.000000000000000e-05 -0.000000000000000e+00  4.365156416497367e-08 -6.606931595709387e-05 
 1.548816618912452e+06  1.000000000000000e-05 -0.000000000000000e+00  4.168692096478844e-08 -6.456539598484201e-05 
 1.584893192461083e+06  1.000000000000000e-05 -0.000000000000000e+00  3.981070120237107e-08 -6.309570932595308e-05 
 1.621810097358899e+06  1.000000000000000e-05 -0.000000000000000e+00  3.801892517379329e-08 -6.165947674073019e-05 
 1.659586907437529e+06  1.000000000000000e-05 -0.000000000000000e+00  3.630779229075112e-08 -6.025593672676012e-05 
 1.698243652461712e+06  1.000000000000000e-05 -0.000000000000000e+00  3.467367301908293e-08 -5.888434511518899e-05 
 1.737800828749342e+06  1.000000000000000e-05 -0.000000000000000e+00  3.311310118010962e-08 -5.754397467618553e-05 
 1.778279410038889e+06  1.000000000000000e-05 -0.000000000000000e+00  3.162276659846752e-08 -5.623411473338381e-05 
 1.819700858609949e+06  1.000000000000000e-05 -0.000000000000000e+00  3.019950808083999e-08 -5.495407078710094e-05 
 1.862087136662832e+06  1.000000000000000e-05 -0.000000000000000e+00  2.884030671069458e-08 -5.370316414612977e-05 
 1.905460717963211e+06  1.000000000000000e-05  2.048000000000000e+03  2.754227944480399e-08 -5.248073156791198e-05 
 1.949844599758008e+06  1.000000000000000e-05  2.048000000000000e+03  2.630267299796811e-08 -5.128612490690045e-05 
 1.995262314968841e+06  1.000000000000000e-05 -0.000000000000000e+00  2.511885800296666e-08 -5.011871077092496e-05 
 2.041737944669490e+06  1.000000000000000e-05 -0.000000000000000e+00  2.398832343335472e-08 -4.897787018537866e-05 
 2.089296130853999e+06  1.000000000000000e-05 -0.000000000000000e+00  2.290867127727206e-08 -4.786299826504791e-05 
 2.137962089502191e+06  1.000000000000000e-05 -0.000000000000000e+00  2.187761145096835e-08 -4.677350389341113e-05 
 2.187761623949510e+06  1.000000000000000e-05 -0.000000000000000e+00  2.089295694125593e-08 -4.570880940923684e-05 
 2.238721138568296e+06  1.000000000000000e-05 -0.000000000000000e+00  1.995261916658657e-08 -4.466835030031487e-05 
 2.290867652767729e+06  1.000000000000000e-05 -0.000000000000000e+00  1.905460354691272e-08 -4.365157490415838e-05 
 2.344228815319877e+06  1.000000000000000e-05 -0.000000000000000e+00  1.819700527293664e-08 -4.265794411551800e-05 
 2.398832919019444e+06  1.000000000000000e-05 -0.000000000000000e+00  1.737800526577335e-08 -4.168693110055312e-05 
 2.454708915684983e+06  1.000000000000000e-05 -0.000000000000000e+00  1.659586631845778e-08 -4.073802101750886e-05 
 2.511886431509531e+06  9.999999999999999e-06  2.048000000000000e+03  1.584892941111157e-08 -3.981071074375071e-05 
 2.570395782768813e+06  1.000000000000000e-05 -0.000000000000000e+00  1.513561019195387e-08 -3.890450860901197e-05 
 2.630267991895330e+06  1.000000000000000e-05  2.048000000000000e+03  1.445439561669189e-08 -3.801893413471281e-05 
 2.691534803926863e+06  1.000000000000000e-05 -0.000000000000000e+00  1.380384073916306e-08 -3.715351777921282e-05 
 2.754228703338112e+06  9.999999999999999e-06  2.048000000000000e+03  1.318256564642140e-08 -3.630780068886159e-05 
 2.818382931264398e+06  1.000000000000000e-05  2.048000000000000e+03  1.258925253176701e-08 -3.548133445471600e-05 
 2.884031503126549e+06  1.000000000000000e-05 -0.000000000000000e+00  1.202264289951055e-08 -3.467368087479477e-05 
 2.951209226666328e+06  1.000000000000000e-05 -0.000000000000000e+00  1.148153489554334e-08 -3.388441172174436e-05 
 3.019951720401957e+06  9.999999999999999e-06 -0.000000000000000e+00  1.096478075805126e-08 -3.311310851579334e-05 
 3.090295432513529e+06  1.000000000000000e-05 -0.000000000000000e+00  1.047128438296487e-08 -3.235936230287437e-05 
 3.162277660168317e+06  1.000000000000000e-05 -0.000000000000000e+00  9.999998998982037e-09 -3.162277343779669e-05 
 3.235936569296218e+06  1.000000000000000e-05 -0.000000000000000e+00  9.549924947231362e-09 -3.090295137235385e-05 
 3.311311214825845e+06  1.000000000000000e-05 -0.000000000000000e+00  9.120107560866917e-09 -3.019951444825441e-05 
 3.388441561391958e+06  1.000000000000000e-05 -0.000000000000000e+00  8.709635140096602e-09 -2.951208969476599e-05 
 3.467368504525247e+06  1.000000000000000e-05 -0.000000000000000e+00  8.317637018349009e-09 -2.884031263096523e-05 
 3.548133892335684e+06  1.000000000000000e-05  4.096000000000000e+03  7.943281715476843e-09 -2.818382707248888e-05 
 3.630780547700941e+06  1.000000000000000e-05 -0.000000000000000e+00  7.585775174079666e-09 -2.754228494268367e-05 
 3.715352290971651e+06  1.000000000000000e-05 -0.000000000000000e+00  7.244359075204959e-09 -2.691534608805458e-05 
 3.801893963205536e+06  1.000000000000000e-05  4.096000000000000e+03  6.918309229854979e-09 -2.630267809791415e-05 
 3.890451449942728e+06  1.000000000000000e-05 -0.000000000000000e+00  6.606934042887533e-09 -2.570395612813665e-05 
 3.981071705534893e+06  1.000000000000000e-05 -0.000000000000000e+00  6.309573046052435e-09 -2.511886272892404e-05 
 4.073802778041046e+06  1.000000000000000e-05 -0.000000000000000e+00  6.025595497052101e-09 -2.454708767649245e-05 
 4.168693834703270e+06  9.999999999999999e-06 -0.000000000000000e+00  5.754399041654636e-09 -2.398832780858961e-05 
 4.265795188015841e+06  1.000000000000000e-05 -0.000000000000000e+00  5.495408436021626e-09 -2.344228686375642e-05 
 4.365158322401572e+06  1.000000000000000e-05 -0.000000000000000e+00  5.248074326540586e-09 -2.290867532424721e-05 
 4.466835921509542e+06  1.000000000000000e-05 -0.000000000000000e+00  5.011872084573855e-09 -2.238721026252539e-05 
 4.570881896148658e+06  1.000000000000000e-05  4.096000000000000e+03  4.786300693652355e-09 -2.187761519125335e-05 
 4.677351412871888e+06  9.999999999999999e-06  4.096000000000000e+03  4.570881686753802e-09 -2.137961991669682e-05 
 4.786300923226287e+06  1.000000000000000e-05 -0.000000000000000e+00  4.365158131411200e-09 -2.089296039546606e-05 
 4.897788193684363e+06  1.000000000000000e-05 -0.000000000000000e+00  4.168693660498882e-09 -2.041737859451796e-05 
 5.011872336272622e+06  1.000000000000000e-05  4.096000000000000e+03  3.981071546640363e-09 -1.995262235434491e-05 
 5.128613839913545e+06  1.000000000000000e-05 -0.000000000000000e+00  3.801893818274586e-09 -1.949844525527769e-05 
 5.248074602497620e+06  9.999999999999999e-06  4.096000000000000e+03  3.630780415505711e-09 -1.905460648683156e-05 
 5.370317963702418e+06  1.000000000000000e-05  4.096000000000000e+03  3.467368383945880e-09 -1.862087072002658e-05 
 5.495408738576134e+06  1.000000000000000e-05  4.096000000000000e+03  3.311311104840985e-09 -1.819700798261396e-05 
 5.623413251903377e+06  1.000000000000000e-05 -0.000000000000000e+00  3.162277559846445e-09 -1.778279353714270e-05 
 5.754399373371452e+06  1.000000000000000e-05 -0.000000000000000e+00  3.019951628893488e-09 -1.737800776180170e-05 
 5.888436553555770e+06  1.000000000000000e-05 -0.000000000000000e+00  2.884031419656621e-09 -1.698243603397416e-05 
 6.025595860743455e+06  1.000000000000000e-05 -0.000000000000000e+00  2.754228627200017e-09 -1.659586861644263e-05 
 6.165950018614695e+06  1.000000000000000e-05 -0.000000000000000e+00  2.630267922444512e-09 -1.621810054618423e-05 
 6.309573444801803e+06  1.000000000000000e-05 -0.000000000000000e+00  2.511886368158125e-09 -1.584893152569720e-05 
 6.456542290346422e+06  1.000000000000000e-05 -0.000000000000000e+00  2.398832861231285e-09 -1.548816581680118e-05 
 6.606934480075824e+06  1.000000000000000e-05 -0.000000000000000e+00  2.290867600053806e-09 -1.513561213685477e-05 
 6.760829753919679e+06  1.000000000000000e-05 -0.000000000000000e+00  2.187761575863819e-09 -1.479108355733550e-05 
 6.918309709189222e+06  1.000000000000000e-05 -0.000000000000000e+00  2.089296086989758e-09 -1.445439740472833e-05 
 7.079457843841233e+06  1.000000000000000e-05 -0.000000000000000e+00  1.995262274955036e-09 -1.412537516367022e-05 
 7.244359600749752e+06  1.000000000000000e-05 -0.000000000000000e+00  1.905460681461457e-09 -1.380384238229938e-05 
 7.413102413009022e+06  1.000000000000000e-05 -0.000000000000000e+00  1.819700825311618e-09 -1.348962857975897e-05 
 7.585775750291681e+06  9.999999999999999e-06  8.192000000000000e+03  1.737800798372942e-09 -1.318256715580626e-05 
 7.762471166286756e+06  1.000000000000000e-05 -0.000000000000000e+00  1.659586879726321e-09 -1.288249530247937e-05 
 7.943282347242650e+06  1.000000000000000e-05 -0.000000000000000e+00  1.584893167180901e-09 -1.258925391777460e-05 
 8.128305161640823e+06  1.000000000000000e-05 -0.000000000000000e+00  1.513561225373445e-09 -1.230268752128885e-05 
 8.317637711026536e+06  1.000000000000000e-05  8.192000000000000e+03  1.445439749705815e-09 -1.202264417178205e-05 
 8.511380382023586e+06  1.000000000000000e-05 -0.000000000000000e+00  1.380384245407750e-09 -1.174897538661622e-05 
 8.709635899560623e+06  9.999999999999999e-06 -0.000000000000000e+00  1.318256721044195e-09 -1.148153606302825e-05 
 8.912509381337266e+06  1.000000000000000e-05 -0.000000000000000e+00  1.258925395817072e-09 -1.122018440119474e-05 
 9.120108393558905e+06  1.000000000000000e-05 -0.000000000000000e+00  1.202264420040621e-09 -1.096478182904803e-05 
 9.332543007969713e+06  1.000000000000000e-05 -0.000000000000000e+00  1.148153608197430e-09 -1.071519292880375e-05 
 9.549925860214157e+06  1.000000000000000e-05 -0.000000000000000e+00  1.096478184008916e-09 -1.047128536516061e-05 
 9.772372209557900e+06  1.000000000000000e-05 -0.000000000000000e+00  1.047128536979516e-09 -1.023292981513472e-05 
 9.999999999999788e+06  1.000000000000000e-05 -0.000000000000000e+00  9.999999898981968e-10 -9.999999899490970e-06 
 1.023292992280732e+07  1.000000000000000e-05 -0.000000000000000e+00  9.549925768041064e-10 -9.772372115735233e-06 
 1.047128548050877e+07  9.999999999999999e-06  8.192000000000000e+03  9.120108309454263e-10 -9.549925772631880e-06 
 1.071519305237583e+07  1.000000000000000e-05 -0.000000000000000e+00  8.709635822816380e-10 -9.332542926211804e-06 
 1.096478196143162e+07  9.999999999999999e-06  8.192000000000000e+03  8.317637640996849e-10 -9.120108317237094e-06 
 1.122018454301939e+07  9.999999999999999e-06 -0.000000000000000e+00  7.943282283338431e-10 -8.912509310089203e-06 
 1.148153621496858e+07  1.000000000000000e-05 -0.000000000000000e+00  7.585775691975591e-10 -8.709635833048116e-06 
 1.174897554939504e+07  1.000000000000000e-05 -0.000000000000000e+00  7.244359547531656e-10 -8.511380319931008e-06 
 1.202264434617387e+07  1.000000000000000e-05 -0.000000000000000e+00  6.918309660622048e-10 -8.317637653059322e-06 
 1.230268770812355e+07  1.000000000000000e-05 -0.000000000000000e+00  6.606934435751770e-10 -8.128305107524058e-06 
 1.258925411794140e+07  1.000000000000000e-05 -0.000000000000000e+00  6.309573404348880e-10 -7.943282296719756e-06 
 1.288249551693106e+07  1.000000000000000e-05 -0.000000000000000e+00  6.025595823822349e-10 -7.762471119118270e-06 
 1.318256738556379e+07  9.999999999999999e-06 -0.000000000000000e+00  5.754399339672643e-10 -7.585775706254115e-06 
 1.348962882591625e+07  1.000000000000000e-05 -0.000000000000000e+00  5.495408707817281e-10 -7.413102371893799e-06 
 1.380384264602855e+07  1.000000000000000e-05 -0.000000000000000e+00  5.248074574421170e-10 -7.244359562362202e-06 
 1.412537544622724e+07  1.000000000000000e-05  1.638400000000000e+04  5.011872310643637e-10 -7.079457807999675e-06 
 1.445439770745896e+07  9.999999999999999e-06 -0.000000000000000e+00  4.786300899830449e-10 -6.918309675724091e-06 
 1.479108388168175e+07  1.000000000000000e-05  1.638400000000000e+04  4.570881874790461e-10 -6.760829722672718e-06 
 1.513561248436175e+07  9.999999999999999e-06 -0.000000000000000e+00  4.365158302902668e-10 -6.606934450899333e-06 
 1.548816618912448e+07  9.999999999999999e-06  1.638400000000000e+04  4.168693816900963e-10 -6.456542263102551e-06 
 1.584893192461079e+07  1.000000000000000e-05 -0.000000000000000e+00  3.981071689280758e-10 -6.309573419361892e-06 
 1.621810097358895e+07  9.999999999999999e-06  1.638400000000000e+04  3.801893948364172e-10 -6.165949994858670e-06 
 1.659586907437524e+07  1.000000000000000e-05 -0.000000000000000e+00  3.630780534148824e-10 -6.025595838559242e-06 
 1.698243652461707e+07  1.000000000000000e-05 -0.000000000000000e+00  3.467368492149686e-10 -5.888436532838773e-06 
 1.737800828749337e+07  1.000000000000000e-05 -0.000000000000000e+00  3.311311203524029e-10 -5.754399354024048e-06 
 1.778279410038884e+07  9.999999999999999e-06 -0.000000000000000e+00  3.162277649846451e-10 -5.623413233834449e-06 
 1.819700858609944e+07  1.000000000000000e-05 -0.000000000000000e+00  3.019951710974469e-10 -5.495408721700645e-06 
 1.862087136662827e+07  1.000000000000000e-05  1.638400000000000e+04  2.884031494515366e-10 -5.370317947940996e-06 
 1.905460717963205e+07  9.999999999999999e-06  1.638400000000000e+04  2.754228695472004e-10 -5.248074587776186e-06 
 1.949844599758003e+07  1.000000000000000e-05 -0.000000000000000e+00  2.630267984709305e-10 -5.128613826162959e-06 
 1.995262314968836e+07  1.000000000000000e-05 -0.000000000000000e+00  2.511886424944291e-10 -5.011872323428352e-06 
 2.041737944669485e+07  1.000000000000000e-05 -0.000000000000000e+00  2.398832913020885e-10 -4.897788181686176e-06 
 2.089296130853994e+07  1.000000000000000e-05 -0.000000000000000e+00  2.290867647286483e-10 -4.786300912017966e-06 
 2.137962089502185e+07  1.000000000000000e-05 -0.000000000000000e+00  2.187761618940533e-10 -4.677351402400963e-06 
 2.187761623949505e+07  1.000000000000000e-05 -0.000000000000000e+00  2.089296126276186e-10 -4.570881886366155e-06 
 2.238721138568290e+07  1.000000000000000e-05  1.638400000000000e+04  1.995262310784686e-10 -4.466835912369747e-06 
 2.290867652767723e+07  1.000000000000000e-05 -0.000000000000000e+00  1.905460714138487e-10 -4.365158313861825e-06 
 2.344228815319870e+07  1.000000000000000e-05  1.638400000000000e+04  1.819700855113423e-10 -4.265795180036315e-06 
 2.398832919019438e+07  1.000000000000000e-05 -0.000000000000000e+00  1.737800825552512e-10 -4.168693827246797e-06 
 2.454708915684976e+07  1.000000000000000e-05 -0.000000000000000e+00  1.659586904514383e-10 -4.073802771072931e-06 
 2.511886431509525e+07  9.999999999999999e-06  3.276800000000000e+04  1.584893189787882e-10 -3.981071699022752e-06 
 2.570395782768807e+07  9.999999999999999e-06 -0.000000000000000e+00  1.513561245991258e-10 -3.890451443856336e-06 
 2.630267991895324e+07  1.000000000000000e-05 -0.000000000000000e+00  1.445439768509482e-10 -3.801893957516677e-06 
 2.691534803926856e+07  1.000000000000000e-05  3.276800000000000e+04  1.380384262556898e-10 -3.715352285653990e-06 
 2.754228703338105e+07  9.999999999999999e-06 -0.000000000000000e+00  1.318256736684405e-10 -3.630780542729897e-06 
 2.818382931264391e+07  1.000000000000000e-05 -0.000000000000000e+00  1.258925410081114e-10 -3.548133887688311e-06 
 2.884031503126542e+07  9.999999999999999e-06 -0.000000000000000e+00  1.202264433049580e-10 -3.467368500180125e-06 
 2.951209226666320e+07  1.000000000000000e-05 -0.000000000000000e+00  1.148153620061742e-10 -3.388441557329095e-06 
 3.019951720401949e+07  1.000000000000000e-05 -0.000000000000000e+00  1.096478194829298e-10 -3.311311211026577e-06 
 3.090295432513522e+07  1.000000000000000e-05 -0.000000000000000e+00  1.047128546847822e-10 -3.235936565743125e-06 
 3.162277660168309e+07  1.000000000000000e-05 -0.000000000000000e+00  9.999999988981987e-11 -3.162277656845135e-06 
 3.235936569296210e+07  1.000000000000000e-05 -0.000000000000000e+00  9.549925850122056e-11 -3.090295429405079e-06 
 3.311311214825837e+07  1.000000000000000e-05 -0.000000000000000e+00  9.120108384313020e-11 -3.019951717494065e-06 
 3.388441561391950e+07  1.000000000000000e-05 -0.000000000000000e+00  8.709635891088380e-11 -2.951209223945767e-06 
 3.467368504525239e+07  9.999999999999999e-06  3.276800000000000e+04  8.317637703261648e-11 -2.884031500580968e-06 
 3.548133892335676e+07  1.000000000000000e-05 -0.000000000000000e+00  7.943282340124602e-11 -2.818382928882270e-06 
 3.630780547700933e+07  1.000000000000000e-05 -0.000000000000000e+00  7.585775743765197e-11 -2.754228701108674e-06 
 3.715352290971643e+07  1.000000000000000e-05  3.276800000000000e+04  7.244359594764339e-11 -2.691534801840066e-06 
 3.801893963205528e+07  1.000000000000000e-05 -0.000000000000000e+00  6.918309703698769e-11 -2.630267989941795e-06 
 3.890451449942719e+07  1.000000000000000e-05 -0.000000000000000e+00  6.606934475038207e-11 -2.570395780939781e-06 
 3.981071705534884e+07  1.000000000000000e-05 -0.000000000000000e+00  6.309573440178538e-11 -2.511886429796826e-06 
 4.073802778041036e+07  1.000000000000000e-05 -0.000000000000000e+00  6.025595856499383e-11 -2.454708914080972e-06 
 4.168693834703261e+07  1.000000000000000e-05 -0.000000000000000e+00  5.754399369474452e-11 -2.398832917517001e-06 
 4.265795188015831e+07  9.999999999999999e-06 -0.000000000000000e+00  5.495408734996854e-11 -2.344228813912346e-06 
 4.365158322401562e+07  9.999999999999999e-06  3.276800000000000e+04  5.248074599209233e-11 -2.290867651448897e-06 
 4.466835921509531e+07  1.000000000000000e-05 -0.000000000000000e+00  5.011872333250622e-11 -2.238721137332366e-06 
 4.570881896148648e+07  9.999999999999999e-06 -0.000000000000000e+00  4.786300920448264e-11 -2.187761622791062e-06 
 4.677351412871877e+07  9.999999999999999e-06 -0.000000000000000e+00  4.570881893594134e-11 -2.137962088416168e-06 
 4.786300923226276e+07  1.000000000000000e-05 -0.000000000000000e+00  4.365158320051820e-11 -2.089296129835679e-06 
 4.897788193684352e+07  1.000000000000000e-05 -0.000000000000000e+00  4.168693832541175e-11 -2.041737943714463e-06 
 5.011872336272611e+07  1.000000000000000e-05 -0.000000000000000e+00  3.981071703544801e-11 -1.995262314072988e-06 
 5.128613839913534e+07  1.000000000000000e-05 -0.000000000000000e+00  3.801893961373136e-11 -1.949844598917484e-06 
 5.248074602497608e+07  1.000000000000000e-05 -0.000000000000000e+00  3.630780546013139e-11 -1.905460717174424e-06 
 5.370317963702407e+07  1.000000000000000e-05 -0.000000000000000e+00  3.467368502970070e-11 -1.862087135922429e-06 
 5.495408738576122e+07  1.000000000000000e-05 -0.000000000000000e+00  3.311311213392337e-11 -1.819700857914797e-06 
 5.623413251903364e+07  1.000000000000000e-05 -0.000000000000000e+00  3.162277658846456e-11 -1.778279409386063e-06 
 5.754399373371439e+07  1.000000000000000e-05 -0.000000000000000e+00  3.019951719182571e-11 -1.737800828136110e-06 
 5.888436553555757e+07  1.000000000000000e-05 -0.000000000000000e+00  2.884031502001245e-11 -1.698243651885522e-06 
 6.025595860743441e+07  1.000000000000000e-05 -0.000000000000000e+00  2.754228702299206e-11 -1.659586906895996e-06 
 6.165950018614683e+07  1.000000000000000e-05 -0.000000000000000e+00  2.630267990935786e-11 -1.621810096849797e-06 
 6.309573444801790e+07  1.000000000000000e-05 -0.000000000000000e+00  2.511886430622910e-11 -1.584893191982332e-06 
 6.456542290346409e+07  1.000000000000000e-05  6.553600000000000e+04  2.398832918199847e-11 -1.548816618462108e-06 
 6.606934480075811e+07  1.000000000000000e-05 -0.000000000000000e+00  2.290867652009753e-11 -1.513561248012428e-06 
 6.760829753919666e+07  1.000000000000000e-05 -0.000000000000000e+00  2.187761623248206e-11 -1.479108387769324e-06 
 6.918309709189209e+07  1.000000000000000e-05 -0.000000000000000e+00  2.089296130204831e-11 -1.445439770370356e-06 
 7.079457843841220e+07  1.000000000000000e-05 -0.000000000000000e+00  1.995262314367652e-11 -1.412537544269015e-06 
 7.244359600749739e+07  1.000000000000000e-05 -0.000000000000000e+00  1.905460717406192e-11 -1.380384264269594e-06 
 7.413102413009009e+07  1.000000000000000e-05 -0.000000000000000e+00  1.819700858093605e-11 -1.348962882277518e-06 
 7.585775750291668e+07  1.000000000000000e-05 -0.000000000000000e+00  1.737800828270470e-11 -1.318256738260218e-06 
 7.762471166286743e+07  9.999999999999999e-06  6.553600000000000e+04  1.659586906993190e-11 -1.288249551413763e-06 
 7.943282347242635e+07  9.999999999999999e-06  6.553600000000000e+04  1.584893192048581e-11 -1.258925411530559e-06 
 8.128305161640808e+07  1.000000000000000e-05 -0.000000000000000e+00  1.513561248053040e-11 -1.230268770563550e-06 
 8.317637711026521e+07  1.000000000000000e-05 -0.000000000000000e+00  1.445439770389852e-11 -1.202264434382436e-06 
 8.511380382023571e+07  1.000000000000000e-05 -0.000000000000000e+00  1.380384264271815e-11 -1.174897554717544e-06 
 8.709635899560608e+07  1.000000000000000e-05 -0.000000000000000e+00  1.318256738248428e-11 -1.148153621287083e-06 
 8.912509381337252e+07  1.000000000000000e-05 -0.000000000000000e+00  1.258925411507519e-11 -1.122018454103597e-06 
 9.120108393558890e+07  1.000000000000000e-05  6.553600000000000e+04  1.202264434350477e-11 -1.096478195955546e-06 
 9.332543007969697e+07  1.000000000000000e-05  6.553600000000000e+04  1.148153621248175e-11 -1.071519305060037e-06 
 9.549925860214141e+07  1.000000000000000e-05 -0.000000000000000e+00  1.096478195911337e-11 -1.047128547882784e-06 
 9.772372209557883e+07  9.999999999999999e-06 -0.000000000000000e+00  1.047128547834654e-11 -1.023292992121515e-06 
 9.999999999999771e+07  1.000000000000000e-05 -0.000000000000000e+00  9.999999997982000e-12 -9.999999998490987e-07 
