 frequency       loop_real       loop_imag      
 1.00000000e+00  3.38491964e+06 -8.57098062e+06 
 1.02329299e+00  3.25232139e+06 -8.42705698e+06 
 1.04712855e+00  3.12416956e+06 -8.28356754e+06 
 1.07151931e+00  3.00037337e+06 -8.14063871e+06 
 1.09647820e+00  2.88083909e+06 -7.99838964e+06 
 1.12201845e+00  2.76547064e+06 -7.85693222e+06 
 1.14815362e+00  2.65417006e+06 -7.71637114e+06 
 1.17489755e+00  2.54683771e+06 -7.57680427e+06 
 1.20226443e+00  2.44337295e+06 -7.43832259e+06 
 1.23026877e+00  2.34367426e+06 -7.30101053e+06 
 1.25892541e+00  2.24763974e+06 -7.16494607e+06 
 1.28824955e+00  2.15516737e+06 -7.03020100e+06 
 1.31825674e+00  2.06615517e+06 -6.89684119e+06 
 1.34896288e+00  1.98050177e+06 -6.76492662e+06 
 1.38038426e+00  1.89810627e+06 -6.63451188e+06 
 1.41253754e+00  1.81886874e+06 -6.50564621e+06 
 1.44543977e+00  1.74269036e+06 -6.37837372e+06 
 1.47910839e+00  1.66947346e+06 -6.25273379e+06 
 1.51356125e+00  1.59912184e+06 -6.12876113e+06 
 1.54881662e+00  1.53154085e+06 -6.00648608e+06 
 1.58489319e+00  1.46663745e+06 -5.88593488e+06 
 1.62181010e+00  1.40432043e+06 -5.76712979e+06 
 1.65958691e+00  1.34450044e+06 -5.65008937e+06 
 1.69824365e+00  1.28708998e+06 -5.53482874e+06 
 1.73780083e+00  1.23200364e+06 -5.42135966e+06 
 1.77827941e+00  1.17915804e+06 -5.30969085e+06 
 1.81970086e+00  1.12847184e+06 -5.19982812e+06 
 1.86208714e+00  1.07986588e+06 -5.09177456e+06 
 1.90546072e+00  1.03326307e+06 -4.98553075e+06 
 1.94984460e+00  9.88588533e+05 -4.88109492e+06 
 1.99526231e+00  9.45769483e+05 -4.77846309e+06 
 2.04173794e+00  9.04735340e+05 -4.67762926e+06 
 2.08929613e+00  8.65417598e+05 -4.57858557e+06 
 2.13796209e+00  8.27749904e+05 -4.48132241e+06 
 2.18776162e+00  7.91668014e+05 -4.38582858e+06 
 2.23872114e+00  7.57109736e+05 -4.29209140e+06 
 2.29086765e+00  7.24014945e+05 -4.20009686e+06 
 2.34422882e+00  6.92325502e+05 -4.10982975e+06 
 2.39883292e+00  6.61985266e+05 -4.02127371e+06 
 2.45470892e+00  6.32940029e+05 -3.93441140e+06 
 2.51188643e+00  6.05137493e+05 -3.84922456e+06 
 2.57039578e+00  5.78527189e+05 -3.76569413e+06 
 2.63026799e+00  5.53060500e+05 -3.68380030e+06 
 2.69153480e+00  5.28690540e+05 -3.60352263e+06 
 2.75422870e+00  5.05372175e+05 -3.52484011e+06 
 2.81838293e+00  4.83061932e+05 -3.44773125e+06 
 2.88403150e+00  4.61717974e+05 -3.37217412e+06 
 2.95120923e+00  4.41300060e+05 -3.29814643e+06 
 3.01995172e+00  4.21769471e+05 -3.22562557e+06 
 3.09029543e+00  4.03088989e+05 -3.15458870e+06 
 3.16227766e+00  3.85222827e+05 -3.08501280e+06 
 3.23593657e+00  3.68136623e+05 -3.01687465e+06 
 3.31131121e+00  3.51797338e+05 -2.95015096e+06 
 3.38844156e+00  3.36173267e+05 -2.88481837e+06 
 3.46736850e+00  3.21233959e+05 -2.82085348e+06 
 3.54813389e+00  3.06950189e+05 -2.75823291e+06 
 3.63078055e+00  2.93293903e+05 -2.69693332e+06 
 3.71535229e+00  2.80238192e+05 -2.63693142e+06 
 3.80189396e+00  2.67757245e+05 -2.57820404e+06 
 3.89045145e+00  2.55826301e+05 -2.52072811e+06 
 3.98107171e+00  2.44421625e+05 -2.46448071e+06 
 4.07380278e+00  2.33520462e+05 -2.40943910e+06 
 4.16869383e+00  2.23100999e+05 -2.35558069e+06 
 4.26579519e+00  2.13142330e+05 -2.30288312e+06 
 4.36515832e+00  2.03624424e+05 -2.25132423e+06 
 4.46683592e+00  1.94528092e+05 -2.20088208e+06 
 4.57088190e+00  1.85834952e+05 -2.15153500e+06 
 4.67735141e+00  1.77527398e+05 -2.10326154e+06 
 4.78630092e+00  1.69588569e+05 -2.05604052e+06 
 4.89778819e+00  1.62002323e+05 -2.00985105e+06 
 5.01187234e+00  1.54753198e+05 -1.96467248e+06 
 5.12861384e+00  1.47826403e+05 -1.92048448e+06 
 5.24807460e+00  1.41207769e+05 -1.87726699e+06 
 5.37031796e+00  1.34883743e+05 -1.83500025e+06 
 5.49540874e+00  1.28841350e+05 -1.79366479e+06 
 5.62341325e+00  1.23068180e+05 -1.75324145e+06 
 5.75439937e+00  1.17552349e+05 -1.71371136e+06 
 5.88843655e+00  1.12282497e+05 -1.67505598e+06 
 6.02559586e+00  1.07247750e+05 -1.63725704e+06 
 6.16595002e+00  1.02437708e+05 -1.60029661e+06 
 6.30957344e+00  9.78424246e+04 -1.56415704e+06 
 6.45654229e+00  9.34523848e+04 -1.52882101e+06 
 6.60693448e+00  8.92584886e+04 -1.49427149e+06 
 6.76082975e+00  8.52520351e+04 -1.46049176e+06 
 6.91830971e+00  8.14247038e+04 -1.42746539e+06 
 7.07945784e+00  7.77685349e+04 -1.39517628e+06 
 7.24435960e+00  7.42759238e+04 -1.36360859e+06 
 7.41310241e+00  7.09395947e+04 -1.33274682e+06 
 7.58577575e+00  6.77525952e+04 -1.30257572e+06 
 7.76247117e+00  6.47082747e+04 -1.27308036e+06 
 7.94328235e+00  6.18002798e+04 -1.24424610e+06 
 8.12830516e+00  5.90225363e+04 -1.21605856e+06 
 8.31763771e+00  5.63692357e+04 -1.18850367e+06 
 8.51138038e+00  5.38348279e+04 -1.16156763e+06 
 8.70963590e+00  5.14140083e+04 -1.13523689e+06 
 8.91250938e+00  4.91017060e+04 -1.10949821e+06 
 9.12010839e+00  4.68930758e+04 -1.08433859e+06 
 9.33254301e+00  4.47834864e+04 -1.05974530e+06 
 9.54992586e+00  4.27685126e+04 -1.03570588e+06 
 9.77237221e+00  4.08439249e+04 -1.01220812e+06 
 1.00000000e+01  3.90056814e+04 -9.89240047e+05 
 1.02329299e+01  3.72499204e+04 -9.66789957e+05 
 1.04712855e+01  3.55729529e+04 -9.44846380e+05 
 1.07151931e+01  3.39712511e+04 -9.23398085e+05 
 1.09647820e+01  3.24414466e+04 -9.02434080e+05 
 1.12201845e+01  3.09803203e+04 -8.81943602e+05 
 1.14815362e+01  2.95847964e+04 -8.61916117e+05 
 1.17489755e+01  2.82519361e+04 -8.42341314e+05 
 1.20226443e+01  2.69789322e+04 -8.23209103e+05 
 1.23026877e+01  2.57631025e+04 -8.04509606e+05 
 1.25892541e+01  2.46018836e+04 -7.86233160e+05 
 1.28824955e+01  2.34928278e+04 -7.68370308e+05 
 1.31825674e+01  2.24335962e+04 -7.50911798e+05 
 1.34896288e+01  2.14219540e+04 -7.33848577e+05 
 1.38038426e+01  2.04557674e+04 -7.17171787e+05 
 1.41253754e+01  1.95329965e+04 -7.00872764e+05 
 1.44543977e+01  1.86516935e+04 -6.84943032e+05 
 1.47910839e+01  1.78099981e+04 -6.69374299e+05 
 1.51356125e+01  1.70061326e+04 -6.54158455e+05 
 1.54881662e+01  1.62383989e+04 -6.39287567e+05 
 1.58489319e+01  1.55051748e+04 -6.24753877e+05 
 1.62181010e+01  1.48049111e+04 -6.10549795e+05 
 1.65958691e+01  1.41361282e+04 -5.96667900e+05 
 1.69824365e+01  1.34974120e+04 -5.83100934e+05 
 1.73780083e+01  1.28874126e+04 -5.69841800e+05 
 1.77827941e+01  1.23048398e+04 -5.56883555e+05 
 1.81970086e+01  1.17484618e+04 -5.44219413e+05 
 1.86208714e+01  1.12171021e+04 -5.31842737e+05 
 1.90546072e+01  1.07096363e+04 -5.19747036e+05 
 1.94984460e+01  1.02249912e+04 -5.07925965e+05 
 1.99526231e+01  9.76214109e+03 -4.96373320e+05 
 2.04173794e+01  9.32010671e+03 -4.85083035e+05 
 2.08929613e+01  8.89795272e+03 -4.74049177e+05 
 2.13796209e+01  8.49478545e+03 -4.63265948e+05 
 2.18776162e+01  8.10975158e+03 -4.52727678e+05 
 2.23872114e+01  7.74203615e+03 -4.42428825e+05 
 2.29086765e+01  7.39086045e+03 -4.32363969e+05 
 2.34422882e+01  7.05548112e+03 -4.22527814e+05 
 2.39883292e+01  6.73518809e+03 -4.12915180e+05 
 2.45470892e+01  6.42930278e+03 -4.03521005e+05 
 2.51188643e+01  6.13717776e+03 -3.94340338e+05 
 2.57039578e+01  5.85819413e+03 -3.85368343e+05 
 2.63026799e+01  5.59176110e+03 -3.76600289e+05 
 2.69153480e+01  5.33731416e+03 -3.68031554e+05 
 2.75422870e+01  5.09431440e+03 -3.59657617e+05 
 2.81838293e+01  4.86224706e+03 -3.51474062e+05 
 2.88403150e+01  4.64062051e+03 -3.43476571e+05 
 2.95120923e+01  4.42896507e+03 -3.35660922e+05 
 3.01995172e+01  4.22683240e+03 -3.28022990e+05 
 3.09029543e+01  4.03379416e+03 -3.20558743e+05 
 3.16227766e+01  3.84944131e+03 -3.13264237e+05 
 3.23593657e+01  3.67338311e+03 -3.06135621e+05 
 3.31131121e+01  3.50524657e+03 -2.99169129e+05 
 3.38844156e+01  3.34467531e+03 -2.92361080e+05 
 3.46736850e+01  3.19132904e+03 -2.85707876e+05 
 3.54813389e+01  3.04488272e+03 -2.79206001e+05 
 3.63078055e+01  2.90502594e+03 -2.72852018e+05 
 3.71535229e+01  2.77146234e+03 -2.66642568e+05 
 3.80189396e+01  2.64390874e+03 -2.60574367e+05 
 3.89045145e+01  2.52209483e+03 -2.54644207e+05 
 3.98107171e+01  2.40576233e+03 -2.48848952e+05 
 4.07380278e+01  2.29466462e+03 -2.43185535e+05 
 4.16869383e+01  2.18856624e+03 -2.37650962e+05 
 4.26579519e+01  2.08724221e+03 -2.32242304e+05 
 4.36515832e+01  1.99047775e+03 -2.26956699e+05 
 4.46683592e+01  1.89806772e+03 -2.21791351e+05 
 4.57088190e+01  1.80981620e+03 -2.16743526e+05 
 4.67735141e+01  1.72553606e+03 -2.11810553e+05 
 4.78630092e+01  1.64504861e+03 -2.06989821e+05 
 4.89778819e+01  1.56818322e+03 -2.02278777e+05 
 5.01187234e+01  1.49477690e+03 -1.97674929e+05 
 5.12861384e+01  1.42467402e+03 -1.93175838e+05 
 5.24807460e+01  1.35772590e+03 -1.88779123e+05 
 5.37031796e+01  1.29379062e+03 -1.84482456e+05 
 5.49540874e+01  1.23273259e+03 -1.80283561e+05 
 5.62341325e+01  1.17442235e+03 -1.76180216e+05 
 5.75439937e+01  1.11873625e+03 -1.72170247e+05 
 5.88843655e+01  1.06555620e+03 -1.68251531e+05 
 6.02559586e+01  1.01476944e+03 -1.64421992e+05 
 6.16595002e+01  9.66268252e+02 -1.60679601e+05 
 6.30957344e+01  9.19949816e+02 -1.57022377e+05 
 6.45654229e+01  8.75715884e+02 -1.53448382e+05 
 6.60693448e+01  8.33472652e+02 -1.49955723e+05 
 6.76082975e+01  7.93130561e+02 -1.46542550e+05 
 6.91830971e+01  7.54604029e+02 -1.43207055e+05 
 7.07945784e+01  7.17811371e+02 -1.39947470e+05 
 7.24435960e+01  6.82674539e+02 -1.36762068e+05 
 7.41310241e+01  6.49119038e+02 -1.33649163e+05 
 7.58577575e+01  6.17073692e+02 -1.30607103e+05 
 7.76247117e+01  5.86470557e+02 -1.27634279e+05 
 7.94328235e+01  5.57244701e+02 -1.24729113e+05 
 8.12830516e+01  5.29334167e+02 -1.21890068e+05 
 8.31763771e+01  5.02679751e+02 -1.19115638e+05 
 8.51138038e+01  4.77224934e+02 -1.16404354e+05 
 8.70963590e+01  4.52915708e+02 -1.13754778e+05 
 8.91250938e+01  4.29700532e+02 -1.11165506e+05 
 9.12010839e+01  4.07530166e+02 -1.08635167e+05 
 9.33254301e+01  3.86357591e+02 -1.06162418e+05 
 9.54992586e+01  3.66137905e+02 -1.03745950e+05 
 9.77237221e+01  3.46828217e+02 -1.01384483e+05 
 1.00000000e+02  3.28387577e+02 -9.90767634e+04 
 1.02329299e+02  3.10776870e+02 -9.68215693e+04 
 1.04712855e+02  2.93958745e+02 -9.46177051e+04 
 1.07151931e+02  2.77897538e+02 -9.24640028e+04 
 1.09647820e+02  2.62559175e+02 -9.03593208e+04 
 1.12201845e+02  2.47911132e+02 -8.83025435e+04 
 1.14815362e+02  2.33922334e+02 -8.62925808e+04 
 1.17489755e+02  2.20563116e+02 -8.43283672e+04 
 1.20226443e+02  2.07805143e+02 -8.24088615e+04 
 1.23026877e+02  1.95621350e+02 -8.05330464e+04 
 1.25892541e+02  1.83985901e+02 -7.86999274e+04 
 1.28824955e+02  1.72874114e+02 -7.69085329e+04 
 1.31825674e+02  1.62262424e+02 -7.51579133e+04 
 1.34896288e+02  1.52128318e+02 -7.34471405e+04 
 1.38038426e+02  1.42450309e+02 -7.17753076e+04 
 1.41253754e+02  1.33207862e+02 -7.01415285e+04 
 1.44543977e+02  1.24381378e+02 -6.85449371e+04 
 1.47910839e+02  1.15952133e+02 -6.69846869e+04 
 1.51356125e+02  1.07902256e+02 -6.54599508e+04 
 1.54881662e+02  1.00214662e+02 -6.39699206e+04 
 1.58489319e+02  9.28730498e+01 -6.25138063e+04 
 1.62181010e+02  8.58618474e+01 -6.10908360e+04 
 1.65958691e+02  7.91661858e+01 -5.97002554e+04 
 1.69824365e+02  7.27718593e+01 -5.83413271e+04 
 1.73780083e+02  6.66653095e+01 -5.70133309e+04 
 1.77827941e+02  6.08335785e+01 -5.57155627e+04 
 1.81970086e+02  5.52643018e+01 -5.44473344e+04 
 1.86208714e+02  4.99456626e+01 -5.32079737e+04 
 1.90546072e+02  4.48663840e+01 -5.19968236e+04 
 1.94984460e+02  4.00156881e+01 -5.08132419e+04 
 1.99526231e+02  3.53832910e+01 -4.96566012e+04 
 2.04173794e+02  3.09593610e+01 -4.85262882e+04 
 2.08929613e+02  2.67345203e+01 -4.74217038e+04 
 2.13796209e+02  2.26998054e+01 -4.63422622e+04 
 2.18776162e+02  1.88466562e+01 -4.52873913e+04 
 2.23872114e+02  1.51669030e+01 -4.42565317e+04 
 2.29086765e+02  1.16527392e+01 -4.32491369e+04 
 2.34422882e+02  8.29671305e+00 -4.22646729e+04 
 2.39883292e+02  5.09170225e+00 -4.13026176e+04 
 2.45470892e+02  2.03091165e+00 -4.03624610e+04 
 2.51188643e+02 -8.92151449e-01 -3.94437047e+04 
 2.57039578e+02 -3.68368826e+00 -3.85458616e+04 
 2.63026799e+02 -6.34961727e+00 -3.76684556e+04 
 2.69153480e+02 -8.89559514e+00 -3.68110215e+04 
 2.75422870e+02 -1.13270223e+01 -3.59731048e+04 
 2.81838293e+02 -1.36490557e+01 -3.51542612e+04 
 2.88403150e+02 -1.58666196e+01 -3.43540565e+04 
 2.95120923e+02 -1.79844188e+01 -3.35720665e+04 
 3.01995172e+02 -2.00069443e+01 -3.28078767e+04 
 3.09029543e+02 -2.19384861e+01 -3.20610817e+04 
 3.16227766e+02 -2.37831417e+01 -3.13312858e+04 
 3.23593657e+02 -2.55448234e+01 -3.06181018e+04 
 3.31131121e+02 -2.72272677e+01 -2.99211518e+04 
 3.38844156e+02 -2.88340427e+01 -2.92400663e+04 
 3.46736850e+02 -3.03685570e+01 -2.85744840e+04 
 3.54813389e+02 -3.18340653e+01 -2.79240521e+04 
 3.63078055e+02 -3.32336753e+01 -2.72884257e+04 
 3.71535229e+02 -3.45703556e+01 -2.66672679e+04 
 3.80189396e+02 -3.58469418e+01 -2.60602493e+04 
 3.89045145e+02 -3.70661407e+01 -2.54670480e+04 
 3.98107171e+02 -3.82305383e+01 -2.48873496e+04 
 4.07380278e+02 -3.93426040e+01 -2.43208467e+04 
 4.16869383e+02 -4.04046966e+01 -2.37672389e+04 
 4.26579519e+02 -4.14190682e+01 -2.32262326e+04 
 4.36515832e+02 -4.23878700e+01 -2.26975412e+04 
 4.46683592e+02 -4.33131563e+01 -2.21808842e+04 
 4.57088190e+02 -4.41968895e+01 -2.16759877e+04 
 4.67735141e+02 -4.50409435e+01 -2.11825839e+04 
 4.78630092e+02 -4.58471078e+01 -2.07004114e+04 
 4.89778819e+02 -4.66170921e+01 -2.02292145e+04 
 5.01187234e+02 -4.73525278e+01 -1.97687432e+04 
 5.12861384e+02 -4.80549752e+01 -1.93187536e+04 
 5.24807460e+02 -4.87259232e+01 -1.88790069e+04 
 5.37031796e+02 -4.93667937e+01 -1.84492700e+04 
 5.49540874e+02 -4.99789451e+01 -1.80293151e+04 
 5.62341325e+02 -5.05636749e+01 -1.76189196e+04 
 5.75439937e+02 -5.11222220e+01 -1.72178657e+04 
 5.88843655e+02 -5.16557700e+01 -1.68259409e+04 
 6.02559586e+02 -5.21654490e+01 -1.64429374e+04 
 6.16595002e+02 -5.26523388e+01 -1.60686520e+04 
 6.30957344e+02 -5.31174703e+01 -1.57028864e+04 
 6.45654229e+02 -5.35618284e+01 -1.53454466e+04 
 6.60693448e+02 -5.39863537e+01 -1.49961431e+04 
 6.76082975e+02 -5.43919446e+01 -1.46547907e+04 
 6.91830971e+02 -5.47794592e+01 -1.43212083e+04 
 7.07945784e+02 -5.51497171e+01 -1.39952192e+04 
 7.24435960e+02 -5.55035010e+01 -1.36766504e+04 
 7.41310241e+02 -5.58415586e+01 -1.33653331e+04 
 7.58577575e+02 -5.61646041e+01 -1.30611022e+04 
 7.76247117e+02 -5.64733193e+01 -1.27637964e+04 
 7.94328235e+02 -5.67683556e+01 -1.24732580e+04 
 8.12830516e+02 -5.70503355e+01 -1.21893330e+04 
 8.31763771e+02 -5.73198528e+01 -1.19118708e+04 
 8.51138038e+02 -5.75774753e+01 -1.16407244e+04 
 8.70963590e+02 -5.78237448e+01 -1.13757499e+04 
 8.91250938e+02 -5.80591789e+01 -1.11168070e+04 
 9.12010839e+02 -5.82842721e+01 -1.08637581e+04 
 9.33254301e+02 -5.84994963e+01 -1.06164693e+04 
 9.54992586e+02 -5.87053023e+01 -1.03748093e+04 
 9.77237221e+02 -5.89021207e+01 -1.01386501e+04 
 1.00000000e+03 -5.90903625e+01 -9.90786638e+03 
 1.02329299e+03 -5.92704200e+01 -9.68233582e+03 
 1.04712855e+03 -5.94426682e+01 -9.46193881e+03 
 1.07151931e+03 -5.96074647e+01 -9.24655851e+03 
 1.09647820e+03 -5.97651511e+01 -9.03608070e+03 
 1.12201845e+03 -5.99160535e+01 -8.83039379e+03 
 1.14815362e+03 -6.00604830e+01 -8.62938870e+03 
 1.17489755e+03 -6.01987367e+01 -8.43295887e+03 
 1.20226443e+03 -6.03310982e+01 -8.24100013e+03 
 1.23026877e+03 -6.04578381e+01 -8.05341070e+03 
 1.25892541e+03 -6.05792145e+01 -7.87009111e+03 
 1.28824955e+03 -6.06954738e+01 -7.69094416e+03 
 1.31825674e+03 -6.08068511e+01 -7.51587485e+03 
 1.34896288e+03 -6.09135706e+01 -7.34479037e+03 
 1.38038426e+03 -6.10158464e+01 -7.17759998e+03 
 1.41253754e+03 -6.11138824e+01 -7.01421504e+03 
 1.44543977e+03 -6.12078733e+01 -6.85454891e+03 
 1.47910839e+03 -6.12980047e+01 -6.69851693e+03 
 1.51356125e+03 -6.13844538e+01 -6.54603638e+03 
 1.54881662e+03 -6.14673894e+01 -6.39702638e+03 
 1.58489319e+03 -6.15469724e+01 -6.25140794e+03 
 1.62181010e+03 -6.16233566e+01 -6.10910384e+03 
 1.65958691e+03 -6.16966882e+01 -5.97003863e+03 
 1.69824365e+03 -6.17671070e+01 -5.83413856e+03 
 1.73780083e+03 -6.18347462e+01 -5.70133158e+03 
 1.77827941e+03 -6.18997328e+01 -5.57154727e+03 
 1.81970086e+03 -6.19621881e+01 -5.44471681e+03 
 1.86208714e+03 -6.20222276e+01 -5.32077295e+03 
 1.90546072e+03 -6.20799619e+01 -5.19964998e+03 
 1.94984460e+03 -6.21354961e+01 -5.08128366e+03 
 1.99526231e+03 -6.21889310e+01 -4.96561125e+03 
 2.04173794e+03 -6.22403624e+01 -4.85257140e+03 
 2.08929613e+03 -6.22898824e+01 -4.74210418e+03 
 2.13796209e+03 -6.23375785e+01 -4.63415102e+03 
 2.18776162e+03 -6.23835347e+01 -4.52865468e+03 
 2.23872114e+03 -6.24278313e+01 -4.42555922e+03 
 2.29086765e+03 -6.24705452e+01 -4.32480998e+03 
 2.34422882e+03 -6.25117500e+01 -4.22635355e+03 
 2.39883292e+03 -6.25515165e+01 -4.13013772e+03 
 2.45470892e+03 -6.25899122e+01 -4.03611147e+03 
 2.51188643e+03 -6.26270024e+01 -3.94422496e+03 
 2.57039578e+03 -6.26628495e+01 -3.85442946e+03 
 2.63026799e+03 -6.26975138e+01 -3.76667736e+03 
 2.69153480e+03 -6.27310531e+01 -3.68092214e+03 
 2.75422870e+03 -6.27635233e+01 -3.59711834e+03 
 2.81838293e+03 -6.27949783e+01 -3.51522151e+03 
 2.88403150e+03 -6.28254702e+01 -3.43518825e+03 
 2.95120923e+03 -6.28550492e+01 -3.35697610e+03 
 3.01995172e+03 -6.28837642e+01 -3.28054362e+03 
 3.09029543e+03 -6.29116622e+01 -3.20585026e+03 
 3.16227766e+03 -6.29387892e+01 -3.13285643e+03 
 3.23593657e+03 -6.29651896e+01 -3.06152344e+03 
 3.31131121e+03 -6.29909066e+01 -2.99181344e+03 
 3.38844156e+03 -6.30159825e+01 -2.92368950e+03 
 3.46736850e+03 -6.30404582e+01 -2.85711548e+03 
 3.54813389e+03 -6.30643738e+01 -2.79205609e+03 
 3.63078055e+03 -6.30877684e+01 -2.72847682e+03 
 3.71535229e+03 -6.31106803e+01 -2.66634398e+03 
 3.80189396e+03 -6.31331467e+01 -2.60562461e+03 
 3.89045145e+03 -6.31552045e+01 -2.54628652e+03 
 3.98107171e+03 -6.31768895e+01 -2.48829824e+03 
 4.07380278e+03 -6.31982370e+01 -2.43162902e+03 
 4.16869383e+03 -6.32192815e+01 -2.37624882e+03 
 4.26579519e+03 -6.32400571e+01 -2.32212826e+03 
 4.36515832e+03 -6.32605972e+01 -2.26923865e+03 
 4.46683592e+03 -6.32809347e+01 -2.21755193e+03 
 4.57088190e+03 -6.33011019e+01 -2.16704070e+03 
 4.67735141e+03 -6.33211307e+01 -2.11767816e+03 
 4.78630092e+03 -6.33410525e+01 -2.06943814e+03 
 4.89778819e+03 -6.33608982e+01 -2.02229504e+03 
 5.01187234e+03 -6.33806981e+01 -1.97622386e+03 
 5.12861384e+03 -6.34004824e+01 -1.93120017e+03 
 5.24807460e+03 -6.34202804e+01 -1.88720007e+03 
 5.37031796e+03 -6.34401212e+01 -1.84420023e+03 
 5.49540874e+03 -6.34600335e+01 -1.80217783e+03 
 5.62341325e+03 -6.34800452e+01 -1.76111058e+03 
 5.75439937e+03 -6.35001839e+01 -1.72097668e+03 
 5.88843655e+03 -6.35204767e+01 -1.68175484e+03 
 6.02559586e+03 -6.35409501e+01 -1.64342424e+03 
 6.16595002e+03 -6.35616300e+01 -1.60596454e+03 
 6.30957344e+03 -6.35825417e+01 -1.56935586e+03 
 6.45654229e+03 -6.36037098e+01 -1.53357876e+03 
 6.60693448e+03 -6.36251582e+01 -1.49861424e+03 
 6.76082975e+03 -6.36469101e+01 -1.46444376e+03 
 6.91830971e+03 -6.36689877e+01 -1.43104915e+03 
 7.07945784e+03 -6.36914125e+01 -1.39841268e+03 
 7.24435960e+03 -6.37142051e+01 -1.36651703e+03 
 7.41310241e+03 -6.37373847e+01 -1.33534524e+03 
 7.58577575e+03 -6.37609697e+01 -1.30488076e+03 
 7.76247117e+03 -6.37849771e+01 -1.27510740e+03 
 7.94328235e+03 -6.38094229e+01 -1.24600934e+03 
 8.12830516e+03 -6.38343212e+01 -1.21757111e+03 
 8.31763771e+03 -6.38596850e+01 -1.18977759e+03 
 8.51138038e+03 -6.38855254e+01 -1.16261401e+03 
 8.70963590e+03 -6.39118520e+01 -1.13606592e+03 
 8.91250938e+03 -6.39386722e+01 -1.11011921e+03 
 9.12010839e+03 -6.39659918e+01 -1.08476007e+03 
 9.33254301e+03 -6.39938140e+01 -1.05997501e+03 
 9.54992586e+03 -6.40221401e+01 -1.03575084e+03 
 9.77237221e+03 -6.40509688e+01 -1.01207466e+03 
 1.00000000e+04 -6.40802964e+01 -9.88933884e+02 
 1.02329299e+04 -6.41101163e+01 -9.66316182e+02 
 1.04712855e+04 -6.41404191e+01 -9.44209511e+02 
 1.07151931e+04 -6.41711926e+01 -9.22602098e+02 
 1.09647820e+04 -6.42024213e+01 -9.01482433e+02 
 1.12201845e+04 -6.42340866e+01 -8.80839266e+02 
 1.14815362e+04 -6.42661662e+01 -8.60661597e+02 
 1.17489755e+04 -6.42986345e+01 -8.40938674e+02 
 1.20226443e+04 -6.43314624e+01 -8.21659985e+02 
 1.23026877e+04 -6.43646166e+01 -8.02815255e+02 
 1.25892541e+04 -6.43980602e+01 -7.84394439e+02 
 1.28824955e+04 -6.44317524e+01 -7.66387718e+02 
 1.31825674e+04 -6.44656481e+01 -7.48785491e+02 
 1.34896288e+04 -6.44996981e+01 -7.31578375e+02 
 1.38038426e+04 -6.45338492e+01 -7.14757197e+02 
 1.41253754e+04 -6.45680436e+01 -6.98312991e+02 
 1.44543977e+04 -6.46022194e+01 -6.82236991e+02 
 1.47910839e+04 -6.46363104e+01 -6.66520629e+02 
 1.51356125e+04 -6.46702459e+01 -6.51155531e+02 
 1.54881662e+04 -6.47039509e+01 -6.36133510e+02 
 1.58489319e+04 -6.47373463e+01 -6.21446566e+02 
 1.62181010e+04 -6.47703483e+01 -6.07086877e+02 
 1.65958691e+04 -6.48028693e+01 -5.93046799e+02 
 1.69824365e+04 -6.48348172e+01 -5.79318862e+02 
 1.73780083e+04 -6.48660960e+01 -5.65895764e+02 
 1.77827941e+04 -6.48966055e+01 -5.52770368e+02 
 1.81970086e+04 -6.49262418e+01 -5.39935700e+02 
 1.86208714e+04 -6.49548969e+01 -5.27384945e+02 
 1.90546072e+04 -6.49824592e+01 -5.15111441e+02 
 1.94984460e+04 -6.50088136e+01 -5.03108679e+02 
 1.99526231e+04 -6.50338413e+01 -4.91370297e+02 
 2.04173794e+04 -6.50574203e+01 -4.79890080e+02 
 2.08929613e+04 -6.50794252e+01 -4.68661954e+02 
 2.13796209e+04 -6.50997274e+01 -4.57679981e+02 
 2.18776162e+04 -6.51181952e+01 -4.46938363e+02 
 2.23872114e+04 -6.51346940e+01 -4.36431431e+02 
 2.29086765e+04 -6.51490863e+01 -4.26153647e+02 
 2.34422882e+04 -6.51612315e+01 -4.16099598e+02 
 2.39883292e+04 -6.51709863e+01 -4.06263997e+02 
 2.45470892e+04 -6.51782046e+01 -3.96641677e+02 
 2.51188643e+04 -6.51827374e+01 -3.87227587e+02 
 2.57039578e+04 -6.51844329e+01 -3.78016795e+02 
 2.63026799e+04 -6.51831363e+01 -3.69004478e+02 
 2.69153480e+04 -6.51786901e+01 -3.60185925e+02 
 2.75422870e+04 -6.51709333e+01 -3.51556534e+02 
 2.81838293e+04 -6.51597019e+01 -3.43111805e+02 
 2.88403150e+04 -6.51448286e+01 -3.34847342e+02 
 2.95120923e+04 -6.51261425e+01 -3.26758849e+02 
 3.01995172e+04 -6.51034686e+01 -3.18842130e+02 
 3.09029543e+04 -6.50766284e+01 -3.11093082e+02 
 3.16227766e+04 -6.50454388e+01 -3.03507696e+02 
 3.23593657e+04 -6.50097120e+01 -2.96082058e+02 
 3.31131121e+04 -6.49692556e+01 -2.88812338e+02 
 3.38844156e+04 -6.49238717e+01 -2.81694799e+02 
 3.46736850e+04 -6.48733568e+01 -2.74725786e+02 
 3.54813389e+04 -6.48175014e+01 -2.67901731e+02 
 3.63078055e+04 -6.47560897e+01 -2.61219147e+02 
 3.71535229e+04 -6.46888987e+01 -2.54674627e+02 
 3.80189396e+04 -6.46156986e+01 -2.48264846e+02 
 3.89045145e+04 -6.45362513e+01 -2.41986554e+02 
 3.98107171e+04 -6.44503109e+01 -2.35836580e+02 
 4.07380278e+04 -6.43576226e+01 -2.29811827e+02 
 4.16869383e+04 -6.42579225e+01 -2.23909274e+02 
 4.26579519e+04 -6.41509372e+01 -2.18125971e+02 
 4.36515832e+04 -6.40363831e+01 -2.12459043e+02 
 4.46683592e+04 -6.39139662e+01 -2.06905685e+02 
 4.57088190e+04 -6.37833814e+01 -2.01463165e+02 
 4.67735141e+04 -6.36443126e+01 -1.96128819e+02 
 4.78630092e+04 -6.34964315e+01 -1.90900054e+02 
 4.89778819e+04 -6.33393981e+01 -1.85774347e+02 
 5.01187234e+04 -6.31728601e+01 -1.80749245e+02 
 5.12861384e+04 -6.29964523e+01 -1.75822364e+02 
 5.24807460e+04 -6.28097971e+01 -1.70991387e+02 
 5.37031796e+04 -6.26125038e+01 -1.66254070e+02 
 5.49540874e+04 -6.24041690e+01 -1.61608238e+02 
 5.62341325e+04 -6.21843763e+01 -1.57051784e+02 
 5.75439937e+04 -6.19526968e+01 -1.52582675e+02 
 5.88843655e+04 -6.17086894e+01 -1.48198946e+02 
 6.02559586e+04 -6.14519011e+01 -1.43898707e+02 
 6.16595002e+04 -6.11818676e+01 -1.39680139e+02 
 6.30957344e+04 -6.08981143e+01 -1.35541497e+02 
 6.45654229e+04 -6.06001570e+01 -1.31481113e+02 
 6.60693448e+04 -6.02875034e+01 -1.27497393e+02 
 6.76082975e+04 -5.99596543e+01 -1.23588820e+02 
 6.91830971e+04 -5.96161052e+01 -1.19753958e+02 
 7.07945784e+04 -5.92563487e+01 -1.15991448e+02 
 7.24435960e+04 -5.88798761e+01 -1.12300014e+02 
 7.41310241e+04 -5.84861805e+01 -1.08678461e+02 
 7.58577575e+04 -5.80747594e+01 -1.05125680e+02 
 7.76247117e+04 -5.76451179e+01 -1.01640644e+02 
 7.94328235e+04 -5.71967726e+01 -9.82224120e+01 
 8.12830516e+04 -5.67292551e+01 -9.48701316e+01 
 8.31763771e+04 -5.62421165e+01 -9.15830356e+01 
 8.51138038e+04 -5.57349322e+01 -8.83604448e+01 
 8.70963590e+04 -5.52073066e+01 -8.52017670e+01 
 8.91250938e+04 -5.46588790e+01 -8.21064970e+01 
 9.12010839e+04 -5.40893287e+01 -7.90742157e+01 
 9.33254301e+04 -5.34983814e+01 -7.61045880e+01 
 9.54992586e+04 -5.28858152e+01 -7.31973616e+01 
 9.77237221e+04 -5.22514670e+01 -7.03523636e+01 
 1.00000000e+05 -5.15952392e+01 -6.75694972e+01 
 1.02329299e+05 -5.09171057e+01 -6.48487377e+01 
 1.04712855e+05 -5.02171191e+01 -6.21901272e+01 
 1.07151931e+05 -4.94954163e+01 -5.95937688e+01 
 1.09647820e+05 -4.87522250e+01 -5.70598197e+01 
 1.12201845e+05 -4.79878688e+01 -5.45884834e+01 
 1.14815362e+05 -4.72027726e+01 -5.21800016e+01 
 1.17489755e+05 -4.63974666e+01 -4.98346441e+01 
 1.20226443e+05 -4.55725899e+01 -4.75526990e+01 
 1.23026877e+05 -4.47288931e+01 -4.53344618e+01 
 1.25892541e+05 -4.38672394e+01 -4.31802238e+01 
 1.28824955e+05 -4.29886050e+01 -4.10902599e+01 
 1.31825674e+05 -4.20940777e+01 -3.90648166e+01 
 1.34896288e+05 -4.11848542e+01 -3.71040994e+01 
 1.38038426e+05 -4.02622362e+01 -3.52082604e+01 
 1.41253754e+05 -3.93276248e+01 -3.33773862e+01 
 1.44543977e+05 -3.83825128e+01 -3.16114861e+01 
 1.47910839e+05 -3.74284769e+01 -2.99104815e+01 
 1.51356125e+05 -3.64671668e+01 -2.82741955e+01 
 1.54881662e+05 -3.55002946e+01 -2.67023441e+01 
 1.58489319e+05 -3.45296221e+01 -2.51945291e+01 
 1.62181010e+05 -3.35569472e+01 -2.37502313e+01 
 1.65958691e+05 -3.25840903e+01 -2.23688069e+01 
 1.69824365e+05 -3.16128793e+01 -2.10494843e+01 
 1.73780083e+05 -3.06451350e+01 -1.97913638e+01 
 1.77827941e+05 -2.96826562e+01 -1.85934180e+01 
 1.81970086e+05 -2.87272052e+01 -1.74544952e+01 
 1.86208714e+05 -2.77804940e+01 -1.63733239e+01 
 1.90546072e+05 -2.68441711e+01 -1.53485187e+01 
 1.94984460e+05 -2.59198090e+01 -1.43785885e+01 
 1.99526231e+05 -2.50088940e+01 -1.34619453e+01 
 2.04173794e+05 -2.41128159e+01 -1.25969147e+01 
 2.08929613e+05 -2.32328603e+01 -1.17817465e+01 
 2.13796209e+05 -2.23702019e+01 -1.10146272e+01 
 2.18776162e+05 -2.15258998e+01 -1.02936915e+01 
 2.23872114e+05 -2.07008937e+01 -9.61703548e+00 
 2.29086765e+05 -1.98960028e+01 -8.98272829e+00 
 2.34422882e+05 -1.91119249e+01 -8.38882483e+00 
 2.39883292e+05 -1.83492383e+01 -7.83337734e+00 
 2.45470892e+05 -1.76084033e+01 -7.31444660e+00 
 2.51188643e+05 -1.68897669e+01 -6.83011238e+00 
 2.57039578e+05 -1.61935666e+01 -6.37848308e+00 
 2.63026799e+05 -1.55199362e+01 -5.95770442e+00 
 2.69153480e+05 -1.48689120e+01 -5.56596718e+00 
 2.75422870e+05 -1.42404396e+01 -5.20151390e+00 
 2.81838293e+05 -1.36343806e+01 -4.86264460e+00 
 2.88403150e+05 -1.30505206e+01 -4.54772148e+00 
 2.95120923e+05 -1.24885759e+01 -4.25517268e+00 
 3.01995172e+05 -1.19482015e+01 -3.98349503e+00 
 3.09029543e+05 -1.14289984e+01 -3.73125605e+00 
 3.16227766e+05 -1.09305205e+01 -3.49709507e+00 
 3.23593657e+05 -1.04522815e+01 -3.27972366e+00 
 3.31131121e+05 -9.99376179e+00 -3.07792539e+00 
 3.38844156e+05 -9.55441416e+00 -2.89055501e+00 
 3.46736850e+05 -9.13366989e+00 -2.71653720e+00 
 3.54813389e+05 -8.73094394e+00 -2.55486481e+00 
 3.63078055e+05 -8.34563985e+00 -2.40459680e+00 
 3.71535229e+05 -7.97715422e+00 -2.26485592e+00 
 3.80189396e+05 -7.62488065e+00 -2.13482610e+00 
 3.89045145e+05 -7.28821335e+00 -2.01374974e+00 
 3.98107171e+05 -6.96655027e+00 -1.90092490e+00 
 4.07380278e+05 -6.65929588e+00 -1.79570232e+00 
 4.16869383e+05 -6.36586355e+00 -1.69748254e+00 
 4.26579519e+05 -6.08567756e+00 -1.60571295e+00 
 4.36515832e+05 -5.81817485e+00 -1.51988485e+00 
 4.46683592e+05 -5.56280642e+00 -1.43953070e+00 
 4.57088190e+05 -5.31903850e+00 -1.36422124e+00 
 4.67735141e+05 -5.08635343e+00 -1.29356293e+00 
 4.78630092e+05 -4.86425035e+00 -1.22719528e+00 
 4.89778819e+05 -4.65224570e+00 -1.16478847e+00 
 5.01187234e+05 -4.44987353e+00 -1.10604098e+00 
 5.12861384e+05 -4.25668566e+00 -1.05067739e+00 
 5.24807460e+05 -4.07225171e+00 -9.98446262e-01 
 5.37031796e+05 -3.89615901e+00 -9.49118218e-01 
 5.49540874e+05 -3.72801243e+00 -9.02484064e-01 
 5.62341325e+05 -3.56743409e+00 -8.58353087e-01 
 5.75439937e+05 -3.41406304e+00 -8.16551444e-01 
 5.88843655e+05 -3.26755486e+00 -7.76920673e-01 
 6.02559586e+05 -3.12758121e+00 -7.39316309e-01 
 6.16595002e+05 -2.99382934e+00 -7.03606613e-01 
 6.30957344e+05 -2.86600162e+00 -6.69671382e-01 
 6.45654229e+05 -2.74381495e+00 -6.37400874e-01 
 6.60693448e+05 -2.62700028e+00 -6.06694803e-01 
 6.76082975e+05 -2.51530198e+00 -5.77461431e-01 
 6.91830971e+05 -2.40847735e+00 -5.49616727e-01 
 7.07945784e+05 -2.30629602e+00 -5.23083606e-01 
 7.24435960e+05 -2.20853940e+00 -4.97791236e-01 
 7.41310241e+05 -2.11500016e+00 -4.73674402e-01 
 7.58577575e+05 -2.02548164e+00 -4.50672937e-01 
 7.76247117e+05 -1.93979736e+00 -4.28731203e-01 
 7.94328235e+05 -1.85777052e+00 -4.07797622e-01 
 8.12830516e+05 -1.77923345e+00 -3.87824257e-01 
 8.31763771e+05 -1.70402717e+00 -3.68766431e-01 
 8.51138038e+05 -1.63200091e+00 -3.50582391e-01 
 8.70963590e+05 -1.56301169e+00 -3.33233006e-01 
 8.91250938e+05 -1.49692383e+00 -3.16681493e-01 
 9.12010839e+05 -1.43360860e+00 -3.00893183e-01 
 9.33254301e+05 -1.37294380e+00 -2.85835305e-01 
 9.54992586e+05 -1.31481341e+00 -2.71476801e-01 
 9.77237221e+05 -1.25910720e+00 -2.57788160e-01 
 1.00000000e+06 -1.20572042e+00 -2.44741275e-01 
 1.02329299e+06 -1.15455348e+00 -2.32309315e-01 
 1.04712855e+06 -1.10551164e+00 -2.20466617e-01 
 1.07151931e+06 -1.05850475e+00 -2.09188589e-01 
 1.09647820e+06 -1.01344696e+00 -1.98451626e-01 
 1.12201845e+06 -9.70256467e-01 -1.88233042e-01 
 1.14815362e+06 -9.28855306e-01 -1.78511006e-01 
 1.17489755e+06 -8.89169110e-01 -1.69264490e-01 
 1.20226443e+06 -8.51126908e-01 -1.60473222e-01 
 1.23026877e+06 -8.14660936e-01 -1.52117651e-01 
 1.25892541e+06 -7.79706454e-01 -1.44178910e-01 
 1.28824955e+06 -7.46201578e-01 -1.36638788e-01 
 1.31825674e+06 -7.14087125e-01 -1.29479708e-01 
 1.34896288e+06 -6.83306466e-01 -1.22684701e-01 
 1.38038426e+06 -6.53805390e-01 -1.16237393e-01 
 1.41253754e+06 -6.25531978e-01 -1.10121982e-01 
 1.44543977e+06 -5.98436485e-01 -1.04323230e-01 
 1.47910839e+06 -5.72471228e-01 -9.88264419e-02 
 1.51356125e+06 -5.47590486e-01 -9.36174605e-02 
 1.54881662e+06 -5.23750403e-01 -8.86826499e-02 
 1.58489319e+06 -5.00908901e-01 -8.40088857e-02 
 1.62181010e+06 -4.79025593e-01 -7.95835443e-02 
 1.65958691e+06 -4.58061708e-01 -7.53944920e-02 
 1.69824365e+06 -4.37980018e-01 -7.14300742e-02 
 1.73780083e+06 -4.18744770e-01 -6.76791048e-02 
 1.77827941e+06 -4.00321620e-01 -6.41308555e-02 
 1.81970086e+06 -3.82677576e-01 -6.07750445e-02 
 1.86208714e+06 -3.65780938e-01 -5.76018259e-02 
 1.90546072e+06 -3.49601248e-01 -5.46017780e-02 
 1.94984460e+06 -3.34109239e-01 -5.17658919e-02 
 1.99526231e+06 -3.19276784e-01 -4.90855602e-02 
 2.04173794e+06 -3.05076855e-01 -4.65525647e-02 
 2.08929613e+06 -2.91483480e-01 -4.41590651e-02 
 2.13796209e+06 -2.78471700e-01 -4.18975864e-02 
 2.18776162e+06 -2.66017529e-01 -3.97610075e-02 
 2.23872114e+06 -2.54097924e-01 -3.77425488e-02 
 2.29086765e+06 -2.42690740e-01 -3.58357599e-02 
 2.34422882e+06 -2.31774706e-01 -3.40345082e-02 
 2.39883292e+06 -2.21329383e-01 -3.23329665e-02 
 2.45470892e+06 -2.11335142e-01 -3.07256014e-02 
 2.51188643e+06 -2.01773127e-01 -2.92071616e-02 
 2.57039578e+06 -1.92625229e-01 -2.77726662e-02 
 2.63026799e+06 -1.83874062e-01 -2.64173939e-02 
 2.69153480e+06 -1.75502928e-01 -2.51368712e-02 
 2.75422870e+06 -1.67495800e-01 -2.39268620e-02 
 2.81838293e+06 -1.59837293e-01 -2.27833570e-02 
 2.88403150e+06 -1.52512640e-01 -2.17025633e-02 
 2.95120923e+06 -1.45507669e-01 -2.06808942e-02 
 3.01995172e+06 -1.38808784e-01 -1.97149596e-02 
 3.09029543e+06 -1.32402939e-01 -1.88015568e-02 
 3.16227766e+06 -1.26277620e-01 -1.79376608e-02 
 3.23593657e+06 -1.20420825e-01 -1.71204162e-02 
 3.31131121e+06 -1.14821041e-01 -1.63471278e-02 
 3.38844156e+06 -1.09467233e-01 -1.56152536e-02 
 3.46736850e+06 -1.04348818e-01 -1.49223956e-02 
 3.54813389e+06 -9.94556500e-02 -1.42662936e-02 
 3.63078055e+06 -9.47780061e-02 -1.36448169e-02 
 3.71535229e+06 -9.03065668e-02 -1.30559579e-02 
 3.80189396e+06 -8.60324014e-02 -1.24978254e-02 
 3.89045145e+06 -8.19469530e-02 -1.19686384e-02 
 3.98107171e+06 -7.80420233e-02 -1.14667198e-02 
 4.07380278e+06 -7.43097592e-02 -1.09904907e-02 
 4.16869383e+06 -7.07426382e-02 -1.05384652e-02 
 4.26579519e+06 -6.73334562e-02 -1.01092448e-02 
 4.36515832e+06 -6.40753140e-02 -9.70151397e-03 
 4.46683592e+06 -6.09616054e-02 -9.31403482e-03 
 4.57088190e+06 -5.79860053e-02 -8.94564309e-03 
 4.67735141e+06 -5.51424587e-02 -8.59524376e-03 
 4.78630092e+06 -5.24251688e-02 -8.26180706e-03 
 4.89778819e+06 -4.98285876e-02 -7.94436468e-03 
 5.01187234e+06 -4.73474047e-02 -7.64200617e-03 
 5.12861384e+06 -4.49765383e-02 -7.35387552e-03 
 5.24807460e+06 -4.27111253e-02 -7.07916800e-03 
 5.37031796e+06 -4.05465125e-02 -6.81712708e-03 
 5.49540874e+06 -3.84782475e-02 -6.56704158e-03 
 5.62341325e+06 -3.65020710e-02 -6.32824297e-03 
 5.75439937e+06 -3.46139079e-02 -6.10010282e-03 
 5.88843655e+06 -3.28098604e-02 -5.88203040e-03 
 6.02559586e+06 -3.10861999e-02 -5.67347039e-03 
 6.16595002e+06 -2.94393601e-02 -5.47390079e-03 
 6.30957344e+06 -2.78659304e-02 -5.28283087e-03 
 6.45654229e+06 -2.63626486e-02 -5.09979930e-03 
 6.60693448e+06 -2.49263955e-02 -4.92437237e-03 
 6.76082975e+06 -2.35541881e-02 -4.75614232e-03 
 6.91830971e+06 -2.22431740e-02 -4.59472573e-03 
 7.07945784e+06 -2.09906258e-02 -4.43976213e-03 
 7.24435960e+06 -1.97939361e-02 -4.29091249e-03 
 7.41310241e+06 -1.86506118e-02 -4.14785802e-03 
 7.58577575e+06 -1.75582692e-02 -4.01029890e-03 
 7.76247117e+06 -1.65146298e-02 -3.87795312e-03 
 7.94328235e+06 -1.55175153e-02 -3.75055542e-03 
 8.12830516e+06 -1.45648436e-02 -3.62785626e-03 
 8.31763771e+06 -1.36546241e-02 -3.50962089e-03 
 8.51138038e+06 -1.27849543e-02 -3.39562844e-03 
 8.70963590e+06 -1.19540158e-02 -3.28567110e-03 
 8.91250938e+06 -1.11600704e-02 -3.17955331e-03 
 9.12010839e+06 -1.04014569e-02 -3.07709105e-03 
 9.33254301e+06 -9.67658774e-03 -2.97811112e-03 
 9.54992586e+06 -8.98394552e-03 -2.88245054e-03 
 9.77237221e+06 -8.32208023e-03 -2.78995588e-03 
 1.00000000e+07 -7.68960616e-03 -2.70048275e-03 
 1.02329299e+07 -7.08519913e-03 -2.61389523e-03 
 1.04712855e+07 -6.50759381e-03 -2.53006538e-03 
 1.07151931e+07 -5.95558112e-03 -2.44887275e-03 
 1.09647820e+07 -5.42800579e-03 -2.37020399e-03 
 1.12201845e+07 -4.92376403e-03 -2.29395237e-03 
 1.14815362e+07 -4.44180122e-03 -2.22001745e-03 
 1.17489755e+07 -3.98110983e-03 -2.14830467e-03 
 1.20226443e+07 -3.54072732e-03 -2.07872502e-03 
 1.23026877e+07 -3.11973417e-03 -2.01119473e-03 
 1.25892541e+07 -2.71725204e-03 -1.94563493e-03 
 1.28824955e+07 -2.33244194e-03 -1.88197140e-03 
 1.31825674e+07 -1.96450253e-03 -1.82013430e-03 
 1.34896288e+07 -1.61266846e-03 -1.76005785e-03 
 1.38038426e+07 -1.27620884e-03 -1.70168018e-03 
 1.41253754e+07 -9.54425688e-04 -1.64494302e-03 
 1.44543977e+07 -6.46652540e-04 -1.58979154e-03 
 1.47910839e+07 -3.52253062e-04 -1.53617409e-03 
 1.51356125e+07 -7.06197431e-05 -1.48404206e-03 
 1.54881662e+07  1.98827357e-04 -1.43334965e-03 
 1.58489319e+07  4.56641807e-04 -1.38405371e-03 
 1.62181010e+07  7.03351947e-04 -1.33611356e-03 
 1.65958691e+07  9.39461985e-04 -1.28949085e-03 
 1.69824365e+07  1.16545305e-03 -1.24414937e-03 
 1.73780083e+07  1.38178419e-03 -1.20005493e-03 
 1.77827941e+07  1.58889332e-03 -1.15717521e-03 
 1.81970086e+07  1.78719819e-03 -1.11547962e-03 
 1.86208714e+07  1.97709721e-03 -1.07493919e-03 
 1.90546072e+07  2.15897031e-03 -1.03552639e-03 
 1.94984460e+07  2.33317979e-03 -9.97215086e-04 
 1.99526231e+07  2.50007102e-03 -9.59980372e-04 
 2.04173794e+07  2.65997327e-03 -9.23798483e-04 
 2.08929613e+07  2.81320037e-03 -8.88646687e-04 
 2.13796209e+07  2.96005139e-03 -8.54503183e-04 
 2.18776162e+07  3.10081136e-03 -8.21347016e-04 
 2.23872114e+07  3.23575182e-03 -7.89157978e-04 
 2.29086765e+07  3.36513151e-03 -7.57916534e-04 
 2.34422882e+07  3.48919687e-03 -7.27603734e-04 
 2.39883292e+07  3.60818268e-03 -6.98201149e-04 
 2.45470892e+07  3.72231256e-03 -6.69690794e-04 
 2.51188643e+07  3.83179948e-03 -6.42055069e-04 
 2.57039578e+07  3.93684628e-03 -6.15276701e-04 
 2.63026799e+07  4.03764615e-03 -5.89338689e-04 
 2.69153480e+07  4.13438307e-03 -5.64224256e-04 
 2.75422870e+07  4.22723228e-03 -5.39916808e-04 
 2.81838293e+07  4.31636068e-03 -5.16399894e-04 
 2.88403150e+07  4.40192724e-03 -4.93657171e-04 
 2.95120923e+07  4.48408341e-03 -4.71672381e-04 
 3.01995172e+07  4.56297348e-03 -4.50429323e-04 
 3.09029543e+07  4.63873495e-03 -4.29911836e-04 
 3.16227766e+07  4.71149885e-03 -4.10103782e-04 
 3.23593657e+07  4.78139011e-03 -3.90989041e-04 
 3.31131121e+07  4.84852784e-03 -3.72551496e-04 
 3.38844156e+07  4.91302563e-03 -3.54775039e-04 
 3.46736850e+07  4.97499186e-03 -3.37643568e-04 
 3.54813389e+07  5.03452996e-03 -3.21140988e-04 
 3.63078055e+07  5.09173868e-03 -3.05251226e-04 
 3.71535229e+07  5.14671230e-03 -2.89958231e-04 
 3.80189396e+07  5.19954092e-03 -2.75245994e-04 
 3.89045145e+07  5.25031064e-03 -2.61098558e-04 
 3.98107171e+07  5.29910378e-03 -2.47500036e-04 
 4.07380278e+07  5.34599910e-03 -2.34434625e-04 
 4.16869383e+07  5.39107196e-03 -2.21886630e-04 
 4.26579519e+07  5.43439450e-03 -2.09840477e-04 
 4.36515832e+07  5.47603582e-03 -1.98280737e-04 
 4.46683592e+07  5.51606214e-03 -1.87192144e-04 
 4.57088190e+07  5.55453693e-03 -1.76559617e-04 
 4.67735141e+07  5.59152106e-03 -1.66368279e-04 
 4.78630092e+07  5.62707293e-03 -1.56603473e-04 
 4.89778819e+07  5.66124857e-03 -1.47250789e-04 
 5.01187234e+07  5.69410179e-03 -1.38296072e-04 
 5.12861384e+07  5.72568427e-03 -1.29725446e-04 
 5.24807460e+07  5.75604565e-03 -1.21525328e-04 
 5.37031796e+07  5.78523362e-03 -1.13682439e-04 
 5.49540874e+07  5.81329402e-03 -1.06183821e-04 
 5.62341325e+07  5.84027094e-03 -9.90168470e-05 
 5.75439937e+07  5.86620674e-03 -9.21692297e-05 
 5.88843655e+07  5.89114217e-03 -8.56290316e-05 
 6.02559586e+07  5.91511642e-03 -7.93846700e-05 
 6.16595002e+07  5.93816718e-03 -7.34249231e-05 
 6.30957344e+07  5.96033068e-03 -6.77389323e-05 
 6.45654229e+07  5.98164179e-03 -6.23162046e-05 
 6.60693448e+07  6.00213403e-03 -5.71466126e-05 
 6.76082975e+07  6.02183962e-03 -5.22203925e-05 
 6.91830971e+07  6.04078957e-03 -4.75281419e-05 
 7.07945784e+07  6.05901365e-03 -4.30608151e-05 
 7.24435960e+07  6.07654050e-03 -3.88097178e-05 
 7.41310241e+07  6.09339763e-03 -3.47665002e-05 
 7.58577575e+07  6.10961148e-03 -3.09231490e-05 
 7.76247117e+07  6.12520741e-03 -2.72719787e-05 
 7.94328235e+07  6.14020981e-03 -2.38056217e-05 
 8.12830516e+07  6.15464206e-03 -2.05170182e-05 
 8.31763771e+07  6.16852662e-03 -1.73994039e-05 
 8.51138038e+07  6.18188501e-03 -1.44462997e-05 
 8.70963590e+07  6.19473788e-03 -1.16514983e-05 
 8.91250938e+07  6.20710502e-03 -9.00905258e-06 
 9.12010839e+07  6.21900541e-03 -6.51326224e-06 
 9.33254301e+07  6.23045721e-03 -4.15866138e-06 
 9.54992586e+07  6.24147784e-03 -1.94000563e-06 
 9.77237221e+07  6.25208396e-03  1.47740484e-07 
 1.00000000e+08  6.26229153e-03  2.10941620e-06 
