 frequency       er              ei              fr              fi              ir              ii             
 1.00000000e+00  2.38729787e-04  6.04476930e-04  2.38729787e-04  6.04476930e-04 -1.00000000e+00  6.05403685e-12 
 1.02329299e+00  2.38729749e-04  6.18557005e-04  2.38729749e-04  6.18557005e-04 -1.00000000e+00  6.19505344e-12 
 1.04712855e+00  2.38729706e-04  6.32965048e-04  2.38729706e-04  6.32965048e-04 -1.00000000e+00  6.33935474e-12 
 1.07151931e+00  2.38729658e-04  6.47708696e-04  2.38729658e-04  6.47708696e-04 -1.00000000e+00  6.48701723e-12 
 1.09647820e+00  2.38729613e-04  6.62795768e-04  2.38729613e-04  6.62795768e-04 -1.00000000e+00  6.63811922e-12 
 1.12201845e+00  2.38729564e-04  6.78234264e-04  2.38729564e-04  6.78234264e-04 -1.00000000e+00  6.79274084e-12 
 1.14815362e+00  2.38729514e-04  6.94032368e-04  2.38729514e-04  6.94032368e-04 -1.00000000e+00  6.95096404e-12 
 1.17489755e+00  2.38729457e-04  7.10198458e-04  2.38729457e-04  7.10198458e-04 -1.00000000e+00  7.11287274e-12 
 1.20226443e+00  2.38729398e-04  7.26741103e-04  2.38729398e-04  7.26741103e-04 -1.00000000e+00  7.27855277e-12 
 1.23026877e+00  2.38729341e-04  7.43669077e-04  2.38729341e-04  7.43669077e-04 -1.00000000e+00  7.44809198e-12 
 1.25892541e+00  2.38729276e-04  7.60991354e-04  2.38729276e-04  7.60991354e-04 -1.00000000e+00  7.62158026e-12 
 1.28824955e+00  2.38729212e-04  7.78717118e-04  2.38729212e-04  7.78717118e-04 -1.00000000e+00  7.79910961e-12 
 1.31825674e+00  2.38729144e-04  7.96855769e-04  2.38729144e-04  7.96855769e-04 -1.00000000e+00  7.98077414e-12 
 1.34896288e+00  2.38729071e-04  8.15416924e-04  2.38729071e-04  8.15416924e-04 -1.00000000e+00  8.16667018e-12 
 1.38038426e+00  2.38728998e-04  8.34410422e-04  2.38728998e-04  8.34410422e-04 -1.00000000e+00  8.35689628e-12 
 1.41253754e+00  2.38728921e-04  8.53846337e-04  2.38728921e-04  8.53846337e-04 -1.00000000e+00  8.55155331e-12 
 1.44543977e+00  2.38728836e-04  8.73734972e-04  2.38728836e-04  8.73734972e-04 -1.00000000e+00  8.75074448e-12 
 1.47910839e+00  2.38728748e-04  8.94086873e-04  2.38728748e-04  8.94086873e-04 -1.00000000e+00  8.95457541e-12 
 1.51356125e+00  2.38728658e-04  9.14912831e-04  2.38728658e-04  9.14912831e-04 -1.00000000e+00  9.16315417e-12 
 1.54881662e+00  2.38728561e-04  9.36223887e-04  2.38728561e-04  9.36223887e-04 -1.00000000e+00  9.37659134e-12 
 1.58489319e+00  2.38728465e-04  9.58031342e-04  2.38728465e-04  9.58031342e-04 -1.00000000e+00  9.59500009e-12 
 1.62181010e+00  2.38728358e-04  9.80346758e-04  2.38728358e-04  9.80346758e-04 -1.00000000e+00  9.81852410e-12 
 1.65958691e+00  2.38728248e-04  1.00318197e-03  2.38728248e-04  1.00318197e-03 -1.00000000e+00  1.00472268e-11 
 1.69824365e+00  2.38728136e-04  1.02654908e-03  2.38728136e-04  1.02654908e-03 -1.00000000e+00  1.02812566e-11 
 1.73780083e+00  2.38728017e-04  1.05046047e-03  2.38728017e-04  1.05046047e-03 -1.00000000e+00  1.05207377e-11 
 1.77827941e+00  2.38727891e-04  1.07492884e-03  2.38727891e-04  1.07492884e-03 -1.00000000e+00  1.07657970e-11 
 1.81970086e+00  2.38727758e-04  1.09996715e-03  2.38727758e-04  1.09996715e-03 -1.00000000e+00  1.10165645e-11 
 1.86208714e+00  2.38727621e-04  1.12558867e-03  2.38727621e-04  1.12558867e-03 -1.00000000e+00  1.12731730e-11 
 1.90546072e+00  2.38727479e-04  1.15180700e-03  2.38727479e-04  1.15180700e-03 -1.00000000e+00  1.15357588e-11 
 1.94984460e+00  2.38727326e-04  1.17863603e-03  2.38727326e-04  1.17863603e-03 -1.00000000e+00  1.18044609e-11 
 1.99526231e+00  2.38727166e-04  1.20608999e-03  2.38727166e-04  1.20608999e-03 -1.00000000e+00  1.20794219e-11 
 2.04173794e+00  2.38727004e-04  1.23418344e-03  2.38727004e-04  1.23418344e-03 -1.00000000e+00  1.23607875e-11 
 2.08929613e+00  2.38726833e-04  1.26293126e-03  2.38726833e-04  1.26293126e-03 -1.00000000e+00  1.26487070e-11 
 2.13796209e+00  2.38726650e-04  1.29234871e-03  2.38726650e-04  1.29234871e-03 -1.00000000e+00  1.29433330e-11 
 2.18776162e+00  2.38726463e-04  1.32245138e-03  2.38726463e-04  1.32245138e-03 -1.00000000e+00  1.32448217e-11 
 2.23872114e+00  2.38726261e-04  1.35325522e-03  2.38726261e-04  1.35325522e-03 -1.00000000e+00  1.35533329e-11 
 2.29086765e+00  2.38726054e-04  1.38477659e-03  2.38726054e-04  1.38477659e-03 -1.00000000e+00  1.38690302e-11 
 2.34422882e+00  2.38725832e-04  1.41703218e-03  2.38725832e-04  1.41703218e-03 -1.00000000e+00  1.41920811e-11 
 2.39883292e+00  2.38725605e-04  1.45003910e-03  2.38725605e-04  1.45003910e-03 -1.00000000e+00  1.45226568e-11 
 2.45470892e+00  2.38725368e-04  1.48381484e-03  2.38725368e-04  1.48381484e-03 -1.00000000e+00  1.48609325e-11 
 2.51188643e+00  2.38725117e-04  1.51837733e-03  2.38725117e-04  1.51837733e-03 -1.00000000e+00  1.52070877e-11 
 2.57039578e+00  2.38724854e-04  1.55374488e-03  2.38724854e-04  1.55374488e-03 -1.00000000e+00  1.55613058e-11 
 2.63026799e+00  2.38724581e-04  1.58993625e-03  2.38724581e-04  1.58993625e-03 -1.00000000e+00  1.59237747e-11 
 2.69153480e+00  2.38724294e-04  1.62697062e-03  2.38724294e-04  1.62697062e-03 -1.00000000e+00  1.62946865e-11 
 2.75422870e+00  2.38723992e-04  1.66486763e-03  2.38723992e-04  1.66486763e-03 -1.00000000e+00  1.66742380e-11 
 2.81838293e+00  2.38723679e-04  1.70364738e-03  2.38723679e-04  1.70364738e-03 -1.00000000e+00  1.70626303e-11 
 2.88403150e+00  2.38723347e-04  1.74333043e-03  2.38723347e-04  1.74333043e-03 -1.00000000e+00  1.74600693e-11 
 2.95120923e+00  2.38723003e-04  1.78393781e-03  2.38723003e-04  1.78393781e-03 -1.00000000e+00  1.78667659e-11 
 3.01995172e+00  2.38722640e-04  1.82549106e-03  2.38722640e-04  1.82549106e-03 -1.00000000e+00  1.82829356e-11 
 3.09029543e+00  2.38722261e-04  1.86801221e-03  2.38722261e-04  1.86801221e-03 -1.00000000e+00  1.87087991e-11 
 3.16227766e+00  2.38721865e-04  1.91152380e-03  2.38721865e-04  1.91152380e-03 -1.00000000e+00  1.91445822e-11 
 3.23593657e+00  2.38721449e-04  1.95604891e-03  2.38721449e-04  1.95604891e-03 -1.00000000e+00  1.95905159e-11 
 3.31131121e+00  2.38721012e-04  2.00161114e-03  2.38721012e-04  2.00161114e-03 -1.00000000e+00  2.00468366e-11 
 3.38844156e+00  2.38720558e-04  2.04823465e-03  2.38720558e-04  2.04823465e-03 -1.00000000e+00  2.05137864e-11 
 3.46736850e+00  2.38720081e-04  2.09594417e-03  2.38720081e-04  2.09594417e-03 -1.00000000e+00  2.09916128e-11 
 3.54813389e+00  2.38719581e-04  2.14476498e-03  2.38719581e-04  2.14476498e-03 -1.00000000e+00  2.14805691e-11 
 3.63078055e+00  2.38719057e-04  2.19472297e-03  2.38719057e-04  2.19472297e-03 -1.00000000e+00  2.19809145e-11 
 3.71535229e+00  2.38718510e-04  2.24584464e-03  2.38718510e-04  2.24584464e-03 -1.00000000e+00  2.24929144e-11 
 3.80189396e+00  2.38717937e-04  2.29815708e-03  2.38717937e-04  2.29815708e-03 -1.00000000e+00  2.30168402e-11 
 3.89045145e+00  2.38717335e-04  2.35168803e-03  2.38717335e-04  2.35168803e-03 -1.00000000e+00  2.35529698e-11 
 3.98107171e+00  2.38716706e-04  2.40646588e-03  2.38716706e-04  2.40646588e-03 -1.00000000e+00  2.41015872e-11 
 4.07380278e+00  2.38716049e-04  2.46251967e-03  2.38716049e-04  2.46251967e-03 -1.00000000e+00  2.46629835e-11 
 4.16869383e+00  2.38715358e-04  2.51987912e-03  2.38715358e-04  2.51987912e-03 -1.00000000e+00  2.52374563e-11 
 4.26579519e+00  2.38714636e-04  2.57857465e-03  2.38714636e-04  2.57857465e-03 -1.00000000e+00  2.58253101e-11 
 4.36515832e+00  2.38713880e-04  2.63863737e-03  2.38713880e-04  2.63863737e-03 -1.00000000e+00  2.64268566e-11 
 4.46683592e+00  2.38713090e-04  2.70009913e-03  2.38713090e-04  2.70009913e-03 -1.00000000e+00  2.70424148e-11 
 4.57088190e+00  2.38712260e-04  2.76299251e-03  2.38712260e-04  2.76299251e-03 -1.00000000e+00  2.76723110e-11 
 4.67735141e+00  2.38711386e-04  2.82735088e-03  2.38711386e-04  2.82735088e-03 -1.00000000e+00  2.83168793e-11 
 4.78630092e+00  2.38710479e-04  2.89320834e-03  2.38710479e-04  2.89320834e-03 -1.00000000e+00  2.89764612e-11 
 4.89778819e+00  2.38709529e-04  2.96059982e-03  2.38709529e-04  2.96059982e-03 -1.00000000e+00  2.96514066e-11 
 5.01187234e+00  2.38708532e-04  3.02956105e-03  2.38708532e-04  3.02956105e-03 -1.00000000e+00  3.03420732e-11 
 5.12861384e+00  2.38707488e-04  3.10012859e-03  2.38707488e-04  3.10012859e-03 -1.00000000e+00  3.10488273e-11 
 5.24807460e+00  2.38706397e-04  3.17233986e-03  2.38706397e-04  3.17233986e-03 -1.00000000e+00  3.17720436e-11 
 5.37031796e+00  2.38705250e-04  3.24623315e-03  2.38705250e-04  3.24623315e-03 -1.00000000e+00  3.25121054e-11 
 5.49540874e+00  2.38704053e-04  3.32184763e-03  2.38704053e-04  3.32184763e-03 -1.00000000e+00  3.32694052e-11 
 5.62341325e+00  2.38702798e-04  3.39922340e-03  2.38702798e-04  3.39922340e-03 -1.00000000e+00  3.40443445e-11 
 5.75439937e+00  2.38701485e-04  3.47840148e-03  2.38701485e-04  3.47840148e-03 -1.00000000e+00  3.48373341e-11 
 5.88843655e+00  2.38700107e-04  3.55942386e-03  2.38700107e-04  3.55942386e-03 -1.00000000e+00  3.56487945e-11 
 6.02559586e+00  2.38698664e-04  3.64233349e-03  2.38698664e-04  3.64233349e-03 -1.00000000e+00  3.64791558e-11 
 6.16595002e+00  2.38697159e-04  3.72717434e-03  2.38697159e-04  3.72717434e-03 -1.00000000e+00  3.73288582e-11 
 6.30957344e+00  2.38695577e-04  3.81399138e-03  2.38695577e-04  3.81399138e-03 -1.00000000e+00  3.81983524e-11 
 6.45654229e+00  2.38693923e-04  3.90283065e-03  2.38693923e-04  3.90283065e-03 -1.00000000e+00  3.90880992e-11 
 6.60693448e+00  2.38692191e-04  3.99373926e-03  2.38692191e-04  3.99373926e-03 -1.00000000e+00  3.99985703e-11 
 6.76082975e+00  2.38690375e-04  4.08676539e-03  2.38690375e-04  4.08676539e-03 -1.00000000e+00  4.09302485e-11 
 6.91830971e+00  2.38688476e-04  4.18195839e-03  2.38688476e-04  4.18195839e-03 -1.00000000e+00  4.18836277e-11 
 7.07945784e+00  2.38686485e-04  4.27936871e-03  2.38686485e-04  4.27936871e-03 -1.00000000e+00  4.28593349e-11 
 7.24435960e+00  2.38684402e-04  4.37904801e-03  2.38684402e-04  4.37904801e-03 -1.00000000e+00  4.38576470e-11 
 7.41310241e+00  2.38682222e-04  4.48104915e-03  2.38682222e-04  4.48104915e-03 -1.00000000e+00  4.48792121e-11 
 7.58577575e+00  2.38679938e-04  4.58542619e-03  2.38679938e-04  4.58542619e-03 -1.00000000e+00  4.59245716e-11 
 7.76247117e+00  2.38677548e-04  4.69223448e-03  2.38677548e-04  4.69223448e-03 -1.00000000e+00  4.69942799e-11 
 7.94328235e+00  2.38675044e-04  4.80153066e-03  2.38675044e-04  4.80153066e-03 -1.00000000e+00  4.80889040e-11 
 8.12830516e+00  2.38672419e-04  4.91337268e-03  2.38672419e-04  4.91337268e-03 -1.00000000e+00  4.92090941e-11 
 8.31763771e+00  2.38669674e-04  5.02781983e-03  2.38669674e-04  5.02781983e-03 -1.00000000e+00  5.03553059e-11 
 8.51138038e+00  2.38666797e-04  5.14493280e-03  2.38666797e-04  5.14493280e-03 -1.00000000e+00  5.15282153e-11 
 8.70963590e+00  2.38663788e-04  5.26477368e-03  2.38663788e-04  5.26477368e-03 -1.00000000e+00  5.27284441e-11 
 8.91250938e+00  2.38660638e-04  5.38740601e-03  2.38660638e-04  5.38740601e-03 -1.00000000e+00  5.39566285e-11 
 9.12010839e+00  2.38657332e-04  5.51289482e-03  2.38657332e-04  5.51289482e-03 -1.00000000e+00  5.52134981e-11 
 9.33254301e+00  2.38653878e-04  5.64130663e-03  2.38653878e-04  5.64130663e-03 -1.00000000e+00  5.64995642e-11 
 9.54992586e+00  2.38650257e-04  5.77270954e-03  2.38650257e-04  5.77270954e-03 -1.00000000e+00  5.78155850e-11 
 9.77237221e+00  2.38646467e-04  5.90717322e-03  2.38646467e-04  5.90717322e-03 -1.00000000e+00  5.91622582e-11 
 1.00000000e+01  2.38642499e-04  6.04476896e-03  2.38642499e-04  6.04476896e-03 -1.00000000e+00  6.05404696e-11 
 1.02329299e+01  2.38638343e-04  6.18556972e-03  2.38638343e-04  6.18556972e-03 -1.00000000e+00  6.19506099e-11 
 1.04712855e+01  2.38633990e-04  6.32965014e-03  2.38633990e-04  6.32965014e-03 -1.00000000e+00  6.33935945e-11 
 1.07151931e+01  2.38629434e-04  6.47708663e-03  2.38629434e-04  6.47708663e-03 -1.00000000e+00  6.48702804e-11 
 1.09647820e+01  2.38624661e-04  6.62795736e-03  2.38624661e-04  6.62795736e-03 -1.00000000e+00  6.63812684e-11 
 1.12201845e+01  2.38619666e-04  6.78234232e-03  2.38619666e-04  6.78234232e-03 -1.00000000e+00  6.79274493e-11 
 1.14815362e+01  2.38614432e-04  6.94032336e-03  2.38614432e-04  6.94032336e-03 -1.00000000e+00  6.95096428e-11 
 1.17489755e+01  2.38608956e-04  7.10198426e-03  2.38608956e-04  7.10198426e-03 -1.00000000e+00  7.11286874e-11 
 1.20226443e+01  2.38603217e-04  7.26741072e-03  2.38603217e-04  7.26741072e-03 -1.00000000e+00  7.27855446e-11 
 1.23026877e+01  2.38597210e-04  7.43669046e-03  2.38597210e-04  7.43669046e-03 -1.00000000e+00  7.44808883e-11 
 1.25892541e+01  2.38590921e-04  7.60991323e-03  2.38590921e-04  7.60991323e-03 -1.00000000e+00  7.62158263e-11 
 1.28824955e+01  2.38584334e-04  7.78717088e-03  2.38584334e-04  7.78717088e-03 -1.00000000e+00  7.79910643e-11 
 1.31825674e+01  2.38577436e-04  7.96855739e-03  2.38577436e-04  7.96855739e-03 -1.00000000e+00  7.98078753e-11 
 1.34896288e+01  2.38570215e-04  8.15416893e-03  2.38570215e-04  8.15416893e-03 -1.00000000e+00  8.16667745e-11 
 1.38038426e+01  2.38562652e-04  8.34410393e-03  2.38562652e-04  8.34410393e-03 -1.00000000e+00  8.35689683e-11 
 1.41253754e+01  2.38554730e-04  8.53846307e-03  2.38554730e-04  8.53846307e-03 -1.00000000e+00  8.55154650e-11 
 1.44543977e+01  2.38546440e-04  8.73734942e-03  2.38546440e-04  8.73734942e-03 -1.00000000e+00  8.75072960e-11 
 1.47910839e+01  2.38537757e-04  8.94086843e-03  2.38537757e-04  8.94086843e-03 -1.00000000e+00  8.95455170e-11 
 1.51356125e+01  2.38528664e-04  9.14912801e-03  2.38528664e-04  9.14912801e-03 -1.00000000e+00  9.16314681e-11 
 1.54881662e+01  2.38519143e-04  9.36223857e-03  2.38519143e-04  9.36223857e-03 -1.00000000e+00  9.37658738e-11 
 1.58489319e+01  2.38509171e-04  9.58031312e-03  2.38509171e-04  9.58031312e-03 -1.00000000e+00  9.59498561e-11 
 1.62181010e+01  2.38498735e-04  9.80346728e-03  2.38498735e-04  9.80346728e-03 -1.00000000e+00  9.81848416e-11 
 1.65958691e+01  2.38487801e-04  1.00318194e-02  2.38487801e-04  1.00318194e-02 -1.00000000e+00  1.00472024e-10 
 1.69824365e+01  2.38476357e-04  1.02654904e-02  2.38476357e-04  1.02654904e-02 -1.00000000e+00  1.02812334e-10 
 1.73780083e+01  2.38464368e-04  1.05046044e-02  2.38464368e-04  1.05046044e-02 -1.00000000e+00  1.05207002e-10 
 1.77827941e+01  2.38451816e-04  1.07492881e-02  2.38451816e-04  1.07492881e-02 -1.00000000e+00  1.07657592e-10 
 1.81970086e+01  2.38438676e-04  1.09996712e-02  2.38438676e-04  1.09996712e-02 -1.00000000e+00  1.10165256e-10 
 1.86208714e+01  2.38424915e-04  1.12558864e-02  2.38424915e-04  1.12558864e-02 -1.00000000e+00  1.12731483e-10 
 1.90546072e+01  2.38410504e-04  1.15180697e-02  2.38410504e-04  1.15180697e-02 -1.00000000e+00  1.15357153e-10 
 1.94984460e+01  2.38395413e-04  1.17863600e-02  2.38395413e-04  1.17863600e-02 -1.00000000e+00  1.18044305e-10 
 1.99526231e+01  2.38379612e-04  1.20608996e-02  2.38379612e-04  1.20608996e-02 -1.00000000e+00  1.20793700e-10 
 2.04173794e+01  2.38363065e-04  1.23418340e-02  2.38363065e-04  1.23418340e-02 -1.00000000e+00  1.23607296e-10 
 2.08929613e+01  2.38345740e-04  1.26293122e-02  2.38345740e-04  1.26293122e-02 -1.00000000e+00  1.26486418e-10 
 2.13796209e+01  2.38327599e-04  1.29234867e-02  2.38327599e-04  1.29234867e-02 -1.00000000e+00  1.29432957e-10 
 2.18776162e+01  2.38308602e-04  1.32245134e-02  2.38308602e-04  1.32245134e-02 -1.00000000e+00  1.32447560e-10 
 2.23872114e+01  2.38288710e-04  1.35325519e-02  2.38288710e-04  1.35325519e-02 -1.00000000e+00  1.35532747e-10 
 2.29086765e+01  2.38267881e-04  1.38477655e-02  2.38267881e-04  1.38477655e-02 -1.00000000e+00  1.38689785e-10 
 2.34422882e+01  2.38246071e-04  1.41703213e-02  2.38246071e-04  1.41703213e-02 -1.00000000e+00  1.41920347e-10 
 2.39883292e+01  2.38223231e-04  1.45003905e-02  2.38223231e-04  1.45003905e-02 -1.00000000e+00  1.45225731e-10 
 2.45470892e+01  2.38199313e-04  1.48381480e-02  2.38199313e-04  1.48381480e-02 -1.00000000e+00  1.48608502e-10 
 2.51188643e+01  2.38174271e-04  1.51837728e-02  2.38174271e-04  1.51837728e-02 -1.00000000e+00  1.52070266e-10 
 2.57039578e+01  2.38148050e-04  1.55374483e-02  2.38148050e-04  1.55374483e-02 -1.00000000e+00  1.55612208e-10 
 2.63026799e+01  2.38120588e-04  1.58993620e-02  2.38120588e-04  1.58993620e-02 -1.00000000e+00  1.59236852e-10 
 2.69153480e+01  2.38091836e-04  1.62697057e-02  2.38091836e-04  1.62697057e-02 -1.00000000e+00  1.62946131e-10 
 2.75422870e+01  2.38061728e-04  1.66486758e-02  2.38061728e-04  1.66486758e-02 -1.00000000e+00  1.66741317e-10 
 2.81838293e+01  2.38030201e-04  1.70364732e-02  2.38030201e-04  1.70364732e-02 -1.00000000e+00  1.70625354e-10 
 2.88403150e+01  2.37997188e-04  1.74333037e-02  2.37997188e-04  1.74333037e-02 -1.00000000e+00  1.74599589e-10 
 2.95120923e+01  2.37962622e-04  1.78393774e-02  2.37962622e-04  1.78393774e-02 -1.00000000e+00  1.78666362e-10 
 3.01995172e+01  2.37926421e-04  1.82549099e-02  2.37926421e-04  1.82549099e-02 -1.00000000e+00  1.82828084e-10 
 3.09029543e+01  2.37888516e-04  1.86801213e-02  2.37888516e-04  1.86801213e-02 -1.00000000e+00  1.87086977e-10 
 3.16227766e+01  2.37848826e-04  1.91152372e-02  2.37848826e-04  1.91152372e-02 -1.00000000e+00  1.91444497e-10 
 3.23593657e+01  2.37807267e-04  1.95604883e-02  2.37807267e-04  1.95604883e-02 -1.00000000e+00  1.95904026e-10 
 3.31131121e+01  2.37763745e-04  2.00161105e-02  2.37763745e-04  2.00161105e-02 -1.00000000e+00  2.00466824e-10 
 3.38844156e+01  2.37718173e-04  2.04823456e-02  2.37718173e-04  2.04823456e-02 -1.00000000e+00  2.05136429e-10 
 3.46736850e+01  2.37670455e-04  2.09594407e-02  2.37670455e-04  2.09594407e-02 -1.00000000e+00  2.09914459e-10 
 3.54813389e+01  2.37620487e-04  2.14476487e-02  2.37620487e-04  2.14476487e-02 -1.00000000e+00  2.14803725e-10 
 3.63078055e+01  2.37568165e-04  2.19472286e-02  2.37568165e-04  2.19472286e-02 -1.00000000e+00  2.19807438e-10 
 3.71535229e+01  2.37513378e-04  2.24584452e-02  2.37513378e-04  2.24584452e-02 -1.00000000e+00  2.24927009e-10 
 3.80189396e+01  2.37456007e-04  2.29815695e-02  2.37456007e-04  2.29815695e-02 -1.00000000e+00  2.30166081e-10 
 3.89045145e+01  2.37395929e-04  2.35168790e-02  2.37395929e-04  2.35168790e-02 -1.00000000e+00  2.35527448e-10 
 3.98107171e+01  2.37333022e-04  2.40646574e-02  2.37333022e-04  2.40646574e-02 -1.00000000e+00  2.41013283e-10 
 4.07380278e+01  2.37267155e-04  2.46251952e-02  2.37267155e-04  2.46251952e-02 -1.00000000e+00  2.46627511e-10 
 4.16869383e+01  2.37198180e-04  2.51987896e-02  2.37198180e-04  2.51987896e-02 -1.00000000e+00  2.52372074e-10 
 4.26579519e+01  2.37125953e-04  2.57857448e-02  2.37125953e-04  2.57857448e-02 -1.00000000e+00  2.58249983e-10 
 4.36515832e+01  2.37050321e-04  2.63863719e-02  2.37050321e-04  2.63863719e-02 -1.00000000e+00  2.64265819e-10 
 4.46683592e+01  2.36971128e-04  2.70009893e-02  2.36971128e-04  2.70009893e-02 -1.00000000e+00  2.70421300e-10 
 4.57088190e+01  2.36888196e-04  2.76299231e-02  2.36888196e-04  2.76299231e-02 -1.00000000e+00  2.76720046e-10 
 4.67735141e+01  2.36801365e-04  2.82735066e-02  2.36801365e-04  2.82735066e-02 -1.00000000e+00  2.83165382e-10 
 4.78630092e+01  2.36710434e-04  2.89320810e-02  2.36710434e-04  2.89320810e-02 -1.00000000e+00  2.89760712e-10 
 4.89778819e+01  2.36615222e-04  2.96059957e-02  2.36615222e-04  2.96059957e-02 -1.00000000e+00  2.96510358e-10 
 5.01187234e+01  2.36515522e-04  3.02956078e-02  2.36515522e-04  3.02956078e-02 -1.00000000e+00  3.03416648e-10 
 5.12861384e+01  2.36411120e-04  3.10012830e-02  2.36411120e-04  3.10012830e-02 -1.00000000e+00  3.10483638e-10 
 5.24807460e+01  2.36301798e-04  3.17233955e-02  2.36301798e-04  3.17233955e-02 -1.00000000e+00  3.17715506e-10 
 5.37031796e+01  2.36187327e-04  3.24623282e-02  2.36187327e-04  3.24623282e-02 -1.00000000e+00  3.25115637e-10 
 5.49540874e+01  2.36067456e-04  3.32184728e-02  2.36067456e-04  3.32184728e-02 -1.00000000e+00  3.32688403e-10 
 5.62341325e+01  2.35941939e-04  3.39922302e-02  2.35941939e-04  3.39922302e-02 -1.00000000e+00  3.40437345e-10 
 5.75439937e+01  2.35810504e-04  3.47840108e-02  2.35810504e-04  3.47840108e-02 -1.00000000e+00  3.48367042e-10 
 5.88843655e+01  2.35672877e-04  3.55942343e-02  2.35672877e-04  3.55942343e-02 -1.00000000e+00  3.56481199e-10 
 6.02559586e+01  2.35528759e-04  3.64233303e-02  2.35528759e-04  3.64233303e-02 -1.00000000e+00  3.64784608e-10 
 6.16595002e+01  2.35377851e-04  3.72717384e-02  2.35377851e-04  3.72717384e-02 -1.00000000e+00  3.73280616e-10 
 6.30957344e+01  2.35219830e-04  3.81399085e-02  2.35219830e-04  3.81399085e-02 -1.00000000e+00  3.81974743e-10 
 6.45654229e+01  2.35054359e-04  3.90283009e-02  2.35054359e-04  3.90283009e-02 -1.00000000e+00  3.90872154e-10 
 6.60693448e+01  2.34881093e-04  3.99373865e-02  2.34881093e-04  3.99373865e-02 -1.00000000e+00  3.99975902e-10 
 6.76082975e+01  2.34699657e-04  4.08676474e-02  2.34699657e-04  4.08676474e-02 -1.00000000e+00  4.09292478e-10 
 6.91830971e+01  2.34509672e-04  4.18195769e-02  2.34509672e-04  4.18195769e-02 -1.00000000e+00  4.18825073e-10 
 7.07945784e+01  2.34310729e-04  4.27936797e-02  2.34310729e-04  4.27936797e-02 -1.00000000e+00  4.28581088e-10 
 7.24435960e+01  2.34102409e-04  4.37904722e-02  2.34102409e-04  4.37904722e-02 -1.00000000e+00  4.38562659e-10 
 7.41310241e+01  2.33884275e-04  4.48104829e-02  2.33884275e-04  4.48104829e-02 -1.00000000e+00  4.48777487e-10 
 7.58577575e+01  2.33655857e-04  4.58542527e-02  2.33655857e-04  4.58542527e-02 -1.00000000e+00  4.59230365e-10 
 7.76247117e+01  2.33416673e-04  4.69223350e-02  2.33416673e-04  4.69223350e-02 -1.00000000e+00  4.69926152e-10 
 7.94328235e+01  2.33166213e-04  4.80152961e-02  2.33166213e-04  4.80152961e-02 -1.00000000e+00  4.80871137e-10 
 8.12830516e+01  2.32903946e-04  4.91337156e-02  2.32903946e-04  4.91337156e-02 -1.00000000e+00  4.92071096e-10 
 8.31763771e+01  2.32629321e-04  5.02781863e-02  2.32629321e-04  5.02781863e-02 -1.00000000e+00  5.03531942e-10 
 8.51138038e+01  2.32341749e-04  5.14493151e-02  2.32341749e-04  5.14493151e-02 -1.00000000e+00  5.15260450e-10 
 8.70963590e+01  2.32040623e-04  5.26477230e-02  2.32040623e-04  5.26477230e-02 -1.00000000e+00  5.27260607e-10 
 8.91250938e+01  2.31725303e-04  5.38740453e-02  2.31725303e-04  5.38740453e-02 -1.00000000e+00  5.39541694e-10 
 9.12010839e+01  2.31395120e-04  5.51289323e-02  2.31395120e-04  5.51289323e-02 -1.00000000e+00  5.52107147e-10 
 9.33254301e+01  2.31049372e-04  5.64130493e-02  2.31049372e-04  5.64130493e-02 -1.00000000e+00  5.64967475e-10 
 9.54992586e+01  2.30687326e-04  5.77270772e-02  2.30687326e-04  5.77270772e-02 -1.00000000e+00  5.78125502e-10 
 9.77237221e+01  2.30308213e-04  5.90717127e-02  2.30308213e-04  5.90717127e-02 -1.00000000e+00  5.91590543e-10 
 1.00000000e+02  2.29911231e-04  6.04476687e-02  2.29911231e-04  6.04476687e-02 -1.00000000e+00  6.05368863e-10 
 1.02329299e+02  2.29495538e-04  6.18556748e-02  2.29495538e-04  6.18556748e-02 -1.00000000e+00  6.19466806e-10 
 1.04712855e+02  2.29060244e-04  6.32964774e-02  2.29060244e-04  6.32964774e-02 -1.00000000e+00  6.33894392e-10 
 1.07151931e+02  2.28604432e-04  6.47708406e-02  2.28604432e-04  6.47708406e-02 -1.00000000e+00  6.48657455e-10 
 1.09647820e+02  2.28127133e-04  6.62795461e-02  2.28127133e-04  6.62795461e-02 -1.00000000e+00  6.63764653e-10 
 1.12201845e+02  2.27627336e-04  6.78233937e-02  2.27627336e-04  6.78233937e-02 -1.00000000e+00  6.79223940e-10 
 1.14815362e+02  2.27103976e-04  6.94032021e-02  2.27103976e-04  6.94032021e-02 -1.00000000e+00  6.95042458e-10 
 1.17489755e+02  2.26555943e-04  7.10198088e-02  2.26555943e-04  7.10198088e-02 -1.00000000e+00  7.11228451e-10 
 1.20226443e+02  2.25982072e-04  7.26740710e-02  2.25982072e-04  7.26740710e-02 -1.00000000e+00  7.27793436e-10 
 1.23026877e+02  2.25381150e-04  7.43668658e-02  2.25381150e-04  7.43668658e-02 -1.00000000e+00  7.44742011e-10 
 1.25892541e+02  2.24751894e-04  7.60990908e-02  2.24751894e-04  7.60990908e-02 -1.00000000e+00  7.62086140e-10 
 1.28824955e+02  2.24092978e-04  7.78716643e-02  2.24092978e-04  7.78716643e-02 -1.00000000e+00  7.79833857e-10 
 1.31825674e+02  2.23402991e-04  7.96855262e-02  2.23402991e-04  7.96855262e-02 -1.00000000e+00  7.97994419e-10 
 1.34896288e+02  2.22680475e-04  8.15416382e-02  2.22680475e-04  8.15416382e-02 -1.00000000e+00  8.16578448e-10 
 1.38038426e+02  2.21923894e-04  8.34409845e-02  2.21923894e-04  8.34409845e-02 -1.00000000e+00  8.35594504e-10 
 1.41253754e+02  2.21131641e-04  8.53845720e-02  2.21131641e-04  8.53845720e-02 -1.00000000e+00  8.55054886e-10 
 1.44543977e+02  2.20302037e-04  8.73734314e-02  2.20302037e-04  8.73734314e-02 -1.00000000e+00  8.74966125e-10 
 1.47910839e+02  2.19433311e-04  8.94086170e-02  2.19433311e-04  8.94086170e-02 -1.00000000e+00  8.95340979e-10 
 1.51356125e+02  2.18523627e-04  9.14912080e-02  2.18523627e-04  9.14912080e-02 -1.00000000e+00  9.16191355e-10 
 1.54881662e+02  2.17571047e-04  9.36223085e-02  2.17571047e-04  9.36223085e-02 -1.00000000e+00  9.37526846e-10 
 1.58489319e+02  2.16573552e-04  9.58030484e-02  2.16573552e-04  9.58030484e-02 -1.00000000e+00  9.59357153e-10 
 1.62181010e+02  2.15529016e-04  9.80345841e-02  2.15529016e-04  9.80345841e-02 -1.00000000e+00  9.81696262e-10 
 1.65958691e+02  2.14435228e-04  1.00318099e-01  2.14435228e-04  1.00318099e-01 -1.00000000e+00  1.00455580e-09 
 1.69824365e+02  2.13289859e-04  1.02654803e-01  2.13289859e-04  1.02654803e-01 -1.00000000e+00  1.02794617e-09 
 1.73780083e+02  2.12090474e-04  1.05045935e-01  2.12090474e-04  1.05045935e-01 -1.00000000e+00  1.05188237e-09 
 1.77827941e+02  2.10834527e-04  1.07492764e-01  2.10834527e-04  1.07492764e-01 -1.00000000e+00  1.07637381e-09 
 1.81970086e+02  2.09519348e-04  1.09996587e-01  2.09519348e-04  1.09996587e-01 -1.00000000e+00  1.10143612e-09 
 1.86208714e+02  2.08142143e-04  1.12558730e-01  2.08142143e-04  1.12558730e-01 -1.00000000e+00  1.12708068e-09 
 1.90546072e+02  2.06699979e-04  1.15180553e-01  2.06699979e-04  1.15180553e-01 -1.00000000e+00  1.15332389e-09 
 1.94984460e+02  2.05189793e-04  1.17863446e-01  2.05189793e-04  1.17863446e-01 -1.00000000e+00  1.18017433e-09 
 1.99526231e+02  2.03608380e-04  1.20608831e-01  2.03608380e-04  1.20608831e-01 -1.00000000e+00  1.20765410e-09 
 2.04173794e+02  2.01952367e-04  1.23418164e-01  2.01952367e-04  1.23418164e-01 -1.00000000e+00  1.23576709e-09 
 2.08929613e+02  2.00218242e-04  1.26292934e-01  2.00218242e-04  1.26292934e-01 -1.00000000e+00  1.26453799e-09 
 2.13796209e+02  1.98402307e-04  1.29234665e-01  1.98402307e-04  1.29234665e-01 -1.00000000e+00  1.29397625e-09 
 2.18776162e+02  1.96500705e-04  1.32244917e-01  1.96500705e-04  1.32244917e-01 -1.00000000e+00  1.32410050e-09 
 2.23872114e+02  1.94509389e-04  1.35325287e-01  1.94509389e-04  1.35325287e-01 -1.00000000e+00  1.35492420e-09 
 2.29086765e+02  1.92424125e-04  1.38477406e-01  1.92424125e-04  1.38477406e-01 -1.00000000e+00  1.38646487e-09 
 2.34422882e+02  1.90240470e-04  1.41702947e-01  1.90240470e-04  1.41702947e-01 -1.00000000e+00  1.41874051e-09 
 2.39883292e+02  1.87953782e-04  1.45003620e-01  1.87953782e-04  1.45003620e-01 -1.00000000e+00  1.45176545e-09 
 2.45470892e+02  1.85559190e-04  1.48381175e-01  1.85559190e-04  1.48381175e-01 -1.00000000e+00  1.48555413e-09 
 2.51188643e+02  1.83051597e-04  1.51837402e-01  1.83051597e-04  1.51837402e-01 -1.00000000e+00  1.52013189e-09 
 2.57039578e+02  1.80425661e-04  1.55374133e-01  1.80425661e-04  1.55374133e-01 -1.00000000e+00  1.55551188e-09 
 2.63026799e+02  1.77675797e-04  1.58993245e-01  1.77675797e-04  1.58993245e-01 -1.00000000e+00  1.59171394e-09 
 2.69153480e+02  1.74796139e-04  1.62696655e-01  1.74796139e-04  1.62696655e-01 -1.00000000e+00  1.62875840e-09 
 2.75422870e+02  1.71780558e-04  1.66486328e-01  1.71780558e-04  1.66486328e-01 -1.00000000e+00  1.66666611e-09 
 2.81838293e+02  1.68622623e-04  1.70364272e-01  1.68622623e-04  1.70364272e-01 -1.00000000e+00  1.70544873e-09 
 2.88403150e+02  1.65315606e-04  1.74332544e-01  1.65315606e-04  1.74332544e-01 -1.00000000e+00  1.74513492e-09 
 2.95120923e+02  1.61852458e-04  1.78393247e-01  1.61852458e-04  1.78393247e-01 -1.00000000e+00  1.78574437e-09 
 3.01995172e+02  1.58225795e-04  1.82548534e-01  1.58225795e-04  1.82548534e-01 -1.00000000e+00  1.82729188e-09 
 3.09029543e+02  1.54427881e-04  1.86800609e-01  1.54427881e-04  1.86800609e-01 -1.00000000e+00  1.86980799e-09 
 3.16227766e+02  1.50450617e-04  1.91151725e-01  1.50450617e-04  1.91151725e-01 -1.00000000e+00  1.91331092e-09 
 3.23593657e+02  1.46285514e-04  1.95604190e-01  1.46285514e-04  1.95604190e-01 -1.00000000e+00  1.95782169e-09 
 3.31131121e+02  1.41923683e-04  2.00160364e-01  1.41923683e-04  2.00160364e-01 -1.00000000e+00  2.00336445e-09 
 3.38844156e+02  1.37355813e-04  2.04822663e-01  1.37355813e-04  2.04822663e-01 -1.00000000e+00  2.04996385e-09 
 3.46736850e+02  1.32572151e-04  2.09593558e-01  1.32572151e-04  2.09593558e-01 -1.00000000e+00  2.09764808e-09 
 3.54813389e+02  1.27562474e-04  2.14475578e-01  1.27562474e-04  2.14475578e-01 -1.00000000e+00  2.14643696e-09 
 3.63078055e+02  1.22316088e-04  2.19471313e-01  1.22316088e-04  2.19471313e-01 -1.00000000e+00  2.19635027e-09 
 3.71535229e+02  1.16821769e-04  2.24583411e-01  1.16821769e-04  2.24583411e-01 -1.00000000e+00  2.24743009e-09 
 3.80189396e+02  1.11067777e-04  2.29814581e-01  1.11067777e-04  2.29814581e-01 -1.00000000e+00  2.29969107e-09 
 3.89045145e+02  1.05041808e-04  2.35167598e-01  1.05041808e-04  2.35167598e-01 -1.00000000e+00  2.35315719e-09 
 3.98107171e+02  9.87309677e-05  2.40645299e-01  9.87309677e-05  2.40645299e-01 -1.00000000e+00  2.40786629e-09 
 4.07380278e+02  9.21217506e-05  2.46250588e-01  9.21217506e-05  2.46250588e-01 -1.00000000e+00  2.46384015e-09 
 4.16869383e+02  8.52000056e-05  2.51986437e-01  8.52000056e-05  2.51986437e-01 -1.00000000e+00  2.52111467e-09 
 4.26579519e+02  7.79509133e-05  2.57855886e-01  7.79509133e-05  2.57855886e-01 -1.00000000e+00  2.57971224e-09 
 4.36515832e+02  7.03589415e-05  2.63862048e-01  7.03589415e-05  2.63862048e-01 -1.00000000e+00  2.63966250e-09 
 4.46683592e+02  6.24078174e-05  2.70008107e-01  6.24078174e-05  2.70008107e-01 -1.00000000e+00  2.70100702e-09 
 4.57088190e+02  5.40804915e-05  2.76297320e-01  5.40804915e-05  2.76297320e-01 -1.00000001e+00  2.76376134e-09 
 4.67735141e+02  4.53591070e-05  2.82733022e-01  4.53591070e-05  2.82733022e-01 -1.00000001e+00  2.82797208e-09 
 4.78630092e+02  3.62249410e-05  2.89318626e-01  3.62249410e-05  2.89318626e-01 -1.00000001e+00  2.89366300e-09 
 4.89778819e+02  2.66583901e-05  2.96057621e-01  2.66583901e-05  2.96057621e-01 -1.00000001e+00  2.96087845e-09 
 5.01187234e+02  1.66389025e-05  3.02953580e-01  1.66389025e-05  3.02953580e-01 -1.00000001e+00  3.02963411e-09 
 5.12861384e+02  6.14494966e-06  3.10010160e-01  6.14494966e-06  3.10010160e-01 -1.00000001e+00  3.09998395e-09 
 5.24807460e+02 -4.84602584e-06  3.17231102e-01 -4.84602584e-06  3.17231102e-01 -1.00000001e+00  3.17195710e-09 
 5.37031796e+02 -1.63576708e-05  3.24620232e-01 -1.63576708e-05  3.24620232e-01 -1.00000001e+00  3.24558709e-09 
 5.49540874e+02 -2.84147554e-05  3.32181469e-01 -2.84147554e-05  3.32181469e-01 -1.00000001e+00  3.32091222e-09 
 5.62341325e+02 -4.10432384e-05  3.39918820e-01 -4.10432384e-05  3.39918820e-01 -1.00000001e+00  3.39797130e-09 
 5.75439937e+02 -5.42703236e-05  3.47836388e-01 -5.42703236e-05  3.47836388e-01 -1.00000001e+00  3.47681344e-09 
 5.88843655e+02 -6.81245193e-05  3.55938369e-01 -6.81245193e-05  3.55938369e-01 -1.00000001e+00  3.55746375e-09 
 6.02559586e+02 -8.26357050e-05  3.64229059e-01 -8.26357050e-05  3.64229059e-01 -1.00000001e+00  3.63996177e-09 
 6.16595002e+02 -9.78351811e-05  3.72712851e-01 -9.78351811e-05  3.72712851e-01 -1.00000001e+00  3.72436847e-09 
 6.30957344e+02 -1.13755772e-04  3.81394245e-01 -1.13755772e-04  3.81394245e-01 -1.00000001e+00  3.81070899e-09 
 6.45654229e+02 -1.30431860e-04  3.90277841e-01 -1.30431860e-04  3.90277841e-01 -1.00000001e+00  3.89902923e-09 
 6.60693448e+02 -1.47899492e-04  3.99368348e-01 -1.47899492e-04  3.99368348e-01 -1.00000001e+00  3.98937559e-09 
 6.76082975e+02 -1.66196437e-04  4.08670586e-01 -1.66196437e-04  4.08670586e-01 -1.00000001e+00  4.08179487e-09 
 6.91830971e+02 -1.85362288e-04  4.18189486e-01 -1.85362288e-04  4.18189486e-01 -1.00000001e+00  4.17632821e-09 
 7.07945784e+02 -2.05438536e-04  4.27930093e-01 -2.05438536e-04  4.27930093e-01 -1.00000001e+00  4.27302249e-09 
 7.24435960e+02 -2.26468676e-04  4.37897570e-01 -2.26468676e-04  4.37897570e-01 -1.00000001e+00  4.37192467e-09 
 7.41310241e+02 -2.48498292e-04  4.48097201e-01 -2.48498292e-04  4.48097201e-01 -1.00000001e+00  4.47308798e-09 
 7.58577575e+02 -2.71575162e-04  4.58534393e-01 -2.71575162e-04  4.58534393e-01 -1.00000001e+00  4.57656603e-09 
 7.76247117e+02 -2.95749361e-04  4.69214678e-01 -2.95749361e-04  4.69214678e-01 -1.00000001e+00  4.68240601e-09 
 7.94328235e+02 -3.21073388e-04  4.80143717e-01 -3.21073388e-04  4.80143717e-01 -1.00000002e+00  4.79064095e-09 
 8.12830516e+02 -3.47602256e-04  4.91327303e-01 -3.47602256e-04  4.91327303e-01 -1.00000002e+00  4.90134375e-09 
 8.31763771e+02 -3.75393644e-04  5.02771365e-01 -3.75393644e-04  5.02771365e-01 -1.00000002e+00  5.01456034e-09 
 8.51138038e+02 -4.04507998e-04  5.14481968e-01 -4.04507998e-04  5.14481968e-01 -1.00000002e+00  5.13035013e-09 
 8.70963590e+02 -4.35008683e-04  5.26465319e-01 -4.35008683e-04  5.26465319e-01 -1.00000002e+00  5.24875749e-09 
 8.91250938e+02 -4.66962115e-04  5.38727771e-01 -4.66962115e-04  5.38727771e-01 -1.00000002e+00  5.36985575e-09 
 9.12010839e+02 -5.00437915e-04  5.51275822e-01 -5.00437915e-04  5.51275822e-01 -1.00000002e+00  5.49368774e-09 
 9.33254301e+02 -5.35509057e-04  5.64116125e-01 -5.35509057e-04  5.64116125e-01 -1.00000002e+00  5.62031006e-09 
 9.54992586e+02 -5.72252036e-04  5.77255484e-01 -5.72252036e-04  5.77255484e-01 -1.00000002e+00  5.74977815e-09 
 9.77237221e+02 -6.10747025e-04  5.90700864e-01 -6.10747025e-04  5.90700864e-01 -1.00000002e+00  5.88216274e-09 
 1.00000000e+03 -6.51078070e-04  6.04459393e-01 -6.51078070e-04  6.04459393e-01 -1.00000002e+00  6.01752566e-09 
 1.02329299e+03 -6.93333264e-04  6.18538361e-01 -6.93333264e-04  6.18538361e-01 -1.00000003e+00  6.15591849e-09 
 1.04712855e+03 -7.37604944e-04  6.32945232e-01 -7.37604944e-04  6.32945232e-01 -1.00000003e+00  6.29740815e-09 
 1.07151931e+03 -7.83989892e-04  6.47687642e-01 -7.83989892e-04  6.47687642e-01 -1.00000003e+00  6.44206005e-09 
 1.09647820e+03 -8.32589555e-04  6.62773404e-01 -8.32589555e-04  6.62773404e-01 -1.00000003e+00  6.58993763e-09 
 1.12201845e+03 -8.83510263e-04  6.78210514e-01 -8.83510263e-04  6.78210514e-01 -1.00000003e+00  6.74110187e-09 
 1.14815362e+03 -9.36863463e-04  6.94007155e-01 -9.36863463e-04  6.94007155e-01 -1.00000003e+00  6.89559100e-09 
 1.17489755e+03 -9.92765964e-04  7.10171699e-01 -9.92765964e-04  7.10171699e-01 -1.00000003e+00  7.05352859e-09 
 1.20226443e+03 -1.05134020e-03  7.26712713e-01 -1.05134020e-03  7.26712713e-01 -1.00000004e+00  7.21493709e-09 
 1.23026877e+03 -1.11271448e-03  7.43638965e-01 -1.11271448e-03  7.43638965e-01 -1.00000004e+00  7.37989456e-09 
 1.25892541e+03 -1.17702331e-03  7.60959427e-01 -1.17702331e-03  7.60959427e-01 -1.00000004e+00  7.54847614e-09 
 1.28824955e+03 -1.24440763e-03  7.78683277e-01 -1.24440763e-03  7.78683277e-01 -1.00000004e+00  7.72075331e-09 
 1.31825674e+03 -1.31501515e-03  7.96819910e-01 -1.31501515e-03  7.96819910e-01 -1.00000004e+00  7.89678176e-09 
 1.34896288e+03 -1.38900071e-03  8.15378939e-01 -1.38900071e-03  8.15378939e-01 -1.00000004e+00  8.07662231e-09 
 1.38038426e+03 -1.46652655e-03  8.34370201e-01 -1.46652655e-03  8.34370201e-01 -1.00000005e+00  8.26035305e-09 
 1.41253754e+03 -1.54776272e-03  8.53803761e-01 -1.54776272e-03  8.53803761e-01 -1.00000005e+00  8.44808316e-09 
 1.44543977e+03 -1.63288740e-03  8.73689920e-01 -1.63288740e-03  8.73689920e-01 -1.00000005e+00  8.63981940e-09 
 1.47910839e+03 -1.72208737e-03  8.94039216e-01 -1.72208737e-03  8.94039216e-01 -1.00000005e+00  8.83565688e-09 
 1.51356125e+03 -1.81555831e-03  9.14862437e-01 -1.81555831e-03  9.14862437e-01 -1.00000006e+00  9.03568515e-09 
 1.54881662e+03 -1.91350534e-03  9.36170618e-01 -1.91350534e-03  9.36170618e-01 -1.00000006e+00  9.23993376e-09 
 1.58489319e+03 -2.01614339e-03  9.57975053e-01 -2.01614339e-03  9.57975053e-01 -1.00000006e+00  9.44850074e-09 
 1.62181010e+03 -2.12369769e-03  9.80287300e-01 -2.12369769e-03  9.80287300e-01 -1.00000006e+00  9.66143487e-09 
 1.65958691e+03 -2.23640429e-03  1.00311918e+00 -2.23640429e-03  1.00311918e+00 -1.00000007e+00  9.87881481e-09 
 1.69824365e+03 -2.35451056e-03  1.02648280e+00 -2.35451056e-03  1.02648280e+00 -1.00000007e+00  1.01007082e-08 
 1.73780083e+03 -2.47827572e-03  1.05039055e+00 -2.47827572e-03  1.05039055e+00 -1.00000007e+00  1.03271848e-08 
 1.77827941e+03 -2.60797145e-03  1.07485508e+00 -2.60797145e-03  1.07485508e+00 -1.00000008e+00  1.05583006e-08 
 1.81970086e+03 -2.74388245e-03  1.09988938e+00 -2.74388245e-03  1.09988938e+00 -1.00000008e+00  1.07941268e-08 
 1.86208714e+03 -2.88630712e-03  1.12550670e+00 -2.88630712e-03  1.12550670e+00 -1.00000009e+00  1.10346870e-08 
 1.90546072e+03 -3.03555816e-03  1.15172062e+00 -3.03555816e-03  1.15172062e+00 -1.00000009e+00  1.12800655e-08 
 1.94984460e+03 -3.19196332e-03  1.17854505e+00 -3.19196332e-03  1.17854505e+00 -1.00000009e+00  1.15303297e-08 
 1.99526231e+03 -3.35586611e-03  1.20599419e+00 -3.35586611e-03  1.20599419e+00 -1.00000010e+00  1.17855445e-08 
 2.04173794e+03 -3.52762658e-03  1.23408260e+00 -3.52762658e-03  1.23408260e+00 -1.00000010e+00  1.20457009e-08 
 2.08929613e+03 -3.70762212e-03  1.26282515e+00 -3.70762212e-03  1.26282515e+00 -1.00000011e+00  1.23108855e-08 
 2.13796209e+03 -3.89624834e-03  1.29223709e+00 -3.89624834e-03  1.29223709e+00 -1.00000011e+00  1.25811631e-08 
 2.18776162e+03 -4.09391992e-03  1.32233401e+00 -4.09391992e-03  1.32233401e+00 -1.00000012e+00  1.28564782e-08 
 2.23872114e+03 -4.30107158e-03  1.35313184e+00 -4.30107158e-03  1.35313184e+00 -1.00000012e+00  1.31369863e-08 
 2.29086765e+03 -4.51815910e-03  1.38464693e+00 -4.51815910e-03  1.38464693e+00 -1.00000013e+00  1.34226446e-08 
 2.34422882e+03 -4.74566032e-03  1.41689596e+00 -4.74566032e-03  1.41689596e+00 -1.00000014e+00  1.37134893e-08 
 2.39883292e+03 -4.98407626e-03  1.44989604e+00 -4.98407626e-03  1.44989604e+00 -1.00000014e+00  1.40095407e-08 
 2.45470892e+03 -5.23393231e-03  1.48366465e+00 -5.23393231e-03  1.48366465e+00 -1.00000015e+00  1.43107788e-08 
 2.51188643e+03 -5.49577939e-03  1.51821968e+00 -5.49577939e-03  1.51821968e+00 -1.00000016e+00  1.46172017e-08 
 2.57039578e+03 -5.77019529e-03  1.55357945e+00 -5.77019529e-03  1.55357945e+00 -1.00000016e+00  1.49288263e-08 
 2.63026799e+03 -6.05778601e-03  1.58976271e+00 -6.05778601e-03  1.58976271e+00 -1.00000017e+00  1.52456441e-08 
 2.69153480e+03 -6.35918717e-03  1.62678862e+00 -6.35918717e-03  1.62678862e+00 -1.00000018e+00  1.55675692e-08 
 2.75422870e+03 -6.67506555e-03  1.66467681e+00 -6.67506555e-03  1.66467681e+00 -1.00000019e+00  1.58946174e-08 
 2.81838293e+03 -7.00612066e-03  1.70344736e+00 -7.00612066e-03  1.70344736e+00 -1.00000020e+00  1.62267223e-08 
 2.88403150e+03 -7.35308640e-03  1.74312082e+00 -7.35308640e-03  1.74312082e+00 -1.00000021e+00  1.65637730e-08 
 2.95120923e+03 -7.71673284e-03  1.78371821e+00 -7.71673284e-03  1.78371821e+00 -1.00000022e+00  1.69056826e-08 
 3.01995172e+03 -8.09786808e-03  1.82526104e+00 -8.09786808e-03  1.82526104e+00 -1.00000023e+00  1.72523890e-08 
 3.09029543e+03 -8.49734020e-03  1.86777134e+00 -8.49734020e-03  1.86777134e+00 -1.00000024e+00  1.76037755e-08 
 3.16227766e+03 -8.91603933e-03  1.91127163e+00 -8.91603933e-03  1.91127163e+00 -1.00000025e+00  1.79597162e-08 
 3.23593657e+03 -9.35489985e-03  1.95578496e+00 -9.35489985e-03  1.95578496e+00 -1.00000026e+00  1.83200159e-08 
 3.31131121e+03 -9.81490267e-03  2.00133494e+00 -9.81490267e-03  2.00133494e+00 -1.00000027e+00  1.86844565e-08 
 3.38844156e+03 -1.02970777e-02  2.04794569e+00 -1.02970777e-02  2.04794569e+00 -1.00000028e+00  1.90528778e-08 
 3.46736850e+03 -1.08025062e-02  2.09564192e+00 -1.08025062e-02  2.09564192e+00 -1.00000030e+00  1.94250031e-08 
 3.54813389e+03 -1.13323240e-02  2.14444892e+00 -1.13323240e-02  2.14444892e+00 -1.00000031e+00  1.98006651e-08 
 3.63078055e+03 -1.18877236e-02  2.19439254e+00 -1.18877236e-02  2.19439254e+00 -1.00000033e+00  2.01794718e-08 
 3.71535229e+03 -1.24699579e-02  2.24549927e+00 -1.24699579e-02  2.24549927e+00 -1.00000034e+00  2.05610633e-08 
 3.80189396e+03 -1.30803429e-02  2.29779618e+00 -1.30803429e-02  2.29779618e+00 -1.00000036e+00  2.09451767e-08 
 3.89045145e+03 -1.37202613e-02  2.35131101e+00 -1.37202613e-02  2.35131101e+00 -1.00000037e+00  2.13312518e-08 
 3.98107171e+03 -1.43911660e-02  2.40607212e+00 -1.43911660e-02  2.40607212e+00 -1.00000039e+00  2.17189723e-08 
 4.07380278e+03 -1.50945836e-02  2.46210854e+00 -1.50945836e-02  2.46210854e+00 -1.00000041e+00  2.21077650e-08 
 4.16869383e+03 -1.58321187e-02  2.51944999e+00 -1.58321187e-02  2.51944999e+00 -1.00000043e+00  2.24970854e-08 
 4.26579519e+03 -1.66054578e-02  2.57812685e+00 -1.66054578e-02  2.57812685e+00 -1.00000045e+00  2.28862325e-08 
 4.36515832e+03 -1.74163741e-02  2.63817026e+00 -1.74163741e-02  2.63817026e+00 -1.00000047e+00  2.32747363e-08 
 4.46683592e+03 -1.82667314e-02  2.69961205e+00 -1.82667314e-02  2.69961205e+00 -1.00000049e+00  2.36616111e-08 
 4.57088190e+03 -1.91584897e-02  2.76248480e+00 -1.91584897e-02  2.76248480e+00 -1.00000052e+00  2.40461507e-08 
 4.67735141e+03 -2.00937103e-02  2.82682188e+00 -2.00937103e-02  2.82682188e+00 -1.00000054e+00  2.44275530e-08 
 4.78630092e+03 -2.10745607e-02  2.89265741e+00 -2.10745607e-02  2.89265741e+00 -1.00000057e+00  2.48047355e-08 
 4.89778819e+03 -2.21033211e-02  2.96002633e+00 -2.21033211e-02  2.96002633e+00 -1.00000059e+00  2.51766295e-08 
 5.01187234e+03 -2.31823900e-02  3.02896439e+00 -2.31823900e-02  3.02896439e+00 -1.00000062e+00  2.55420875e-08 
 5.12861384e+03 -2.43142908e-02  3.09950818e+00 -2.43142908e-02  3.09950818e+00 -1.00000065e+00  2.58998196e-08 
 5.24807460e+03 -2.55016787e-02  3.17169517e+00 -2.55016787e-02  3.17169517e+00 -1.00000068e+00  2.62485014e-08 
 5.37031796e+03 -2.67473477e-02  3.24556368e+00 -2.67473477e-02  3.24556368e+00 -1.00000071e+00  2.65866205e-08 
 5.49540874e+03 -2.80542381e-02  3.32115296e+00 -2.80542381e-02  3.32115296e+00 -1.00000075e+00  2.69125369e-08 
 5.62341325e+03 -2.94254447e-02  3.39850319e+00 -2.94254447e-02  3.39850319e+00 -1.00000078e+00  2.72244065e-08 
 5.75439937e+03 -3.08642250e-02  3.47765547e+00 -3.08642250e-02  3.47765547e+00 -1.00000082e+00  2.75203416e-08 
 5.88843655e+03 -3.23740082e-02  3.55865191e+00 -3.23740082e-02  3.55865191e+00 -1.00000086e+00  2.77981388e-08 
 6.02559586e+03 -3.39584046e-02  3.64153559e+00 -3.39584046e-02  3.64153559e+00 -1.00000090e+00  2.80556920e-08 
 6.16595002e+03 -3.56212152e-02  3.72635062e+00 -3.56212152e-02  3.72635062e+00 -1.00000094e+00  2.82902993e-08 
 6.30957344e+03 -3.73664423e-02  3.81314218e+00 -3.73664423e-02  3.81314218e+00 -1.00000098e+00  2.84994964e-08 
 6.45654229e+03 -3.91983002e-02  3.90195651e+00 -3.91983002e-02  3.90195651e+00 -1.00000103e+00  2.86802899e-08 
 6.60693448e+03 -4.11212272e-02  3.99284097e+00 -4.11212272e-02  3.99284097e+00 -1.00000108e+00  2.88294724e-08 
 6.76082975e+03 -4.31398968e-02  4.08584402e+00 -4.31398968e-02  4.08584402e+00 -1.00000113e+00  2.89435760e-08 
 6.91830971e+03 -4.52592315e-02  4.18101534e+00 -4.52592315e-02  4.18101534e+00 -1.00000118e+00  2.90189387e-08 
 7.07945784e+03 -4.74844154e-02  4.27840576e+00 -4.74844154e-02  4.27840576e+00 -1.00000124e+00  2.90514754e-08 
 7.24435960e+03 -4.98209083e-02  4.37806736e+00 -4.98209083e-02  4.37806736e+00 -1.00000130e+00  2.90369762e-08 
 7.41310241e+03 -5.22744610e-02  4.48005349e+00 -5.22744610e-02  4.48005349e+00 -1.00000136e+00  2.89706188e-08 
 7.58577575e+03 -5.48511300e-02  4.58441879e+00 -5.48511300e-02  4.58441879e+00 -1.00000142e+00  2.88472588e-08 
 7.76247117e+03 -5.75572943e-02  4.69121922e+00 -5.75572943e-02  4.69121922e+00 -1.00000149e+00  2.86613614e-08 
 7.94328235e+03 -6.03996723e-02  4.80051214e+00 -6.03996723e-02  4.80051214e+00 -1.00000156e+00  2.84071966e-08 
 8.12830516e+03 -6.33853393e-02  4.91235630e+00 -6.33853393e-02  4.91235630e+00 -1.00000163e+00  2.80779438e-08 
 8.31763771e+03 -6.65217465e-02  5.02681190e+00 -6.65217465e-02  5.02681190e+00 -1.00000171e+00  2.76668839e-08 
 8.51138038e+03 -6.98167402e-02  5.14394066e+00 -6.98167402e-02  5.14394066e+00 -1.00000179e+00  2.71662773e-08 
 8.70963590e+03 -7.32785824e-02  5.26380581e+00 -7.32785824e-02  5.26380581e+00 -1.00000187e+00  2.65680992e-08 
 8.91250938e+03 -7.69159717e-02  5.38647217e+00 -7.69159717e-02  5.38647217e+00 -1.00000196e+00  2.58635808e-08 
 9.12010839e+03 -8.07380660e-02  5.51200622e+00 -8.07380660e-02  5.51200622e+00 -1.00000205e+00  2.50430751e-08 
 9.33254301e+03 -8.47545049e-02  5.64047608e+00 -8.47545049e-02  5.64047608e+00 -1.00000215e+00  2.40963049e-08 
 9.54992586e+03 -8.89754345e-02  5.77195164e+00 -8.89754345e-02  5.77195164e+00 -1.00000225e+00  2.30122380e-08 
 9.77237221e+03 -9.34115318e-02  5.90650456e+00 -9.34115318e-02  5.90650456e+00 -1.00000236e+00  2.17788586e-08 
 1.00000000e+04 -9.80740312e-02  6.04420835e+00 -9.80740312e-02  6.04420835e+00 -1.00000247e+00  2.03831661e-08 
 1.02329299e+04 -1.02974751e-01  6.18513843e+00 -1.02974751e-01  6.18513843e+00 -1.00000259e+00  1.88111725e-08 
 1.04712855e+04 -1.08126124e-01  6.32937218e+00 -1.08126124e-01  6.32937218e+00 -1.00000271e+00  1.70480825e-08 
 1.07151931e+04 -1.13541220e-01  6.47698901e+00 -1.13541220e-01  6.47698901e+00 -1.00000284e+00  1.50773922e-08 
 1.09647820e+04 -1.19233786e-01  6.62807045e+00 -1.19233786e-01  6.62807045e+00 -1.00000297e+00  1.28814631e-08 
 1.12201845e+04 -1.25218269e-01  6.78270018e+00 -1.25218269e-01  6.78270018e+00 -1.00000311e+00  1.04416983e-08 
 1.14815362e+04 -1.31509851e-01  6.94096413e+00 -1.31509851e-01  6.94096413e+00 -1.00000326e+00  7.73736256e-09 
 1.17489755e+04 -1.38124485e-01  7.10295055e+00 -1.38124485e-01  7.10295055e+00 -1.00000341e+00  4.74685985e-09 
 1.20226443e+04 -1.45078927e-01  7.26875010e+00 -1.45078927e-01  7.26875010e+00 -1.00000357e+00  1.44599358e-09 
 1.23026877e+04 -1.52390773e-01  7.43845591e+00 -1.52390773e-01  7.43845591e+00 -1.00000374e+00 -2.19010965e-09 
 1.25892541e+04 -1.60078495e-01  7.61216371e+00 -1.60078495e-01  7.61216371e+00 -1.00000392e+00 -6.18934108e-09 
 1.28824955e+04 -1.68161481e-01  7.78997187e+00 -1.68161481e-01  7.78997187e+00 -1.00000410e+00 -1.05811903e-08 
 1.31825674e+04 -1.76660073e-01  7.97198155e+00 -1.76660073e-01  7.97198155e+00 -1.00000429e+00 -1.53976087e-08 
 1.34896288e+04 -1.85595609e-01  8.15829677e+00 -1.85595609e-01  8.15829677e+00 -1.00000450e+00 -2.06729510e-08 
 1.38038426e+04 -1.94990464e-01  8.34902451e+00 -1.94990464e-01  8.34902451e+00 -1.00000471e+00 -2.64439052e-08 
 1.41253754e+04 -2.04868096e-01  8.54427484e+00 -2.04868096e-01  8.54427484e+00 -1.00000493e+00 -3.27505018e-08 
 1.44543977e+04 -2.15253088e-01  8.74416103e+00 -2.15253088e-01  8.74416103e+00 -1.00000516e+00 -3.96350263e-08 
 1.47910839e+04 -2.26171196e-01  8.94879967e+00 -2.26171196e-01  8.94879967e+00 -1.00000541e+00 -4.71440768e-08 
 1.51356125e+04 -2.37649397e-01  9.15831082e+00 -2.37649397e-01  9.15831082e+00 -1.00000566e+00 -5.53268771e-08 
 1.54881662e+04 -2.49715939e-01  9.37281808e+00 -2.49715939e-01  9.37281808e+00 -1.00000593e+00 -6.42364027e-08 
 1.58489319e+04 -2.62400392e-01  9.59244880e+00 -2.62400392e-01  9.59244880e+00 -1.00000621e+00 -7.39299828e-08 
 1.62181010e+04 -2.75733701e-01  9.81733421e+00 -2.75733701e-01  9.81733421e+00 -1.00000651e+00 -8.44691436e-08 
 1.65958691e+04 -2.89748243e-01  1.00476095e+01 -2.89748243e-01  1.00476095e+01 -1.00000681e+00 -9.59194187e-08 
 1.69824365e+04 -3.04477881e-01  1.02834142e+01 -3.04477881e-01  1.02834142e+01 -1.00000714e+00 -1.08352024e-07 
 1.73780083e+04 -3.19958025e-01  1.05248921e+01 -3.19958025e-01  1.05248921e+01 -1.00000747e+00 -1.21843071e-07 
 1.77827941e+04 -3.36225694e-01  1.07721913e+01 -3.36225694e-01  1.07721913e+01 -1.00000783e+00 -1.36474336e-07 
 1.81970086e+04 -3.53319578e-01  1.10254651e+01 -3.53319578e-01  1.10254651e+01 -1.00000820e+00 -1.52333503e-07 
 1.86208714e+04 -3.71280106e-01  1.12848714e+01 -3.71280106e-01  1.12848714e+01 -1.00000859e+00 -1.69514746e-07 
 1.90546072e+04 -3.90149515e-01  1.15505733e+01 -3.90149515e-01  1.15505733e+01 -1.00000899e+00 -1.88119050e-07 
 1.94984460e+04 -4.09971918e-01  1.18227392e+01 -4.09971918e-01  1.18227392e+01 -1.00000942e+00 -2.08254730e-07 
 1.99526231e+04 -4.30793383e-01  1.21015432e+01 -4.30793383e-01  1.21015432e+01 -1.00000987e+00 -2.30038521e-07 
 2.04173794e+04 -4.52662007e-01  1.23871652e+01 -4.52662007e-01  1.23871652e+01 -1.00001033e+00 -2.53594864e-07 
 2.08929613e+04 -4.75627998e-01  1.26797911e+01 -4.75627998e-01  1.26797911e+01 -1.00001082e+00 -2.79057406e-07 
 2.13796209e+04 -4.99743759e-01  1.29796133e+01 -4.99743759e-01  1.29796133e+01 -1.00001134e+00 -3.06569767e-07 
 2.18776162e+04 -5.25063971e-01  1.32868308e+01 -5.25063971e-01  1.32868308e+01 -1.00001188e+00 -3.36285259e-07 
 2.23872114e+04 -5.51645688e-01  1.36016495e+01 -5.51645688e-01  1.36016495e+01 -1.00001244e+00 -3.68369228e-07 
 2.29086765e+04 -5.79548429e-01  1.39242828e+01 -5.79548429e-01  1.39242828e+01 -1.00001303e+00 -4.02997149e-07 
 2.34422882e+04 -6.08834273e-01  1.42549515e+01 -6.08834273e-01  1.42549515e+01 -1.00001365e+00 -4.40359089e-07 
 2.39883292e+04 -6.39567961e-01  1.45938847e+01 -6.39567961e-01  1.45938847e+01 -1.00001430e+00 -4.80657508e-07 
 2.45470892e+04 -6.71817002e-01  1.49413195e+01 -6.71817002e-01  1.49413195e+01 -1.00001499e+00 -5.24108506e-07 
 2.51188643e+04 -7.05651776e-01  1.52975023e+01 -7.05651776e-01  1.52975023e+01 -1.00001570e+00 -5.70945371e-07 
 2.57039578e+04 -7.41145648e-01  1.56626885e+01 -7.41145648e-01  1.56626885e+01 -1.00001645e+00 -6.21416124e-07 
 2.63026799e+04 -7.78375080e-01  1.60371434e+01 -7.78375080e-01  1.60371434e+01 -1.00001724e+00 -6.75787232e-07 
 2.69153480e+04 -8.17419750e-01  1.64211424e+01 -8.17419750e-01  1.64211424e+01 -1.00001806e+00 -7.34343123e-07 
 2.75422870e+04 -8.58362669e-01  1.68149719e+01 -8.58362669e-01  1.68149719e+01 -1.00001892e+00 -7.97389358e-07 
 2.81838293e+04 -9.01290304e-01  1.72189296e+01 -9.01290304e-01  1.72189296e+01 -1.00001983e+00 -8.65251756e-07 
 2.88403150e+04 -9.46292702e-01  1.76333252e+01 -9.46292702e-01  1.76333252e+01 -1.00002078e+00 -9.38279546e-07 
 2.95120923e+04 -9.93463614e-01  1.80584814e+01 -9.93463614e-01  1.80584814e+01 -1.00002178e+00 -1.01684550e-06 
 3.01995172e+04 -1.04290062e+00  1.84947338e+01 -1.04290062e+00  1.84947338e+01 -1.00002282e+00 -1.10134887e-06 
 3.09029543e+04 -1.09470526e+00  1.89424327e+01 -1.09470526e+00  1.89424327e+01 -1.00002392e+00 -1.19221587e-06 
 3.16227766e+04 -1.14898316e+00  1.94019431e+01 -1.14898316e+00  1.94019431e+01 -1.00002507e+00 -1.28990336e-06 
 3.23593657e+04 -1.20584412e+00  1.98736460e+01 -1.20584412e+00  1.98736460e+01 -1.00002628e+00 -1.39489731e-06 
 3.31131121e+04 -1.26540231e+00  2.03579393e+01 -1.26540231e+00  2.03579393e+01 -1.00002754e+00 -1.50771967e-06 
 3.38844156e+04 -1.32777631e+00  2.08552387e+01 -1.32777631e+00  2.08552387e+01 -1.00002887e+00 -1.62892457e-06 
 3.46736850e+04 -1.39308923e+00  2.13659791e+01 -1.39308923e+00  2.13659791e+01 -1.00003027e+00 -1.75910693e-06 
 3.54813389e+04 -1.46146886e+00  2.18906152e+01 -1.46146886e+00  2.18906152e+01 -1.00003174e+00 -1.89890010e-06 
 3.63078055e+04 -1.53304768e+00  2.24296236e+01 -1.53304768e+00  2.24296236e+01 -1.00003327e+00 -2.04897995e-06 
 3.71535229e+04 -1.60796302e+00  2.29835035e+01 -1.60796302e+00  2.29835035e+01 -1.00003489e+00 -2.21006675e-06 
 3.80189396e+04 -1.68635703e+00  2.35527784e+01 -1.68635703e+00  2.35527784e+01 -1.00003659e+00 -2.38293088e-06 
 3.89045145e+04 -1.76837676e+00  2.41379980e+01 -1.76837676e+00  2.41379980e+01 -1.00003837e+00 -2.56839072e-06 
 3.98107171e+04 -1.85417418e+00  2.47397395e+01 -1.85417418e+00  2.47397395e+01 -1.00004024e+00 -2.76731893e-06 
 4.07380278e+04 -1.94390612e+00  2.53586096e+01 -1.94390612e+00  2.53586096e+01 -1.00004221e+00 -2.98064580e-06 
 4.16869383e+04 -2.03773424e+00  2.59952468e+01 -2.03773424e+00  2.59952468e+01 -1.00004428e+00 -3.20935855e-06 
 4.26579519e+04 -2.13582489e+00  2.66503233e+01 -2.13582489e+00  2.66503233e+01 -1.00004645e+00 -3.45451003e-06 
 4.36515832e+04 -2.23834901e+00  2.73245474e+01 -2.23834901e+00  2.73245474e+01 -1.00004874e+00 -3.71721754e-06 
 4.46683592e+04 -2.34548184e+00  2.80186662e+01 -2.34548184e+00  2.80186662e+01 -1.00005114e+00 -3.99866707e-06 
 4.57088190e+04 -2.45740267e+00  2.87334684e+01 -2.45740267e+00  2.87334684e+01 -1.00005366e+00 -4.30011769e-06 
 4.67735141e+04 -2.57429447e+00  2.94697872e+01 -2.57429447e+00  2.94697872e+01 -1.00005632e+00 -4.62290445e-06 
 4.78630092e+04 -2.69634338e+00  3.02285036e+01 -2.69634338e+00  3.02285036e+01 -1.00005912e+00 -4.96843886e-06 
 4.89778819e+04 -2.82373811e+00  3.10105499e+01 -2.82373811e+00  3.10105499e+01 -1.00006206e+00 -5.33821631e-06 
 5.01187234e+04 -2.95666923e+00  3.18169139e+01 -2.95666923e+00  3.18169139e+01 -1.00006516e+00 -5.73381341e-06 
 5.12861384e+04 -3.09532827e+00  3.26486426e+01 -3.09532827e+00  3.26486426e+01 -1.00006842e+00 -6.15689502e-06 
 5.24807460e+04 -3.23990661e+00  3.35068470e+01 -3.23990661e+00  3.35068470e+01 -1.00007185e+00 -6.60921201e-06 
 5.37031796e+04 -3.39059418e+00  3.43927071e+01 -3.39059418e+00  3.43927071e+01 -1.00007547e+00 -7.09260609e-06 
 5.49540874e+04 -3.54757794e+00  3.53074771e+01 -3.54757794e+00  3.53074771e+01 -1.00007928e+00 -7.60900622e-06 
 5.62341325e+04 -3.71103995e+00  3.62524915e+01 -3.71103995e+00  3.62524915e+01 -1.00008330e+00 -8.16043014e-06 
 5.75439937e+04 -3.88115523e+00  3.72291712e+01 -3.88115523e+00  3.72291712e+01 -1.00008753e+00 -8.74898239e-06 
 5.88843655e+04 -4.05808911e+00  3.82390304e+01 -4.05808911e+00  3.82390304e+01 -1.00009200e+00 -9.37685088e-06 
 6.02559586e+04 -4.24199417e+00  3.92836843e+01 -4.24199417e+00  3.92836843e+01 -1.00009672e+00 -1.00462980e-05 
 6.16595002e+04 -4.43300661e+00  4.03648570e+01 -4.43300661e+00  4.03648570e+01 -1.00010169e+00 -1.07596551e-05 
 6.30957344e+04 -4.63124198e+00  4.14843908e+01 -4.63124198e+00  4.14843908e+01 -1.00010695e+00 -1.15193132e-05 
 6.45654229e+04 -4.83679021e+00  4.26442554e+01 -4.83679021e+00  4.26442554e+01 -1.00011250e+00 -1.23277074e-05 
 6.60693448e+04 -5.04970968e+00  4.38465586e+01 -5.04970968e+00  4.38465586e+01 -1.00011836e+00 -1.31872910e-05 
 6.76082975e+04 -5.27002045e+00  4.50935575e+01 -5.27002045e+00  4.50935575e+01 -1.00012456e+00 -1.41005206e-05 
 6.91830971e+04 -5.49769613e+00  4.63876710e+01 -5.49769613e+00  4.63876710e+01 -1.00013112e+00 -1.50698224e-05 
 7.07945784e+04 -5.73265459e+00  4.77314934e+01 -5.73265459e+00  4.77314934e+01 -1.00013806e+00 -1.60975451e-05 
 7.24435960e+04 -5.97474691e+00  4.91278081e+01 -5.97474691e+00  4.91278081e+01 -1.00014541e+00 -1.71859256e-05 
 7.41310241e+04 -6.22374464e+00  5.05796041e+01 -6.22374464e+00  5.05796041e+01 -1.00015320e+00 -1.83370184e-05 
 7.58577575e+04 -6.47932481e+00  5.20900922e+01 -6.47932481e+00  5.20900922e+01 -1.00016144e+00 -1.95526291e-05 
 7.76247117e+04 -6.74105254e+00  5.36627234e+01 -6.74105254e+00  5.36627234e+01 -1.00017019e+00 -2.08342172e-05 
 7.94328235e+04 -7.00836068e+00  5.53012081e+01 -7.00836068e+00  5.53012081e+01 -1.00017947e+00 -2.21827949e-05 
 8.12830516e+04 -7.28052614e+00  5.70095373e+01 -7.28052614e+00  5.70095373e+01 -1.00018932e+00 -2.35987931e-05 
 8.31763771e+04 -7.55664226e+00  5.87920038e+01 -7.55664226e+00  5.87920038e+01 -1.00019979e+00 -2.50818960e-05 
 8.51138038e+04 -7.83558665e+00  6.06532261e+01 -7.83558665e+00  6.06532261e+01 -1.00021092e+00 -2.66308506e-05 
 8.70963590e+04 -8.11598375e+00  6.25981725e+01 -8.11598375e+00  6.25981725e+01 -1.00022275e+00 -2.82432348e-05 
 8.91250938e+04 -8.39616121e+00  6.46321862e+01 -8.39616121e+00  6.46321862e+01 -1.00023534e+00 -2.99151734e-05 
 9.12010839e+04 -8.67409919e+00  6.67610116e+01 -8.67409919e+00  6.67610116e+01 -1.00024875e+00 -3.16409935e-05 
 9.33254301e+04 -8.94737147e+00  6.89908196e+01 -8.94737147e+00  6.89908196e+01 -1.00026305e+00 -3.34128305e-05 
 9.54992586e+04 -9.21307692e+00  7.13282341e+01 -9.21307692e+00  7.13282341e+01 -1.00027829e+00 -3.52201294e-05 
 9.77237221e+04 -9.46776018e+00  7.37803558e+01 -9.46776018e+00  7.37803558e+01 -1.00029456e+00 -3.70490726e-05 
 1.00000000e+05 -9.70731962e+00  7.63547841e+01 -9.70731962e+00  7.63547841e+01 -1.00031194e+00 -3.88818746e-05 
 1.02329299e+05 -9.92690098e+00  7.90596359e+01 -9.92690098e+00  7.90596359e+01 -1.00033051e+00 -4.06959630e-05 
 1.04712855e+05 -1.01207746e+01  8.19035572e+01 -1.01207746e+01  8.19035572e+01 -1.00035037e+00 -4.24629784e-05 
 1.07151931e+05 -1.02821941e+01  8.48957275e+01 -1.02821941e+01  8.48957275e+01 -1.00037162e+00 -4.41476235e-05 
 1.09647820e+05 -1.04032341e+01  8.80458520e+01 -1.04032341e+01  8.80458520e+01 -1.00039438e+00 -4.57062545e-05 
 1.12201845e+05 -1.04746052e+01  9.13641383e+01 -1.04746052e+01  9.13641383e+01 -1.00041877e+00 -4.70852654e-05 
 1.14815362e+05 -1.04854428e+01  9.48612515e+01 -1.04854428e+01  9.48612515e+01 -1.00044492e+00 -4.82191511e-05 
 1.17489755e+05 -1.04230695e+01  9.85482419e+01 -1.04230695e+01  9.85482419e+01 -1.00047297e+00 -4.90282563e-05 
 1.20226443e+05 -1.02727276e+01  1.02436436e+02 -1.02727276e+01  1.02436436e+02 -1.00050308e+00 -4.94161433e-05 
 1.23026877e+05 -1.00172831e+01  1.06537283e+02 -1.00172831e+01  1.06537283e+02 -1.00053540e+00 -4.92665652e-05 
 1.25892541e+05 -9.63690067e+00  1.10862139e+02 -9.63690067e+00  1.10862139e+02 -1.00057010e+00 -4.84399441e-05 
 1.28824955e+05 -9.10869353e+00  1.15421979e+02 -9.10869353e+00  1.15421979e+02 -1.00060736e+00 -4.67694252e-05 
 1.31825674e+05 -8.40635467e+00  1.20227021e+02 -8.40635467e+00  1.20227021e+02 -1.00064737e+00 -4.40563686e-05 
 1.34896288e+05 -7.49978015e+00  1.25286231e+02 -7.49978015e+00  1.25286231e+02 -1.00069031e+00 -4.00654293e-05 
 1.38038426e+05 -6.35470199e+00  1.30606702e+02 -6.35470199e+00  1.30606702e+02 -1.00073637e+00 -3.45191741e-05 
 1.41253754e+05 -4.93235610e+00  1.36192870e+02 -4.93235610e+00  1.36192870e+02 -1.00078573e+00 -2.70924111e-05 
 1.44543977e+05 -3.18922161e+00  1.42045551e+02 -3.18922161e+00  1.42045551e+02 -1.00083857e+00 -1.74064658e-05 
 1.47910839e+05 -1.07688079e+00  1.48160776e+02 -1.07688079e+00  1.48160776e+02 -1.00089502e+00 -5.02365114e-06 
 1.51356125e+05  1.45793540e+00  1.54528412e+02  1.45793540e+00  1.54528412e+02 -1.00095520e+00  1.05574423e-05 
 1.54881662e+05  4.47303433e+00  1.61130572e+02  4.47303433e+00  1.61130572e+02 -1.00101918e+00  2.99053190e-05 
 1.58489319e+05  8.03008178e+00  1.67939824e+02  8.03008178e+00  1.67939824e+02 -1.00108696e+00  5.36565780e-05 
 1.62181010e+05  1.21934418e+01  1.74917281e+02  1.21934418e+01  1.74917281e+02 -1.00115846e+00  8.25134387e-05 
 1.65958691e+05  1.70284157e+01  1.82010636e+02  1.70284157e+01  1.82010636e+02 -1.00123347e+00  1.17236440e-04 
 1.69824365e+05  2.25987672e+01  1.89152328e+02  2.25987672e+01  1.89152328e+02 -1.00131169e+00  1.58630800e-04 
 1.73780083e+05  2.89634498e+01  1.96258051e+02  2.89634498e+01  1.96258051e+02 -1.00139261e+00  2.07524857e-04 
 1.77827941e+05  3.61725132e+01  2.03225888e+02  3.61725132e+01  2.03225888e+02 -1.00147559e+00  2.64739377e-04 
 1.81970086e+05  4.42622654e+01  2.09936433e+02  4.42622654e+01  2.09936433e+02 -1.00155976e+00  3.31047032e-04 
 1.86208714e+05  5.32499076e+01  2.16254271e+02  5.32499076e+01  2.16254271e+02 -1.00164406e+00  4.07122471e-04 
 1.90546072e+05  6.31280313e+01  2.22031144e+02  6.31280313e+01  2.22031144e+02 -1.00172722e+00  4.93484887e-04 
 1.94984460e+05  7.38595520e+01  2.27111052e+02  7.38595520e+01  2.27111052e+02 -1.00180782e+00  5.90437060e-04 
 1.99526231e+05  8.53738064e+01  2.31337301e+02  8.53738064e+01  2.31337301e+02 -1.00188427e+00  6.98006736e-04 
 2.04173794e+05  9.75646085e+01  2.34561207e+02  9.75646085e+01  2.34561207e+02 -1.00195494e+00  8.15898007e-04 
 2.08929613e+05  1.10290989e+02  2.36651835e+02  1.10290989e+02  2.36651835e+02 -1.00201821e+00  9.43461066e-04 
 2.13796209e+05  1.23381101e+02  2.37505777e+02  1.23381101e+02  2.37505777e+02 -1.00207257e+00  1.07968799e-03 
 2.18776162e+05  1.36639347e+02  2.37055796e+02  1.36639347e+02  2.37055796e+02 -1.00211672e+00  1.22323940e-03 
 2.23872114e+05  1.49856285e+02  2.35277087e+02  1.49856285e+02  2.35277087e+02 -1.00214966e+00  1.37250303e-03 
 2.29086765e+05  1.62820329e+02  2.32190200e+02  1.62820329e+02  2.32190200e+02 -1.00217076e+00  1.52567950e-03 
 2.34422882e+05  1.75329918e+02  2.27860088e+02  1.75329918e+02  2.27860088e+02 -1.00217978e+00  1.68088652e-03 
 2.39883292e+05  1.87204696e+02  2.22391374e+02  1.87204696e+02  2.22391374e+02 -1.00217690e+00  1.83626887e-03 
 2.45470892e+05  1.98294420e+02  2.15920515e+02  1.98294420e+02  2.15920515e+02 -1.00216266e+00  1.99010132e-03 
 2.51188643e+05  2.08484743e+02  2.08605962e+02  2.08484743e+02  2.08605962e+02 -1.00213795e+00  2.14087297e-03 
 2.57039578e+05  2.17699549e+02  2.00617619e+02  2.17699549e+02  2.00617619e+02 -1.00210384e+00  2.28734591e-03 
 2.63026799e+05  2.25900070e+02  1.92126828e+02  2.25900070e+02  1.92126828e+02 -1.00206161e+00  2.42858504e-03 
 2.69153480e+05  2.33081388e+02  1.83297812e+02  2.33081388e+02  1.83297812e+02 -1.00201256e+00  2.56396106e-03 
 2.75422870e+05  2.39267189e+02  1.74281153e+02  2.39267189e+02  1.74281153e+02 -1.00195800e+00  2.69313129e-03 
 2.81838293e+05  2.44503624e+02  1.65209473e+02  2.44503624e+02  1.65209473e+02 -1.00189919e+00  2.81600491e-03 
 2.88403150e+05  2.48853037e+02  1.56195199e+02  2.48853037e+02  1.56195199e+02 -1.00183727e+00  2.93269942e-03 
 2.95120923e+05  2.52388143e+02  1.47330077e+02  2.52388143e+02  1.47330077e+02 -1.00177324e+00  3.04349418e-03 
 3.01995172e+05  2.55186998e+02  1.38686007e+02  2.55186998e+02  1.38686007e+02 -1.00170796e+00  3.14878573e-03 
 3.09029543e+05  2.57328934e+02  1.30316773e+02  2.57328934e+02  1.30316773e+02 -1.00164215e+00  3.24904772e-03 
 3.16227766e+05  2.58891484e+02  1.22260270e+02  2.58891484e+02  1.22260270e+02 -1.00157640e+00  3.34479712e-03 
 3.23593657e+05  2.59948210e+02  1.14540944e+02  2.59948210e+02  1.14540944e+02 -1.00151115e+00  3.43656725e-03 
 3.31131121e+05  2.60567307e+02  1.07172208e+02  2.60567307e+02  1.07172208e+02 -1.00144675e+00  3.52488725e-03 
 3.38844156e+05  2.60810837e+02  1.00158683e+02  2.60810837e+02  1.00158683e+02 -1.00138345e+00  3.61026745e-03 
 3.46736850e+05  2.60734435e+02  9.34982083e+01  2.60734435e+02  9.34982083e+01 -1.00132142e+00  3.69318952e-03 
 3.54813389e+05  2.60387357e+02  8.71835582e+01  2.60387357e+02  8.71835582e+01 -1.00126076e+00  3.77410057e-03 
 3.63078055e+05  2.59812764e+02  8.12038747e+01  2.59812764e+02  8.12038747e+01 -1.00120152e+00  3.85341028e-03 
 3.71535229e+05  2.59048154e+02  7.55458353e+01  2.59048154e+02  7.55458353e+01 -1.00114372e+00  3.93149024e-03 
 3.80189396e+05  2.58125869e+02  7.01945776e+01  2.58125869e+02  7.01945776e+01 -1.00108734e+00  4.00867479e-03 
 3.89045145e+05  2.57073633e+02  6.51344182e+01  2.57073633e+02  6.51344182e+01 -1.00103234e+00  4.08526301e-03 
 3.98107171e+05  2.55915090e+02  6.03493970e+01  2.55915090e+02  6.03493970e+01 -1.00097866e+00  4.16152126e-03 
 4.07380278e+05  2.54670321e+02  5.58236781e+01  2.54670321e+02  5.58236781e+01 -1.00092623e+00  4.23768613e-03 
 4.16869383e+05  2.53356316e+02  5.15418369e+01  2.53356316e+02  5.15418369e+01 -1.00087498e+00  4.31396746e-03 
 4.26579519e+05  2.51987416e+02  4.74890553e+01  2.51987416e+02  4.74890553e+01 -1.00082482e+00  4.39055140e-03 
 4.36515832e+05  2.50575690e+02  4.36512476e+01  2.50575690e+02  4.36512476e+01 -1.00077569e+00  4.46760334e-03 
 4.46683592e+05  2.49131288e+02  4.00151312e+01  2.49131288e+02  4.00151312e+01 -1.00072750e+00  4.54527061e-03 
 4.57088190e+05  2.47662733e+02  3.65682578e+01  2.47662733e+02  3.65682578e+01 -1.00068017e+00  4.62368506e-03 
 4.67735141e+05  2.46177180e+02  3.32990151e+01  2.46177180e+02  3.32990151e+01 -1.00063364e+00  4.70296534e-03 
 4.78630092e+05  2.44680640e+02  3.01966068e+01  2.44680640e+02  3.01966068e+01 -1.00058782e+00  4.78321894e-03 
 4.89778819e+05  2.43178168e+02  2.72510186e+01  2.43178168e+02  2.72510186e+01 -1.00054267e+00  4.86454411e-03 
 5.01187234e+05  2.41674021e+02  2.44529748e+01  2.41674021e+02  2.44529748e+01 -1.00049811e+00  4.94703142e-03 
 5.12861384e+05  2.40171795e+02  2.17938891e+01  2.40171795e+02  2.17938891e+01 -1.00045408e+00  5.03076524e-03 
 5.24807460e+05  2.38674536e+02  1.92658130e+01  2.38674536e+02  1.92658130e+01 -1.00041055e+00  5.11582494e-03 
 5.37031796e+05  2.37184835e+02  1.68613833e+01  2.37184835e+02  1.68613833e+01 -1.00036744e+00  5.20228602e-03 
 5.49540874e+05  2.35704906e+02  1.45737713e+01  2.35704906e+02  1.45737713e+01 -1.00032473e+00  5.29022103e-03 
 5.62341325e+05  2.34236648e+02  1.23966332e+01  2.34236648e+02  1.23966332e+01 -1.00028236e+00  5.37970031e-03 
 5.75439937e+05  2.32781700e+02  1.03240637e+01  2.32781700e+02  1.03240637e+01 -1.00024030e+00  5.47079273e-03 
 5.88843655e+05  2.31341482e+02  8.35055299e+00  2.31341482e+02  8.35055299e+00 -1.00019851e+00  5.56356620e-03 
 6.02559586e+05  2.29917229e+02  6.47094693e+00  2.29917229e+02  6.47094693e+00 -1.00015694e+00  5.65808817e-03 
 6.16595002e+05  2.28510020e+02  4.68041057e+00  2.28510020e+02  4.68041057e+00 -1.00011558e+00  5.75442597e-03 
 6.30957344e+05  2.27120800e+02  2.97439566e+00  2.27120800e+02  2.97439566e+00 -1.00007437e+00  5.85264715e-03 
 6.45654229e+05  2.25750396e+02  1.34861113e+00  2.25750396e+02  1.34861113e+00 -1.00003330e+00  5.95281971e-03 
 6.60693448e+05  2.24399532e+02 -2.01002914e-01  2.24399532e+02 -2.01002914e-01 -9.99992331e-01  6.05501228e-03 
 6.76082975e+05  2.23068841e+02 -1.67829835e+00  2.23068841e+02 -1.67829835e+00 -9.99951427e-01  6.15929423e-03 
 6.91830971e+05  2.21758868e+02 -3.08693927e+00  2.21758868e+02 -3.08693927e+00 -9.99910560e-01  6.26573581e-03 
 7.07945784e+05  2.20470083e+02 -4.43041968e+00  2.20470083e+02 -4.43041968e+00 -9.99869697e-01  6.37440818e-03 
 7.24435960e+05  2.19202882e+02 -5.71207885e+00  2.19202882e+02 -5.71207885e+00 -9.99828806e-01  6.48538342e-03 
 7.41310241e+05  2.17957592e+02 -6.93511456e+00  2.17957592e+02 -6.93511456e+00 -9.99787853e-01  6.59873455e-03 
 7.58577575e+05  2.16734474e+02 -8.10259445e+00  2.16734474e+02 -8.10259445e+00 -9.99746805e-01  6.71453551e-03 
 7.76247117e+05  2.15533724e+02 -9.21746573e+00  2.15533724e+02 -9.21746573e+00 -9.99705626e-01  6.83286110e-03 
 7.94328235e+05  2.14355476e+02 -1.02825634e+01  2.14355476e+02 -1.02825634e+01 -9.99664278e-01  6.95378693e-03 
 8.12830516e+05  2.13199807e+02 -1.13006172e+01  2.13199807e+02 -1.13006172e+01 -9.99622724e-01  7.07738937e-03 
 8.31763771e+05  2.12066731e+02 -1.22742575e+01  2.12066731e+02 -1.22742575e+01 -9.99580923e-01  7.20374544e-03 
 8.51138038e+05  2.10956208e+02 -1.32060204e+01  2.10956208e+02 -1.32060204e+01 -9.99538832e-01  7.33293277e-03 
 8.70963590e+05  2.09868140e+02 -1.40983514e+01  2.09868140e+02 -1.40983514e+01 -9.99496409e-01  7.46502947e-03 
 8.91250938e+05  2.08802378e+02 -1.49536094e+01  2.08802378e+02 -1.49536094e+01 -9.99453608e-01  7.60011405e-03 
 9.12010839e+05  2.07758719e+02 -1.57740694e+01  2.07758719e+02 -1.57740694e+01 -9.99410380e-01  7.73826534e-03 
 9.33254301e+05  2.06736907e+02 -1.65619247e+01  2.06736907e+02 -1.65619247e+01 -9.99366676e-01  7.87956237e-03 
 9.54992586e+05  2.05736641e+02 -1.73192894e+01  2.05736641e+02 -1.73192894e+01 -9.99322443e-01  8.02408427e-03 
 9.77237221e+05  2.04757570e+02 -1.80482003e+01  2.04757570e+02 -1.80482003e+01 -9.99277626e-01  8.17191017e-03 
 1.00000000e+06  2.03799300e+02 -1.87506177e+01  2.03799300e+02 -1.87506177e+01 -9.99232170e-01  8.32311914e-03 
 1.02329299e+06  2.02861392e+02 -1.94284277e+01  2.02861392e+02 -1.94284277e+01 -9.99186015e-01  8.47779001e-03 
 1.04712855e+06  2.01943367e+02 -2.00834430e+01  2.01943367e+02 -2.00834430e+01 -9.99139099e-01  8.63600131e-03 
 1.07151931e+06  2.01044709e+02 -2.07174041e+01  2.01044709e+02 -2.07174041e+01 -9.99091359e-01  8.79783120e-03 
 1.09647820e+06  2.00164861e+02 -2.13319805e+01  2.00164861e+02 -2.13319805e+01 -9.99042728e-01  8.96335728e-03 
 1.12201845e+06  1.99303237e+02 -2.19287719e+01  1.99303237e+02 -2.19287719e+01 -9.98993138e-01  9.13265656e-03 
 1.14815362e+06  1.98459214e+02 -2.25093087e+01  1.98459214e+02 -2.25093087e+01 -9.98942518e-01  9.30580532e-03 
 1.17489755e+06  1.97632142e+02 -2.30750539e+01  1.97632142e+02 -2.30750539e+01 -9.98890794e-01  9.48287901e-03 
 1.20226443e+06  1.96821342e+02 -2.36274032e+01  1.96821342e+02 -2.36274032e+01 -9.98837890e-01  9.66395210e-03 
 1.23026877e+06  1.96026110e+02 -2.41676867e+01  1.96026110e+02 -2.41676867e+01 -9.98783728e-01  9.84909804e-03 
 1.25892541e+06  1.95245716e+02 -2.46971695e+01  1.95245716e+02 -2.46971695e+01 -9.98728227e-01  1.00383891e-02 
 1.28824955e+06  1.94479412e+02 -2.52170531e+01  1.94479412e+02 -2.52170531e+01 -9.98671304e-01  1.02318961e-02 
 1.31825674e+06  1.93726427e+02 -2.57284761e+01  1.93726427e+02 -2.57284761e+01 -9.98612873e-01  1.04296887e-02 
 1.34896288e+06  1.92985973e+02 -2.62325153e+01  1.92985973e+02 -2.62325153e+01 -9.98552847e-01  1.06318348e-02 
 1.38038426e+06  1.92257247e+02 -2.67301869e+01  1.92257247e+02 -2.67301869e+01 -9.98491133e-01  1.08384006e-02 
 1.41253754e+06  1.91539431e+02 -2.72224470e+01  1.91539431e+02 -2.72224470e+01 -9.98427641e-01  1.10494505e-02 
 1.44543977e+06  1.90831692e+02 -2.77101935e+01  1.90831692e+02 -2.77101935e+01 -9.98362275e-01  1.12650469e-02 
 1.47910839e+06  1.90133190e+02 -2.81942659e+01  1.90133190e+02 -2.81942659e+01 -9.98294937e-01  1.14852501e-02 
 1.51356125e+06  1.89443071e+02 -2.86754471e+01  1.89443071e+02 -2.86754471e+01 -9.98225528e-01  1.17101180e-02 
 1.54881662e+06  1.88760475e+02 -2.91544641e+01  1.88760475e+02 -2.91544641e+01 -9.98153946e-01  1.19397061e-02 
 1.58489319e+06  1.88084536e+02 -2.96319884e+01  1.88084536e+02 -2.96319884e+01 -9.98080087e-01  1.21740672e-02 
 1.62181010e+06  1.87414378e+02 -3.01086373e+01  1.87414378e+02 -3.01086373e+01 -9.98003845e-01  1.24132513e-02 
 1.65958691e+06  1.86749126e+02 -3.05849746e+01  1.86749126e+02 -3.05849746e+01 -9.97925113e-01  1.26573053e-02 
 1.69824365e+06  1.86087898e+02 -3.10615110e+01  1.86087898e+02 -3.10615110e+01 -9.97843782e-01  1.29062730e-02 
 1.73780083e+06  1.85429811e+02 -3.15387050e+01  1.85429811e+02 -3.15387050e+01 -9.97759739e-01  1.31601947e-02 
 1.77827941e+06  1.84773982e+02 -3.20169633e+01  1.84773982e+02 -3.20169633e+01 -9.97672872e-01  1.34191072e-02 
 1.81970086e+06  1.84119526e+02 -3.24966415e+01  1.84119526e+02 -3.24966415e+01 -9.97583067e-01  1.36830432e-02 
 1.86208714e+06  1.83465562e+02 -3.29780445e+01  1.83465562e+02 -3.29780445e+01 -9.97490208e-01  1.39520316e-02 
 1.90546072e+06  1.82811210e+02 -3.34614269e+01  1.82811210e+02 -3.34614269e+01 -9.97394180e-01  1.42260970e-02 
 1.94984460e+06  1.82155593e+02 -3.39469931e+01  1.82155593e+02 -3.39469931e+01 -9.97294864e-01  1.45052595e-02 
 1.99526231e+06  1.81497840e+02 -3.44348980e+01  1.81497840e+02 -3.44348980e+01 -9.97192144e-01  1.47895344e-02 
 2.04173794e+06  1.80837086e+02 -3.49252472e+01  1.80837086e+02 -3.49252472e+01 -9.97085901e-01  1.50789323e-02 
 2.08929613e+06  1.80172471e+02 -3.54180969e+01  1.80172471e+02 -3.54180969e+01 -9.96976017e-01  1.53734584e-02 
 2.13796209e+06  1.79503147e+02 -3.59134540e+01  1.79503147e+02 -3.59134540e+01 -9.96862375e-01  1.56731128e-02 
 2.18776162e+06  1.78828272e+02 -3.64112769e+01  1.78828272e+02 -3.64112769e+01 -9.96744859e-01  1.59778899e-02 
 2.23872114e+06  1.78147018e+02 -3.69114747e+01  1.78147018e+02 -3.69114747e+01 -9.96623351e-01  1.62877784e-02 
 2.29086765e+06  1.77458568e+02 -3.74139080e+01  1.77458568e+02 -3.74139080e+01 -9.96497739e-01  1.66027611e-02 
 2.34422882e+06  1.76762120e+02 -3.79183885e+01  1.76762120e+02 -3.79183885e+01 -9.96367910e-01  1.69228147e-02 
 2.39883292e+06  1.76056888e+02 -3.84246793e+01  1.76056888e+02 -3.84246793e+01 -9.96233754e-01  1.72479097e-02 
 2.45470892e+06  1.75342102e+02 -3.89324951e+01  1.75342102e+02 -3.89324951e+01 -9.96095165e-01  1.75780101e-02 
 2.51188643e+06  1.74617013e+02 -3.94415020e+01  1.74617013e+02 -3.94415020e+01 -9.95952040e-01  1.79130735e-02 
 2.57039578e+06  1.73880894e+02 -3.99513178e+01  1.73880894e+02 -3.99513178e+01 -9.95804280e-01  1.82530511e-02 
 2.63026799e+06  1.73133039e+02 -4.04615124e+01  1.73133039e+02 -4.04615124e+01 -9.95651790e-01  1.85978873e-02 
 2.69153480e+06  1.72372771e+02 -4.09716078e+01  1.72372771e+02 -4.09716078e+01 -9.95494483e-01  1.89475200e-02 
 2.75422870e+06  1.71599437e+02 -4.14810788e+01  1.71599437e+02 -4.14810788e+01 -9.95332276e-01  1.93018805e-02 
 2.81838293e+06  1.70812417e+02 -4.19893529e+01  1.70812417e+02 -4.19893529e+01 -9.95165094e-01  1.96608937e-02 
 2.88403150e+06  1.70011124e+02 -4.24958119e+01  1.70011124e+02 -4.24958119e+01 -9.94992868e-01  2.00244782e-02 
 2.95120923e+06  1.69195004e+02 -4.29997914e+01  1.69195004e+02 -4.29997914e+01 -9.94815539e-01  2.03925463e-02 
 3.01995172e+06  1.68363542e+02 -4.35005828e+01  1.68363542e+02 -4.35005828e+01 -9.94633059e-01  2.07650046e-02 
 3.09029543e+06  1.67516266e+02 -4.39974337e+01  1.67516266e+02 -4.39974337e+01 -9.94445387e-01  2.11417539e-02 
 3.16227766e+06  1.66652744e+02 -4.44895494e+01  1.66652744e+02 -4.44895494e+01 -9.94252494e-01  2.15226902e-02 
 3.23593657e+06  1.65772594e+02 -4.49760943e+01  1.65772594e+02 -4.49760943e+01 -9.94054363e-01  2.19077044e-02 
 3.31131121e+06  1.64875480e+02 -4.54561937e+01  1.64875480e+02 -4.54561937e+01 -9.93850992e-01  2.22966834e-02 
 3.38844156e+06  1.63961120e+02 -4.59289354e+01  1.63961120e+02 -4.59289354e+01 -9.93642389e-01  2.26895105e-02 
 3.46736850e+06  1.63029289e+02 -4.63933725e+01  1.63029289e+02 -4.63933725e+01 -9.93428579e-01  2.30860664e-02 
 3.54813389e+06  1.62079817e+02 -4.68485251e+01  1.62079817e+02 -4.68485251e+01 -9.93209603e-01  2.34862295e-02 
 3.63078055e+06  1.61112597e+02 -4.72933836e+01  1.61112597e+02 -4.72933836e+01 -9.92985515e-01  2.38898773e-02 
 3.71535229e+06  1.60127586e+02 -4.77269114e+01  1.60127586e+02 -4.77269114e+01 -9.92756391e-01  2.42968871e-02 
 3.80189396e+06  1.59124806e+02 -4.81480480e+01  1.59124806e+02 -4.81480480e+01 -9.92522322e-01  2.47071372e-02 
 3.89045145e+06  1.58104352e+02 -4.85557132e+01  1.58104352e+02 -4.85557132e+01 -9.92283417e-01  2.51205083e-02 
 3.98107171e+06  1.57066385e+02 -4.89488104e+01  1.57066385e+02 -4.89488104e+01 -9.92039808e-01  2.55368843e-02 
 4.07380278e+06  1.56011146e+02 -4.93262306e+01  1.56011146e+02 -4.93262306e+01 -9.91791644e-01  2.59561544e-02 
 4.16869383e+06  1.54938947e+02 -4.96868577e+01  1.54938947e+02 -4.96868577e+01 -9.91539095e-01  2.63782140e-02 
 4.26579519e+06  1.53850181e+02 -5.00295719e+01  1.53850181e+02 -5.00295719e+01 -9.91282355e-01  2.68029664e-02 
 4.36515832e+06  1.52745319e+02 -5.03532559e+01  1.52745319e+02 -5.03532559e+01 -9.91021635e-01  2.72303249e-02 
 4.46683592e+06  1.51624910e+02 -5.06567991e+01  1.51624910e+02 -5.06567991e+01 -9.90757173e-01  2.76602142e-02 
 4.57088190e+06  1.50489589e+02 -5.09391035e+01  1.50489589e+02 -5.09391035e+01 -9.90489226e-01  2.80925722e-02 
 4.67735141e+06  1.49340068e+02 -5.11990889e+01  1.49340068e+02 -5.11990889e+01 -9.90218073e-01  2.85273522e-02 
 4.78630092e+06  1.48177142e+02 -5.14356990e+01  1.48177142e+02 -5.14356990e+01 -9.89944017e-01  2.89645246e-02 
 4.89778819e+06  1.47001689e+02 -5.16479067e+01  1.47001689e+02 -5.16479067e+01 -9.89667380e-01  2.94040795e-02 
 5.01187234e+06  1.45814665e+02 -5.18347205e+01  1.45814665e+02 -5.18347205e+01 -9.89388509e-01  2.98460279e-02 
 5.12861384e+06  1.44617105e+02 -5.19951898e+01  1.44617105e+02 -5.19951898e+01 -9.89107770e-01  3.02904046e-02 
 5.24807460e+06  1.43410121e+02 -5.21284115e+01  1.43410121e+02 -5.21284115e+01 -9.88825547e-01  3.07372701e-02 
 5.37031796e+06  1.42194902e+02 -5.22335352e+01  1.42194902e+02 -5.22335352e+01 -9.88542249e-01  3.11867125e-02 
 5.49540874e+06  1.40972707e+02 -5.23097695e+01  1.40972707e+02 -5.23097695e+01 -9.88258298e-01  3.16388500e-02 
 5.62341325e+06  1.39744864e+02 -5.23563870e+01  1.39744864e+02 -5.23563870e+01 -9.87974136e-01  3.20938329e-02 
 5.75439937e+06  1.38512766e+02 -5.23727302e+01  1.38512766e+02 -5.23727302e+01 -9.87690221e-01  3.25518457e-02 
 5.88843655e+06  1.37277867e+02 -5.23582165e+01  1.37277867e+02 -5.23582165e+01 -9.87407023e-01  3.30131089e-02 
 6.02559586e+06  1.36041678e+02 -5.23123427e+01  1.36041678e+02 -5.23123427e+01 -9.87125027e-01  3.34778816e-02 
 6.16595002e+06  1.34805760e+02 -5.22346902e+01  1.34805760e+02 -5.22346902e+01 -9.86844728e-01  3.39464629e-02 
 6.30957344e+06  1.33571721e+02 -5.21249285e+01  1.33571721e+02 -5.21249285e+01 -9.86566629e-01  3.44191936e-02 
 6.45654229e+06  1.32341208e+02 -5.19828192e+01  1.32341208e+02 -5.19828192e+01 -9.86291240e-01  3.48964587e-02 
 6.60693448e+06  1.31115902e+02 -5.18082195e+01  1.31115902e+02 -5.18082195e+01 -9.86019076e-01  3.53786882e-02 
 6.76082975e+06  1.29897513e+02 -5.16010844e+01  1.29897513e+02 -5.16010844e+01 -9.85750654e-01  3.58663591e-02 
 6.91830971e+06  1.28687772e+02 -5.13614697e+01  1.28687772e+02 -5.13614697e+01 -9.85486487e-01  3.63599968e-02 
 7.07945784e+06  1.27488423e+02 -5.10895334e+01  1.27488423e+02 -5.10895334e+01 -9.85227089e-01  3.68601760e-02 
 7.24435960e+06  1.26301220e+02 -5.07855372e+01  1.26301220e+02 -5.07855372e+01 -9.84972966e-01  3.73675223e-02 
 7.41310241e+06  1.25127916e+02 -5.04498471e+01  1.25127916e+02 -5.04498471e+01 -9.84724613e-01  3.78827130e-02 
 7.58577575e+06  1.23970260e+02 -5.00829338e+01  1.23970260e+02 -5.00829338e+01 -9.84482515e-01  3.84064776e-02 
 7.76247117e+06  1.22829987e+02 -4.96853723e+01  1.22829987e+02 -4.96853723e+01 -9.84247142e-01  3.89395993e-02 
 7.94328235e+06  1.21708812e+02 -4.92578411e+01  1.21708812e+02 -4.92578411e+01 -9.84018944e-01  3.94829149e-02 
 8.12830516e+06  1.20608427e+02 -4.88011212e+01  1.20608427e+02 -4.88011212e+01 -9.83798350e-01  4.00373153e-02 
 8.31763771e+06  1.19530490e+02 -4.83160943e+01  1.19530490e+02 -4.83160943e+01 -9.83585764e-01  4.06037462e-02 
 8.51138038e+06  1.18476619e+02 -4.78037405e+01  1.18476619e+02 -4.78037405e+01 -9.83381564e-01  4.11832077e-02 
 8.70963590e+06  1.17448391e+02 -4.72651359e+01  1.17448391e+02 -4.72651359e+01 -9.83186092e-01  4.17767548e-02 
 8.91250938e+06  1.16447329e+02 -4.67014499e+01  1.16447329e+02 -4.67014499e+01 -9.82999658e-01  4.23854969e-02 
 9.12010839e+06  1.15474905e+02 -4.61139418e+01  1.15474905e+02 -4.61139418e+01 -9.82822534e-01  4.30105976e-02 
 9.33254301e+06  1.14532528e+02 -4.55039574e+01  1.14532528e+02 -4.55039574e+01 -9.82654947e-01  4.36532744e-02 
 9.54992586e+06  1.13621542e+02 -4.48729254e+01  1.13621542e+02 -4.48729254e+01 -9.82497081e-01  4.43147980e-02 
 9.77237221e+06  1.12743222e+02 -4.42223533e+01  1.12743222e+02 -4.42223533e+01 -9.82349068e-01  4.49964919e-02 
 1.00000000e+07  1.11898770e+02 -4.35538238e+01  1.11898770e+02 -4.35538238e+01 -9.82210988e-01  4.56997310e-02 
 1.02329299e+07  1.11089311e+02 -4.28689898e+01  1.11089311e+02 -4.28689898e+01 -9.82082866e-01  4.64259415e-02 
 1.04712855e+07  1.10315887e+02 -4.21695713e+01  1.10315887e+02 -4.21695713e+01 -9.81964662e-01  4.71765988e-02 
 1.07151931e+07  1.09579460e+02 -4.14573499e+01  1.09579460e+02 -4.14573499e+01 -9.81856274e-01  4.79532269e-02 
 1.09647820e+07  1.08880902e+02 -4.07341655e+01  1.08880902e+02 -4.07341655e+01 -9.81757529e-01  4.87573969e-02 
 1.12201845e+07  1.08220999e+02 -4.00019113e+01  1.08220999e+02 -4.00019113e+01 -9.81668184e-01  4.95907248e-02 
 1.14815362e+07  1.07600444e+02 -3.92625298e+01  1.07600444e+02 -3.92625298e+01 -9.81587914e-01  5.04548704e-02 
 1.17489755e+07  1.07019836e+02 -3.85180085e+01  1.07019836e+02 -3.85180085e+01 -9.81516316e-01  5.13515347e-02 
 1.20226443e+07  1.06479679e+02 -3.77703756e+01  1.06479679e+02 -3.77703756e+01 -9.81452899e-01  5.22824577e-02 
 1.23026877e+07  1.05980381e+02 -3.70216960e+01  1.05980381e+02 -3.70216960e+01 -9.81397080e-01  5.32494161e-02 
 1.25892541e+07  1.05522250e+02 -3.62740668e+01  1.05522250e+02 -3.62740668e+01 -9.81348183e-01  5.42542199e-02 
 1.28824955e+07  1.05105492e+02 -3.55296138e+01  1.05105492e+02 -3.55296138e+01 -9.81305428e-01  5.52987099e-02 
 1.31825674e+07  1.04730214e+02 -3.47904870e+01  1.04730214e+02 -3.47904870e+01 -9.81267932e-01  5.63847535e-02 
 1.34896288e+07  1.04396417e+02 -3.40588567e+01  1.04396417e+02 -3.40588567e+01 -9.81234701e-01  5.75142411e-02 
 1.38038426e+07  1.04103999e+02 -3.33369096e+01  1.04103999e+02 -3.33369096e+01 -9.81204625e-01  5.86890816e-02 
 1.41253754e+07  1.03852750e+02 -3.26268446e+01  1.03852750e+02 -3.26268446e+01 -9.81176474e-01  5.99111976e-02 
 1.44543977e+07  1.03642354e+02 -3.19308687e+01  1.03642354e+02 -3.19308687e+01 -9.81148889e-01  6.11825203e-02 
 1.47910839e+07  1.03472384e+02 -3.12511931e+01  1.03472384e+02 -3.12511931e+01 -9.81120385e-01  6.25049832e-02 
 1.51356125e+07  1.03342304e+02 -3.05900287e+01  1.03342304e+02 -3.05900287e+01 -9.81089336e-01  6.38805162e-02 
 1.54881662e+07  1.03251466e+02 -2.99495817e+01  1.03251466e+02 -2.99495817e+01 -9.81053979e-01  6.53110381e-02 
 1.58489319e+07  1.03199106e+02 -2.93320492e+01  1.03199106e+02 -2.93320492e+01 -9.81012401e-01  6.67984491e-02 
 1.62181010e+07  1.03184349e+02 -2.87396142e+01  1.03184349e+02 -2.87396142e+01 -9.80962540e-01  6.83446226e-02 
 1.65958691e+07  1.03206201e+02 -2.81744409e+01  1.03206201e+02 -2.81744409e+01 -9.80902180e-01  6.99513961e-02 
 1.69824365e+07  1.03263551e+02 -2.76386692e+01  1.03263551e+02 -2.76386692e+01 -9.80828943e-01  7.16205613e-02 
 1.73780083e+07  1.03355169e+02 -2.71344092e+01  1.03355169e+02 -2.71344092e+01 -9.80740290e-01  7.33538536e-02 
 1.77827941e+07  1.03479706e+02 -2.66637355e+01  1.03479706e+02 -2.66637355e+01 -9.80633514e-01  7.51529412e-02 
 1.81970086e+07  1.03635692e+02 -2.62286808e+01  1.03635692e+02 -2.62286808e+01 -9.80505742e-01  7.70194126e-02 
 1.86208714e+07  1.03821533e+02 -2.58312295e+01  1.03821533e+02 -2.58312295e+01 -9.80353926e-01  7.89547643e-02 
 1.90546072e+07  1.04035515e+02 -2.54733107e+01  1.04035515e+02 -2.54733107e+01 -9.80174848e-01  8.09603870e-02 
 1.94984460e+07  1.04275802e+02 -2.51567910e+01  1.04275802e+02 -2.51567910e+01 -9.79965119e-01  8.30375514e-02 
 1.99526231e+07  1.04540434e+02 -2.48834669e+01  1.04540434e+02 -2.48834669e+01 -9.79721175e-01  8.51873937e-02 
 2.04173794e+07  1.04827329e+02 -2.46550566e+01  1.04827329e+02 -2.46550566e+01 -9.79439284e-01  8.74108995e-02 
 2.08929613e+07  1.05134288e+02 -2.44731918e+01  1.05134288e+02 -2.44731918e+01 -9.79115546e-01  8.97088882e-02 
 2.13796209e+07  1.05458990e+02 -2.43394090e+01  1.05458990e+02 -2.43394090e+01 -9.78745897e-01  9.20819962e-02 
 2.18776162e+07  1.05798997e+02 -2.42551406e+01  1.05798997e+02 -2.42551406e+01 -9.78326116e-01  9.45306598e-02 
 2.23872114e+07  1.06151761e+02 -2.42217054e+01  1.06151761e+02 -2.42217054e+01 -9.77851832e-01  9.70550982e-02 
 2.29086765e+07  1.06514621e+02 -2.42402997e+01  1.06514621e+02 -2.42402997e+01 -9.77318533e-01  9.96552957e-02 
 2.34422882e+07  1.06884811e+02 -2.43119872e+01  1.06884811e+02 -2.43119872e+01 -9.76721573e-01  1.02330984e-01 
 2.39883292e+07  1.07259467e+02 -2.44376898e+01  1.07259467e+02 -2.44376898e+01 -9.76056189e-01  1.05081627e-01 
 2.45470892e+07  1.07635629e+02 -2.46181779e+01  1.07635629e+02 -2.46181779e+01 -9.75317514e-01  1.07906399e-01 
 2.51188643e+07  1.08010253e+02 -2.48540605e+01  1.08010253e+02 -2.48540605e+01 -9.74500588e-01  1.10804172e-01 
 2.57039578e+07  1.08380216e+02 -2.51457766e+01  1.08380216e+02 -2.51457766e+01 -9.73600384e-01  1.13773500e-01 
 2.63026799e+07  1.08742324e+02 -2.54935854e+01  1.08742324e+02 -2.54935854e+01 -9.72611820e-01  1.16812600e-01 
 2.69153480e+07  1.09093328e+02 -2.58975582e+01  1.09093328e+02 -2.58975582e+01 -9.71529788e-01  1.19919342e-01 
 2.75422870e+07  1.09429928e+02 -2.63575701e+01  1.09429928e+02 -2.63575701e+01 -9.70349172e-01  1.23091233e-01 
 2.81838293e+07  1.09748794e+02 -2.68732927e+01  1.09748794e+02 -2.68732927e+01 -9.69064876e-01  1.26325410e-01 
 2.88403150e+07  1.10046568e+02 -2.74441869e+01  1.10046568e+02 -2.74441869e+01 -9.67671852e-01  1.29618626e-01 
 2.95120923e+07  1.10319891e+02 -2.80694979e+01  1.10319891e+02 -2.80694979e+01 -9.66165127e-01  1.32967246e-01 
 3.01995172e+07  1.10565406e+02 -2.87482497e+01  1.10565406e+02 -2.87482497e+01 -9.64539837e-01  1.36367239e-01 
 3.09029543e+07  1.10779783e+02 -2.94792419e+01  1.10779783e+02 -2.94792419e+01 -9.62791256e-01  1.39814181e-01 
 3.16227766e+07  1.10959732e+02 -3.02610470e+01  1.10959732e+02 -3.02610470e+01 -9.60914829e-01  1.43303248e-01 
 3.23593657e+07  1.11102020e+02 -3.10920097e+01  1.11102020e+02 -3.10920097e+01 -9.58906209e-01  1.46829224e-01 
 3.31131121e+07  1.11203491e+02 -3.19702473e+01  1.11203491e+02 -3.19702473e+01 -9.56761288e-01  1.50386508e-01 
 3.38844156e+07  1.11261080e+02 -3.28936516e+01  1.11261080e+02 -3.28936516e+01 -9.54476234e-01  1.53969119e-01 
 3.46736850e+07  1.11271837e+02 -3.38598925e+01  1.11271837e+02 -3.38598925e+01 -9.52047528e-01  1.57570713e-01 
 3.54813389e+07  1.11232940e+02 -3.48664240e+01  1.11232940e+02 -3.48664240e+01 -9.49471993e-01  1.61184598e-01 
 3.63078055e+07  1.11141718e+02 -3.59104908e+01  1.11141718e+02 -3.59104908e+01 -9.46746832e-01  1.64803756e-01 
 3.71535229e+07  1.10995666e+02 -3.69891374e+01  1.10995666e+02 -3.69891374e+01 -9.43869661e-01  1.68420863e-01 
 3.80189396e+07  1.10792463e+02 -3.80992190e+01  1.10792463e+02 -3.80992190e+01 -9.40838538e-01  1.72028318e-01 
 3.89045145e+07  1.10529990e+02 -3.92374137e+01  1.10529990e+02 -3.92374137e+01 -9.37651993e-01  1.75618274e-01 
 3.98107171e+07  1.10206344e+02 -4.04002372e+01  1.10206344e+02 -4.04002372e+01 -9.34309055e-01  1.79182672e-01 
 4.07380278e+07  1.09819854e+02 -4.15840583e+01  1.09819854e+02 -4.15840583e+01 -9.30809276e-01  1.82713276e-01 
 4.16869383e+07  1.09369094e+02 -4.27851164e+01  1.09369094e+02 -4.27851164e+01 -9.27152752e-01  1.86201714e-01 
 4.26579519e+07  1.08852893e+02 -4.39995403e+01  1.08852893e+02 -4.39995403e+01 -9.23340140e-01  1.89639520e-01 
 4.36515832e+07  1.08270351e+02 -4.52233684e+01  1.08270351e+02 -4.52233684e+01 -9.19372675e-01  1.93018179e-01 
 4.46683592e+07  1.07620841e+02 -4.64525700e+01  1.07620841e+02 -4.64525700e+01 -9.15252172e-01  1.96329171e-01 
 4.57088190e+07  1.06904016e+02 -4.76830674e+01  1.06904016e+02 -4.76830674e+01 -9.10981039e-01  1.99564023e-01 
 4.67735141e+07  1.06119819e+02 -4.89107585e+01  1.06119819e+02 -4.89107585e+01 -9.06562274e-01  2.02714349e-01 
 4.78630092e+07  1.05268479e+02 -5.01315406e+01  1.05268479e+02 -5.01315406e+01 -9.01999463e-01  2.05771910e-01 
 4.89778819e+07  1.04350514e+02 -5.13413336e+01  1.04350514e+02 -5.13413336e+01 -8.97296768e-01  2.08728653e-01 
 5.01187234e+07  1.03366728e+02 -5.25361037e+01  1.03366728e+02 -5.25361037e+01 -8.92458917e-01  2.11576764e-01 
 5.12861384e+07  1.02318207e+02 -5.37118869e+01  1.02318207e+02 -5.37118869e+01 -8.87491185e-01  2.14308714e-01 
 5.24807460e+07  1.01206311e+02 -5.48648116e+01  1.01206311e+02 -5.48648116e+01 -8.82399369e-01  2.16917303e-01 
 5.37031796e+07  1.00032665e+02 -5.59911210e+01  1.00032665e+02 -5.59911210e+01 -8.77189768e-01  2.19395704e-01 
 5.49540874e+07  9.87991512e+01 -5.70871939e+01  9.87991512e+01 -5.70871939e+01 -8.71869142e-01  2.21737504e-01 
 5.62341325e+07  9.75078918e+01 -5.81495650e+01  9.75078918e+01 -5.81495650e+01 -8.66444686e-01  2.23936740e-01 
 5.75439937e+07  9.61612363e+01 -5.91749433e+01  9.61612363e+01 -5.91749433e+01 -8.60923987e-01  2.25987933e-01 
 5.88843655e+07  9.47617454e+01 -6.01602289e+01  9.47617454e+01 -6.01602289e+01 -8.55314984e-01  2.27886118e-01 
 6.02559586e+07  9.33121722e+01 -6.11025285e+01  9.33121722e+01 -6.11025285e+01 -8.49625925e-01  2.29626871e-01 
 6.16595002e+07  9.18154437e+01 -6.19991689e+01  9.18154437e+01 -6.19991689e+01 -8.43865321e-01  2.31206326e-01 
 6.30957344e+07  9.02746406e+01 -6.28477078e+01  9.02746406e+01 -6.28477078e+01 -8.38041896e-01  2.32621199e-01 
 6.45654229e+07  8.86929764e+01 -6.36459436e+01  8.86929764e+01 -6.36459436e+01 -8.32164542e-01  2.33868794e-01 
 6.60693448e+07  8.70737761e+01 -6.43919224e+01  8.70737761e+01 -6.43919224e+01 -8.26242268e-01  2.34947012e-01 
 6.76082975e+07  8.54204542e+01 -6.50839433e+01  8.54204542e+01 -6.50839433e+01 -8.20284153e-01  2.35854356e-01 
 6.91830971e+07  8.37364934e+01 -6.57205610e+01  8.37364934e+01 -6.57205610e+01 -8.14299292e-01  2.36589924e-01 
 7.07945784e+07  8.20254223e+01 -6.63005870e+01  8.20254223e+01 -6.63005870e+01 -8.08296756e-01  2.37153411e-01 
 7.24435960e+07  8.02907948e+01 -6.68230882e+01  8.02907948e+01 -6.68230882e+01 -8.02285541e-01  2.37545087e-01 
 7.41310241e+07  7.85361690e+01 -6.72873840e+01  7.85361690e+01 -6.72873840e+01 -7.96274524e-01  2.37765794e-01 
 7.58577575e+07  7.67650875e+01 -6.76930413e+01  7.67650875e+01 -6.76930413e+01 -7.90272421e-01  2.37816919e-01 
 7.76247117e+07  7.49810580e+01 -6.80398681e+01  7.49810580e+01 -6.80398681e+01 -7.84287751e-01  2.37700376e-01 
 7.94328235e+07  7.31875361e+01 -6.83279052e+01  7.31875361e+01 -6.83279052e+01 -7.78328794e-01  2.37418579e-01 
 8.12830516e+07  7.13879077e+01 -6.85574167e+01  7.13879077e+01 -6.85574167e+01 -7.72403560e-01  2.36974418e-01 
 8.31763771e+07  6.95854743e+01 -6.87288795e+01  6.95854743e+01 -6.87288795e+01 -7.66519759e-01  2.36371223e-01 
 8.51138038e+07  6.77834387e+01 -6.88429711e+01  6.77834387e+01 -6.88429711e+01 -7.60684774e-01  2.35612739e-01 
 8.70963590e+07  6.59848923e+01 -6.89005575e+01  6.59848923e+01 -6.89005575e+01 -7.54905636e-01  2.34703088e-01 
 8.91250938e+07  6.41928042e+01 -6.89026792e+01  6.41928042e+01 -6.89026792e+01 -7.49189008e-01  2.33646735e-01 
 9.12010839e+07  6.24100118e+01 -6.88505380e+01  6.24100118e+01 -6.88505380e+01 -7.43541162e-01  2.32448457e-01 
 9.33254301e+07  6.06392120e+01 -6.87454822e+01  6.06392120e+01 -6.87454822e+01 -7.37967974e-01  2.31113300e-01 
 9.54992586e+07  5.88829554e+01 -6.85889925e+01  5.88829554e+01 -6.85889925e+01 -7.32474908e-01  2.29646551e-01 
 9.77237221e+07  5.71436405e+01 -6.83826672e+01  5.71436405e+01 -6.83826672e+01 -7.27067015e-01  2.28053699e-01 
 1.00000000e+08  5.54235105e+01 -6.81282082e+01  5.54235105e+01 -6.81282082e+01 -7.21748925e-01  2.26340400e-01 
