 time            v(in)           v(out)         
 0.00000000e+00  0.00000000e+00  0.00000000e+00 
 5.00000000e-11  0.00000000e+00  0.00000000e+00 
 1.00000000e-10  0.00000000e+00  0.00000000e+00 
 2.00000000e-10  0.00000000e+00  0.00000000e+00 
 4.00000000e-10  0.00000000e+00  0.00000000e+00 
 8.00000000e-10  0.00000000e+00  0.00000000e+00 
 1.60000000e-09  0.00000000e+00  0.00000000e+00 
 3.20000000e-09  0.00000000e+00  0.00000000e+00 
 6.40000000e-09  0.00000000e+00  0.00000000e+00 
 1.14000000e-08  0.00000000e+00  0.00000000e+00 
 1.64000000e-08  0.00000000e+00  0.00000000e+00 
 2.14000000e-08  0.00000000e+00  0.00000000e+00 
 2.64000000e-08  0.00000000e+00  0.00000000e+00 
 3.14000000e-08  0.00000000e+00  0.00000000e+00 
 3.64000000e-08  0.00000000e+00  0.00000000e+00 
 4.14000000e-08  0.00000000e+00  0.00000000e+00 
 4.64000000e-08  0.00000000e+00  0.00000000e+00 
 5.14000000e-08  0.00000000e+00  0.00000000e+00 
 5.64000000e-08  0.00000000e+00  0.00000000e+00 
 6.14000000e-08  0.00000000e+00  0.00000000e+00 
 6.64000000e-08  0.00000000e+00  0.00000000e+00 
 7.14000000e-08  0.00000000e+00  0.00000000e+00 
 7.64000000e-08  0.00000000e+00  0.00000000e+00 
 8.14000000e-08  0.00000000e+00  0.00000000e+00 
 8.64000000e-08  0.00000000e+00  0.00000000e+00 
 9.14000000e-08  0.00000000e+00  0.00000000e+00 
 9.64000000e-08  0.00000000e+00  0.00000000e+00 
 1.01400000e-07  0.00000000e+00  0.00000000e+00 
 1.06400000e-07  0.00000000e+00  0.00000000e+00 
 1.11400000e-07  0.00000000e+00  0.00000000e+00 
 1.16400000e-07  0.00000000e+00  0.00000000e+00 
 1.21400000e-07  0.00000000e+00  0.00000000e+00 
 1.26400000e-07  0.00000000e+00  0.00000000e+00 
 1.31400000e-07  0.00000000e+00  0.00000000e+00 
 1.36400000e-07  0.00000000e+00  0.00000000e+00 
 1.41400000e-07  0.00000000e+00  0.00000000e+00 
 1.46400000e-07  0.00000000e+00  0.00000000e+00 
 1.51400000e-07  0.00000000e+00  0.00000000e+00 
 1.56400000e-07  0.00000000e+00  0.00000000e+00 
 1.61400000e-07  0.00000000e+00  0.00000000e+00 
 1.66400000e-07  0.00000000e+00  0.00000000e+00 
 1.71400000e-07  0.00000000e+00  0.00000000e+00 
 1.76400000e-07  0.00000000e+00  0.00000000e+00 
 1.81400000e-07  0.00000000e+00  0.00000000e+00 
 1.86400000e-07  0.00000000e+00  0.00000000e+00 
 1.91400000e-07  0.00000000e+00  0.00000000e+00 
 1.96400000e-07  0.00000000e+00  0.00000000e+00 
 2.01400000e-07  0.00000000e+00  0.00000000e+00 
 2.06400000e-07  0.00000000e+00  0.00000000e+00 
 2.11400000e-07  0.00000000e+00  0.00000000e+00 
 2.16400000e-07  0.00000000e+00  0.00000000e+00 
 2.21400000e-07  0.00000000e+00  0.00000000e+00 
 2.26400000e-07  0.00000000e+00  0.00000000e+00 
 2.31400000e-07  0.00000000e+00  0.00000000e+00 
 2.36400000e-07  0.00000000e+00  0.00000000e+00 
 2.41400000e-07  0.00000000e+00  0.00000000e+00 
 2.46400000e-07  0.00000000e+00  0.00000000e+00 
 2.51400000e-07  0.00000000e+00  0.00000000e+00 
 2.56400000e-07  0.00000000e+00  0.00000000e+00 
 2.61400000e-07  0.00000000e+00  0.00000000e+00 
 2.66400000e-07  0.00000000e+00  0.00000000e+00 
 2.71400000e-07  0.00000000e+00  0.00000000e+00 
 2.76400000e-07  0.00000000e+00  0.00000000e+00 
 2.81400000e-07  0.00000000e+00  0.00000000e+00 
 2.86400000e-07  0.00000000e+00  0.00000000e+00 
 2.91400000e-07  0.00000000e+00  0.00000000e+00 
 2.96400000e-07  0.00000000e+00  0.00000000e+00 
 3.01400000e-07  0.00000000e+00  0.00000000e+00 
 3.06400000e-07  0.00000000e+00  0.00000000e+00 
 3.11400000e-07  0.00000000e+00  0.00000000e+00 
 3.16400000e-07  0.00000000e+00  0.00000000e+00 
 3.21400000e-07  0.00000000e+00  0.00000000e+00 
 3.26400000e-07  0.00000000e+00  0.00000000e+00 
 3.31400000e-07  0.00000000e+00  0.00000000e+00 
 3.36400000e-07  0.00000000e+00  0.00000000e+00 
 3.41400000e-07  0.00000000e+00  0.00000000e+00 
 3.46400000e-07  0.00000000e+00  0.00000000e+00 
 3.51400000e-07  0.00000000e+00  0.00000000e+00 
 3.56400000e-07  0.00000000e+00  0.00000000e+00 
 3.61400000e-07  0.00000000e+00  0.00000000e+00 
 3.66400000e-07  0.00000000e+00  0.00000000e+00 
 3.71400000e-07  0.00000000e+00  0.00000000e+00 
 3.76400000e-07  0.00000000e+00  0.00000000e+00 
 3.81400000e-07  0.00000000e+00  0.00000000e+00 
 3.86400000e-07  0.00000000e+00  0.00000000e+00 
 3.91400000e-07  0.00000000e+00  0.00000000e+00 
 3.96400000e-07  0.00000000e+00  0.00000000e+00 
 4.01400000e-07  0.00000000e+00  0.00000000e+00 
 4.06400000e-07  0.00000000e+00  0.00000000e+00 
 4.11400000e-07  0.00000000e+00  0.00000000e+00 
 4.16400000e-07  0.00000000e+00  0.00000000e+00 
 4.21400000e-07  0.00000000e+00  0.00000000e+00 
 4.26400000e-07  0.00000000e+00  0.00000000e+00 
 4.31400000e-07  0.00000000e+00  0.00000000e+00 
 4.36400000e-07  0.00000000e+00  0.00000000e+00 
 4.41400000e-07  0.00000000e+00  0.00000000e+00 
 4.46400000e-07  0.00000000e+00  0.00000000e+00 
 4.51400000e-07  0.00000000e+00  0.00000000e+00 
 4.56400000e-07  0.00000000e+00  0.00000000e+00 
 4.61400000e-07  0.00000000e+00  0.00000000e+00 
 4.66400000e-07  0.00000000e+00  0.00000000e+00 
 4.71400000e-07  0.00000000e+00  0.00000000e+00 
 4.76400000e-07  0.00000000e+00  0.00000000e+00 
 4.81400000e-07  0.00000000e+00  0.00000000e+00 
 4.86400000e-07  0.00000000e+00  0.00000000e+00 
 4.91400000e-07  0.00000000e+00  0.00000000e+00 
 4.96400000e-07  0.00000000e+00  0.00000000e+00 
 5.01400000e-07  0.00000000e+00  0.00000000e+00 
 5.06400000e-07  0.00000000e+00  0.00000000e+00 
 5.11400000e-07  0.00000000e+00  0.00000000e+00 
 5.16400000e-07  0.00000000e+00  0.00000000e+00 
 5.21400000e-07  0.00000000e+00  0.00000000e+00 
 5.26400000e-07  0.00000000e+00  0.00000000e+00 
 5.31400000e-07  0.00000000e+00  0.00000000e+00 
 5.36400000e-07  0.00000000e+00  0.00000000e+00 
 5.41400000e-07  0.00000000e+00  0.00000000e+00 
 5.46400000e-07  0.00000000e+00  0.00000000e+00 
 5.51400000e-07  0.00000000e+00  0.00000000e+00 
 5.56400000e-07  0.00000000e+00  0.00000000e+00 
 5.61400000e-07  0.00000000e+00  0.00000000e+00 
 5.66400000e-07  0.00000000e+00  0.00000000e+00 
 5.71400000e-07  0.00000000e+00  0.00000000e+00 
 5.76400000e-07  0.00000000e+00  0.00000000e+00 
 5.81400000e-07  0.00000000e+00  0.00000000e+00 
 5.86400000e-07  0.00000000e+00  0.00000000e+00 
 5.91400000e-07  0.00000000e+00  0.00000000e+00 
 5.96400000e-07  0.00000000e+00  0.00000000e+00 
 6.01400000e-07  0.00000000e+00  0.00000000e+00 
 6.06400000e-07  0.00000000e+00  0.00000000e+00 
 6.11400000e-07  0.00000000e+00  0.00000000e+00 
 6.16400000e-07  0.00000000e+00  0.00000000e+00 
 6.21400000e-07  0.00000000e+00  0.00000000e+00 
 6.26400000e-07  0.00000000e+00  0.00000000e+00 
 6.31400000e-07  0.00000000e+00  0.00000000e+00 
 6.36400000e-07  0.00000000e+00  0.00000000e+00 
 6.41400000e-07  0.00000000e+00  0.00000000e+00 
 6.46400000e-07  0.00000000e+00  0.00000000e+00 
 6.51400000e-07  0.00000000e+00  0.00000000e+00 
 6.56400000e-07  0.00000000e+00  0.00000000e+00 
 6.61400000e-07  0.00000000e+00  0.00000000e+00 
 6.66400000e-07  0.00000000e+00  0.00000000e+00 
 6.71400000e-07  0.00000000e+00  0.00000000e+00 
 6.76400000e-07  0.00000000e+00  0.00000000e+00 
 6.81400000e-07  0.00000000e+00  0.00000000e+00 
 6.86400000e-07  0.00000000e+00  0.00000000e+00 
 6.91400000e-07  0.00000000e+00  0.00000000e+00 
 6.96400000e-07  0.00000000e+00  0.00000000e+00 
 7.01400000e-07  0.00000000e+00  0.00000000e+00 
 7.06400000e-07  0.00000000e+00  0.00000000e+00 
 7.11400000e-07  0.00000000e+00  0.00000000e+00 
 7.16400000e-07  0.00000000e+00  0.00000000e+00 
 7.21400000e-07  0.00000000e+00  0.00000000e+00 
 7.26400000e-07  0.00000000e+00  0.00000000e+00 
 7.31400000e-07  0.00000000e+00  0.00000000e+00 
 7.36400000e-07  0.00000000e+00  0.00000000e+00 
 7.41400000e-07  0.00000000e+00  0.00000000e+00 
 7.46400000e-07  0.00000000e+00  0.00000000e+00 
 7.51400000e-07  0.00000000e+00  0.00000000e+00 
 7.56400000e-07  0.00000000e+00  0.00000000e+00 
 7.61400000e-07  0.00000000e+00  0.00000000e+00 
 7.66400000e-07  0.00000000e+00  0.00000000e+00 
 7.71400000e-07  0.00000000e+00  0.00000000e+00 
 7.76400000e-07  0.00000000e+00  0.00000000e+00 
 7.81400000e-07  0.00000000e+00  0.00000000e+00 
 7.86400000e-07  0.00000000e+00  0.00000000e+00 
 7.91400000e-07  0.00000000e+00  0.00000000e+00 
 7.96400000e-07  0.00000000e+00  0.00000000e+00 
 8.01400000e-07  0.00000000e+00  0.00000000e+00 
 8.06400000e-07  0.00000000e+00  0.00000000e+00 
 8.11400000e-07  0.00000000e+00  0.00000000e+00 
 8.16400000e-07  0.00000000e+00  0.00000000e+00 
 8.21400000e-07  0.00000000e+00  0.00000000e+00 
 8.26400000e-07  0.00000000e+00  0.00000000e+00 
 8.31400000e-07  0.00000000e+00  0.00000000e+00 
 8.36400000e-07  0.00000000e+00  0.00000000e+00 
 8.41400000e-07  0.00000000e+00  0.00000000e+00 
 8.46400000e-07  0.00000000e+00  0.00000000e+00 
 8.51400000e-07  0.00000000e+00  0.00000000e+00 
 8.56400000e-07  0.00000000e+00  0.00000000e+00 
 8.61400000e-07  0.00000000e+00  0.00000000e+00 
 8.66400000e-07  0.00000000e+00  0.00000000e+00 
 8.71400000e-07  0.00000000e+00  0.00000000e+00 
 8.76400000e-07  0.00000000e+00  0.00000000e+00 
 8.81400000e-07  0.00000000e+00  0.00000000e+00 
 8.86400000e-07  0.00000000e+00  0.00000000e+00 
 8.91400000e-07  0.00000000e+00  0.00000000e+00 
 8.96400000e-07  0.00000000e+00  0.00000000e+00 
 9.01400000e-07  0.00000000e+00  0.00000000e+00 
 9.06400000e-07  0.00000000e+00  0.00000000e+00 
 9.11400000e-07  0.00000000e+00  0.00000000e+00 
 9.16400000e-07  0.00000000e+00  0.00000000e+00 
 9.21400000e-07  0.00000000e+00  0.00000000e+00 
 9.26400000e-07  0.00000000e+00  0.00000000e+00 
 9.31400000e-07  0.00000000e+00  0.00000000e+00 
 9.36400000e-07  0.00000000e+00  0.00000000e+00 
 9.41400000e-07  0.00000000e+00  0.00000000e+00 
 9.46400000e-07  0.00000000e+00  0.00000000e+00 
 9.51400000e-07  0.00000000e+00  0.00000000e+00 
 9.56400000e-07  0.00000000e+00  0.00000000e+00 
 9.61400000e-07  0.00000000e+00  0.00000000e+00 
 9.66400000e-07  0.00000000e+00  0.00000000e+00 
 9.71400000e-07  0.00000000e+00  0.00000000e+00 
 9.76400000e-07  0.00000000e+00  0.00000000e+00 
 9.81400000e-07  0.00000000e+00  0.00000000e+00 
 9.86400000e-07  0.00000000e+00  0.00000000e+00 
 9.91400000e-07  0.00000000e+00  0.00000000e+00 
 9.95700000e-07  0.00000000e+00  0.00000000e+00 
 1.00000000e-06  0.00000000e+00  0.00000000e+00 
 1.00006161e-06  6.16061600e-02  3.79508515e-06 
 1.00018482e-06  1.84818480e-01  1.89749582e-05 
 1.00043124e-06  4.31243120e-01  9.48673104e-05 
 1.00071562e-06  7.15621560e-01  2.57888947e-04 
 1.00100000e-06  1.00000000e+00  5.01723829e-04 
 1.00105688e-06  1.00000000e+00  5.58567748e-04 
 1.00117063e-06  1.00000000e+00  6.72249121e-04 
 1.00139813e-06  1.00000000e+00  8.99573076e-04 
 1.00185314e-06  1.00000000e+00  1.35406587e-03 
 1.00276315e-06  1.00000000e+00  2.26243135e-03 
 1.00458317e-06  1.00000000e+00  4.07668470e-03 
 1.00822321e-06  1.00000000e+00  7.69530346e-03 
 1.01322321e-06  1.00000000e+00  1.26444541e-02 
 1.01822321e-06  1.00000000e+00  1.75689206e-02 
 1.02322321e-06  1.00000000e+00  2.24688263e-02 
 1.02822321e-06  1.00000000e+00  2.73442935e-02 
 1.03322321e-06  1.00000000e+00  3.21954441e-02 
 1.03822321e-06  1.00000000e+00  3.70223995e-02 
 1.04322321e-06  1.00000000e+00  4.18252803e-02 
 1.04822321e-06  1.00000000e+00  4.66042066e-02 
 1.05322321e-06  1.00000000e+00  5.13592978e-02 
 1.05822321e-06  1.00000000e+00  5.60906729e-02 
 1.06322321e-06  1.00000000e+00  6.07984501e-02 
 1.06822321e-06  1.00000000e+00  6.54827471e-02 
 1.07322321e-06  1.00000000e+00  7.01436810e-02 
 1.07822321e-06  1.00000000e+00  7.47813684e-02 
 1.08322321e-06  1.00000000e+00  7.93959252e-02 
 1.08822321e-06  1.00000000e+00  8.39874667e-02 
 1.09322321e-06  1.00000000e+00  8.85561078e-02 
 1.09822321e-06  1.00000000e+00  9.31019626e-02 
 1.10322321e-06  1.00000000e+00  9.76251448e-02 
 1.10822321e-06  1.00000000e+00  1.02125768e-01 
 1.11322321e-06  1.00000000e+00  1.06603943e-01 
 1.11822321e-06  1.00000000e+00  1.11059784e-01 
 1.12322321e-06  1.00000000e+00  1.15493401e-01 
 1.12822321e-06  1.00000000e+00  1.19904905e-01 
 1.13322321e-06  1.00000000e+00  1.24294407e-01 
 1.13822321e-06  1.00000000e+00  1.28662016e-01 
 1.14322321e-06  1.00000000e+00  1.33007841e-01 
 1.14822321e-06  1.00000000e+00  1.37331992e-01 
 1.15322321e-06  1.00000000e+00  1.41634575e-01 
 1.15822321e-06  1.00000000e+00  1.45915700e-01 
 1.16322321e-06  1.00000000e+00  1.50175472e-01 
 1.16822321e-06  1.00000000e+00  1.54413998e-01 
 1.17322321e-06  1.00000000e+00  1.58631384e-01 
 1.17822321e-06  1.00000000e+00  1.62827737e-01 
 1.18322321e-06  1.00000000e+00  1.67003159e-01 
 1.18822321e-06  1.00000000e+00  1.71157757e-01 
 1.19322321e-06  1.00000000e+00  1.75291634e-01 
 1.19822321e-06  1.00000000e+00  1.79404892e-01 
 1.20322321e-06  1.00000000e+00  1.83497636e-01 
 1.20822321e-06  1.00000000e+00  1.87569967e-01 
 1.21322321e-06  1.00000000e+00  1.91621987e-01 
 1.21822321e-06  1.00000000e+00  1.95653798e-01 
 1.22322321e-06  1.00000000e+00  1.99665499e-01 
 1.22822321e-06  1.00000000e+00  2.03657193e-01 
 1.23322321e-06  1.00000000e+00  2.07628977e-01 
 1.23822321e-06  1.00000000e+00  2.11580952e-01 
 1.24322321e-06  1.00000000e+00  2.15513217e-01 
 1.24822321e-06  1.00000000e+00  2.19425869e-01 
 1.25322321e-06  1.00000000e+00  2.23319007e-01 
 1.25822321e-06  1.00000000e+00  2.27192728e-01 
 1.26322321e-06  1.00000000e+00  2.31047128e-01 
 1.26822321e-06  1.00000000e+00  2.34882305e-01 
 1.27322321e-06  1.00000000e+00  2.38698353e-01 
 1.27822321e-06  1.00000000e+00  2.42495369e-01 
 1.28322321e-06  1.00000000e+00  2.46273447e-01 
 1.28822321e-06  1.00000000e+00  2.50032681e-01 
 1.29322321e-06  1.00000000e+00  2.53773167e-01 
 1.29822321e-06  1.00000000e+00  2.57494996e-01 
 1.30322321e-06  1.00000000e+00  2.61198263e-01 
 1.30822321e-06  1.00000000e+00  2.64883060e-01 
 1.31322321e-06  1.00000000e+00  2.68549478e-01 
 1.31822321e-06  1.00000000e+00  2.72197611e-01 
 1.32322321e-06  1.00000000e+00  2.75827548e-01 
 1.32822321e-06  1.00000000e+00  2.79439380e-01 
 1.33322321e-06  1.00000000e+00  2.83033199e-01 
 1.33822321e-06  1.00000000e+00  2.86609093e-01 
 1.34322321e-06  1.00000000e+00  2.90167153e-01 
 1.34822321e-06  1.00000000e+00  2.93707466e-01 
 1.35322321e-06  1.00000000e+00  2.97230122e-01 
 1.35822321e-06  1.00000000e+00  3.00735209e-01 
 1.36322321e-06  1.00000000e+00  3.04222814e-01 
 1.36822321e-06  1.00000000e+00  3.07693024e-01 
 1.37322321e-06  1.00000000e+00  3.11145927e-01 
 1.37822321e-06  1.00000000e+00  3.14581608e-01 
 1.38322321e-06  1.00000000e+00  3.18000154e-01 
 1.38822321e-06  1.00000000e+00  3.21401649e-01 
 1.39322321e-06  1.00000000e+00  3.24786180e-01 
 1.39822321e-06  1.00000000e+00  3.28153829e-01 
 1.40322321e-06  1.00000000e+00  3.31504683e-01 
 1.40822321e-06  1.00000000e+00  3.34838824e-01 
 1.41322321e-06  1.00000000e+00  3.38156337e-01 
 1.41822321e-06  1.00000000e+00  3.41457302e-01 
 1.42322321e-06  1.00000000e+00  3.44741805e-01 
 1.42822321e-06  1.00000000e+00  3.48009925e-01 
 1.43322321e-06  1.00000000e+00  3.51261746e-01 
 1.43822321e-06  1.00000000e+00  3.54497348e-01 
 1.44322321e-06  1.00000000e+00  3.57716813e-01 
 1.44822321e-06  1.00000000e+00  3.60920220e-01 
 1.45322321e-06  1.00000000e+00  3.64107651e-01 
 1.45822321e-06  1.00000000e+00  3.67279184e-01 
 1.46322321e-06  1.00000000e+00  3.70434898e-01 
 1.46822321e-06  1.00000000e+00  3.73574874e-01 
 1.47322321e-06  1.00000000e+00  3.76699189e-01 
 1.47822321e-06  1.00000000e+00  3.79807921e-01 
 1.48322321e-06  1.00000000e+00  3.82901148e-01 
 1.48822321e-06  1.00000000e+00  3.85978948e-01 
 1.49322321e-06  1.00000000e+00  3.89041397e-01 
 1.49822321e-06  1.00000000e+00  3.92088572e-01 
 1.50322321e-06  1.00000000e+00  3.95120550e-01 
 1.50822321e-06  1.00000000e+00  3.98137405e-01 
 1.51322321e-06  1.00000000e+00  4.01139213e-01 
 1.51822321e-06  1.00000000e+00  4.04126050e-01 
 1.52322321e-06  1.00000000e+00  4.07097990e-01 
 1.52822321e-06  1.00000000e+00  4.10055107e-01 
 1.53322321e-06  1.00000000e+00  4.12997476e-01 
 1.53822321e-06  1.00000000e+00  4.15925169e-01 
 1.54322321e-06  1.00000000e+00  4.18838261e-01 
 1.54822321e-06  1.00000000e+00  4.21736823e-01 
 1.55322321e-06  1.00000000e+00  4.24620928e-01 
 1.55822321e-06  1.00000000e+00  4.27490649e-01 
 1.56322321e-06  1.00000000e+00  4.30346058e-01 
 1.56822321e-06  1.00000000e+00  4.33187225e-01 
 1.57322321e-06  1.00000000e+00  4.36014221e-01 
 1.57822321e-06  1.00000000e+00  4.38827118e-01 
 1.58322321e-06  1.00000000e+00  4.41625985e-01 
 1.58822321e-06  1.00000000e+00  4.44410893e-01 
 1.59322321e-06  1.00000000e+00  4.47181911e-01 
 1.59822321e-06  1.00000000e+00  4.49939108e-01 
 1.60322321e-06  1.00000000e+00  4.52682554e-01 
 1.60822321e-06  1.00000000e+00  4.55412317e-01 
 1.61322321e-06  1.00000000e+00  4.58128465e-01 
 1.61822321e-06  1.00000000e+00  4.60831066e-01 
 1.62322321e-06  1.00000000e+00  4.63520188e-01 
 1.62822321e-06  1.00000000e+00  4.66195898e-01 
 1.63322321e-06  1.00000000e+00  4.68858262e-01 
 1.63822321e-06  1.00000000e+00  4.71507348e-01 
 1.64322321e-06  1.00000000e+00  4.74143222e-01 
 1.64822321e-06  1.00000000e+00  4.76765949e-01 
 1.65322321e-06  1.00000000e+00  4.79375595e-01 
 1.65822321e-06  1.00000000e+00  4.81972225e-01 
 1.66322321e-06  1.00000000e+00  4.84555905e-01 
 1.66822321e-06  1.00000000e+00  4.87126699e-01 
 1.67322321e-06  1.00000000e+00  4.89684670e-01 
 1.67822321e-06  1.00000000e+00  4.92229884e-01 
 1.68322321e-06  1.00000000e+00  4.94762403e-01 
 1.68822321e-06  1.00000000e+00  4.97282291e-01 
 1.69322321e-06  1.00000000e+00  4.99789612e-01 
 1.69822321e-06  1.00000000e+00  5.02284426e-01 
 1.70322321e-06  1.00000000e+00  5.04766798e-01 
 1.70822321e-06  1.00000000e+00  5.07236789e-01 
 1.71322321e-06  1.00000000e+00  5.09694461e-01 
 1.71822321e-06  1.00000000e+00  5.12139875e-01 
 1.72322321e-06  1.00000000e+00  5.14573093e-01 
 1.72822321e-06  1.00000000e+00  5.16994175e-01 
 1.73322321e-06  1.00000000e+00  5.19403181e-01 
 1.73822321e-06  1.00000000e+00  5.21800173e-01 
 1.74322321e-06  1.00000000e+00  5.24185210e-01 
 1.74822321e-06  1.00000000e+00  5.26558351e-01 
 1.75322321e-06  1.00000000e+00  5.28919656e-01 
 1.75822321e-06  1.00000000e+00  5.31269184e-01 
 1.76322321e-06  1.00000000e+00  5.33606993e-01 
 1.76822321e-06  1.00000000e+00  5.35933143e-01 
 1.77322321e-06  1.00000000e+00  5.38247691e-01 
 1.77822321e-06  1.00000000e+00  5.40550695e-01 
 1.78322321e-06  1.00000000e+00  5.42842213e-01 
 1.78822321e-06  1.00000000e+00  5.45122301e-01 
 1.79322321e-06  1.00000000e+00  5.47391018e-01 
 1.79822321e-06  1.00000000e+00  5.49648419e-01 
 1.80322321e-06  1.00000000e+00  5.51894562e-01 
 1.80822321e-06  1.00000000e+00  5.54129502e-01 
 1.81322321e-06  1.00000000e+00  5.56353295e-01 
 1.81822321e-06  1.00000000e+00  5.58565997e-01 
 1.82322321e-06  1.00000000e+00  5.60767662e-01 
 1.82822321e-06  1.00000000e+00  5.62958347e-01 
 1.83322321e-06  1.00000000e+00  5.65138106e-01 
 1.83822321e-06  1.00000000e+00  5.67306993e-01 
 1.84322321e-06  1.00000000e+00  5.69465063e-01 
 1.84822321e-06  1.00000000e+00  5.71612370e-01 
 1.85322321e-06  1.00000000e+00  5.73748966e-01 
 1.85822321e-06  1.00000000e+00  5.75874907e-01 
 1.86322321e-06  1.00000000e+00  5.77990244e-01 
 1.86822321e-06  1.00000000e+00  5.80095031e-01 
 1.87322321e-06  1.00000000e+00  5.82189320e-01 
 1.87822321e-06  1.00000000e+00  5.84273164e-01 
 1.88322321e-06  1.00000000e+00  5.86346614e-01 
 1.88822321e-06  1.00000000e+00  5.88409723e-01 
 1.89322321e-06  1.00000000e+00  5.90462543e-01 
 1.89822321e-06  1.00000000e+00  5.92505123e-01 
 1.90322321e-06  1.00000000e+00  5.94537517e-01 
 1.90822321e-06  1.00000000e+00  5.96559774e-01 
 1.91322321e-06  1.00000000e+00  5.98571944e-01 
 1.91822321e-06  1.00000000e+00  6.00574079e-01 
 1.92322321e-06  1.00000000e+00  6.02566228e-01 
 1.92822321e-06  1.00000000e+00  6.04548442e-01 
 1.93322321e-06  1.00000000e+00  6.06520769e-01 
 1.93822321e-06  1.00000000e+00  6.08483259e-01 
 1.94322321e-06  1.00000000e+00  6.10435961e-01 
 1.94822321e-06  1.00000000e+00  6.12378923e-01 
 1.95322321e-06  1.00000000e+00  6.14312196e-01 
 1.95822321e-06  1.00000000e+00  6.16235826e-01 
 1.96322321e-06  1.00000000e+00  6.18149861e-01 
 1.96822321e-06  1.00000000e+00  6.20054351e-01 
 1.97322321e-06  1.00000000e+00  6.21949342e-01 
 1.97822321e-06  1.00000000e+00  6.23834881e-01 
 1.98322321e-06  1.00000000e+00  6.25711016e-01 
 1.98822321e-06  1.00000000e+00  6.27577794e-01 
 1.99322321e-06  1.00000000e+00  6.29435262e-01 
 1.99822321e-06  1.00000000e+00  6.31283465e-01 
 2.00322321e-06  1.00000000e+00  6.33122450e-01 
 2.00822321e-06  1.00000000e+00  6.34952263e-01 
 2.01322321e-06  1.00000000e+00  6.36772950e-01 
 2.01822321e-06  1.00000000e+00  6.38584556e-01 
 2.02322321e-06  1.00000000e+00  6.40387127e-01 
 2.02822321e-06  1.00000000e+00  6.42180708e-01 
 2.03322321e-06  1.00000000e+00  6.43965343e-01 
 2.03822321e-06  1.00000000e+00  6.45741077e-01 
 2.04322321e-06  1.00000000e+00  6.47507954e-01 
 2.04822321e-06  1.00000000e+00  6.49266019e-01 
 2.05322321e-06  1.00000000e+00  6.51015316e-01 
 2.05822321e-06  1.00000000e+00  6.52755888e-01 
 2.06322321e-06  1.00000000e+00  6.54487778e-01 
 2.06822321e-06  1.00000000e+00  6.56211031e-01 
 2.07322321e-06  1.00000000e+00  6.57925690e-01 
 2.07822321e-06  1.00000000e+00  6.59631796e-01 
 2.08322321e-06  1.00000000e+00  6.61329393e-01 
 2.08822321e-06  1.00000000e+00  6.63018523e-01 
 2.09322321e-06  1.00000000e+00  6.64699229e-01 
 2.09822321e-06  1.00000000e+00  6.66371552e-01 
 2.10322321e-06  1.00000000e+00  6.68035534e-01 
 2.10822321e-06  1.00000000e+00  6.69691217e-01 
 2.11322321e-06  1.00000000e+00  6.71338643e-01 
 2.11822321e-06  1.00000000e+00  6.72977851e-01 
 2.12322321e-06  1.00000000e+00  6.74608885e-01 
 2.12822321e-06  1.00000000e+00  6.76231783e-01 
 2.13322321e-06  1.00000000e+00  6.77846587e-01 
 2.13822321e-06  1.00000000e+00  6.79453337e-01 
 2.14322321e-06  1.00000000e+00  6.81052074e-01 
 2.14822321e-06  1.00000000e+00  6.82642836e-01 
 2.15322321e-06  1.00000000e+00  6.84225665e-01 
 2.15822321e-06  1.00000000e+00  6.85800599e-01 
 2.16322321e-06  1.00000000e+00  6.87367679e-01 
 2.16822321e-06  1.00000000e+00  6.88926942e-01 
 2.17322321e-06  1.00000000e+00  6.90478429e-01 
 2.17822321e-06  1.00000000e+00  6.92022177e-01 
 2.18322321e-06  1.00000000e+00  6.93558226e-01 
 2.18822321e-06  1.00000000e+00  6.95086614e-01 
 2.19322321e-06  1.00000000e+00  6.96607379e-01 
 2.19822321e-06  1.00000000e+00  6.98120559e-01 
 2.20322321e-06  1.00000000e+00  6.99626192e-01 
 2.20822321e-06  1.00000000e+00  7.01124316e-01 
 2.21322321e-06  1.00000000e+00  7.02614968e-01 
 2.21822321e-06  1.00000000e+00  7.04098185e-01 
 2.22322321e-06  1.00000000e+00  7.05574005e-01 
 2.22822321e-06  1.00000000e+00  7.07042463e-01 
 2.23322321e-06  1.00000000e+00  7.08503598e-01 
 2.23822321e-06  1.00000000e+00  7.09957446e-01 
 2.24322321e-06  1.00000000e+00  7.11404042e-01 
 2.24822321e-06  1.00000000e+00  7.12843423e-01 
 2.25322321e-06  1.00000000e+00  7.14275626e-01 
 2.25822321e-06  1.00000000e+00  7.15700685e-01 
 2.26322321e-06  1.00000000e+00  7.17118637e-01 
 2.26822321e-06  1.00000000e+00  7.18529516e-01 
 2.27322321e-06  1.00000000e+00  7.19933359e-01 
 2.27822321e-06  1.00000000e+00  7.21330200e-01 
 2.28322321e-06  1.00000000e+00  7.22720074e-01 
 2.28822321e-06  1.00000000e+00  7.24103017e-01 
 2.29322321e-06  1.00000000e+00  7.25479061e-01 
 2.29822321e-06  1.00000000e+00  7.26848243e-01 
 2.30322321e-06  1.00000000e+00  7.28210596e-01 
 2.30822321e-06  1.00000000e+00  7.29566154e-01 
 2.31322321e-06  1.00000000e+00  7.30914951e-01 
 2.31822321e-06  1.00000000e+00  7.32257022e-01 
 2.32322321e-06  1.00000000e+00  7.33592398e-01 
 2.32822321e-06  1.00000000e+00  7.34921114e-01 
 2.33322321e-06  1.00000000e+00  7.36243203e-01 
 2.33822321e-06  1.00000000e+00  7.37558699e-01 
 2.34322321e-06  1.00000000e+00  7.38867633e-01 
 2.34822321e-06  1.00000000e+00  7.40170039e-01 
 2.35322321e-06  1.00000000e+00  7.41465949e-01 
 2.35822321e-06  1.00000000e+00  7.42755395e-01 
 2.36322321e-06  1.00000000e+00  7.44038411e-01 
 2.36822321e-06  1.00000000e+00  7.45315027e-01 
 2.37322321e-06  1.00000000e+00  7.46585276e-01 
 2.37822321e-06  1.00000000e+00  7.47849190e-01 
 2.38322321e-06  1.00000000e+00  7.49106800e-01 
 2.38822321e-06  1.00000000e+00  7.50358138e-01 
 2.39322321e-06  1.00000000e+00  7.51603235e-01 
 2.39822321e-06  1.00000000e+00  7.52842121e-01 
 2.40322321e-06  1.00000000e+00  7.54074829e-01 
 2.40822321e-06  1.00000000e+00  7.55301388e-01 
 2.41322321e-06  1.00000000e+00  7.56521830e-01 
 2.41822321e-06  1.00000000e+00  7.57736185e-01 
 2.42322321e-06  1.00000000e+00  7.58944483e-01 
 2.42822321e-06  1.00000000e+00  7.60146755e-01 
 2.43322321e-06  1.00000000e+00  7.61343031e-01 
 2.43822321e-06  1.00000000e+00  7.62533340e-01 
 2.44322321e-06  1.00000000e+00  7.63717712e-01 
 2.44822321e-06  1.00000000e+00  7.64896178e-01 
 2.45322321e-06  1.00000000e+00  7.66068765e-01 
 2.45822321e-06  1.00000000e+00  7.67235505e-01 
 2.46322321e-06  1.00000000e+00  7.68396425e-01 
 2.46822321e-06  1.00000000e+00  7.69551555e-01 
 2.47322321e-06  1.00000000e+00  7.70700924e-01 
 2.47822321e-06  1.00000000e+00  7.71844560e-01 
 2.48322321e-06  1.00000000e+00  7.72982492e-01 
 2.48822321e-06  1.00000000e+00  7.74114749e-01 
 2.49322321e-06  1.00000000e+00  7.75241359e-01 
 2.49822321e-06  1.00000000e+00  7.76362350e-01 
 2.50322321e-06  1.00000000e+00  7.77477749e-01 
 2.50822321e-06  1.00000000e+00  7.78587586e-01 
 2.51322321e-06  1.00000000e+00  7.79691887e-01 
 2.51822321e-06  1.00000000e+00  7.80790681e-01 
 2.52322321e-06  1.00000000e+00  7.81883994e-01 
 2.52822321e-06  1.00000000e+00  7.82971855e-01 
 2.53322321e-06  1.00000000e+00  7.84054289e-01 
 2.53822321e-06  1.00000000e+00  7.85131325e-01 
 2.54322321e-06  1.00000000e+00  7.86202989e-01 
 2.54822321e-06  1.00000000e+00  7.87269309e-01 
 2.55322321e-06  1.00000000e+00  7.88330310e-01 
 2.55822321e-06  1.00000000e+00  7.89386019e-01 
 2.56322321e-06  1.00000000e+00  7.90436463e-01 
 2.56822321e-06  1.00000000e+00  7.91481667e-01 
 2.57322321e-06  1.00000000e+00  7.92521659e-01 
 2.57822321e-06  1.00000000e+00  7.93556464e-01 
 2.58322321e-06  1.00000000e+00  7.94586107e-01 
 2.58822321e-06  1.00000000e+00  7.95610615e-01 
 2.59322321e-06  1.00000000e+00  7.96630014e-01 
 2.59822321e-06  1.00000000e+00  7.97644328e-01 
 2.60322321e-06  1.00000000e+00  7.98653583e-01 
 2.60822321e-06  1.00000000e+00  7.99657805e-01 
 2.61322321e-06  1.00000000e+00  8.00657018e-01 
 2.61822321e-06  1.00000000e+00  8.01651247e-01 
 2.62322321e-06  1.00000000e+00  8.02640518e-01 
 2.62822321e-06  1.00000000e+00  8.03624854e-01 
 2.63322321e-06  1.00000000e+00  8.04604281e-01 
 2.63822321e-06  1.00000000e+00  8.05578824e-01 
 2.64322321e-06  1.00000000e+00  8.06548505e-01 
 2.64822321e-06  1.00000000e+00  8.07513351e-01 
 2.65322321e-06  1.00000000e+00  8.08473384e-01 
 2.65822321e-06  1.00000000e+00  8.09428629e-01 
 2.66322321e-06  1.00000000e+00  8.10379109e-01 
 2.66822321e-06  1.00000000e+00  8.11324850e-01 
 2.67322321e-06  1.00000000e+00  8.12265873e-01 
 2.67822321e-06  1.00000000e+00  8.13202203e-01 
 2.68322321e-06  1.00000000e+00  8.14133862e-01 
 2.68822321e-06  1.00000000e+00  8.15060876e-01 
 2.69322321e-06  1.00000000e+00  8.15983265e-01 
 2.69822321e-06  1.00000000e+00  8.16901054e-01 
 2.70322321e-06  1.00000000e+00  8.17814266e-01 
 2.70822321e-06  1.00000000e+00  8.18722923e-01 
 2.71322321e-06  1.00000000e+00  8.19627048e-01 
 2.71822321e-06  1.00000000e+00  8.20526664e-01 
 2.72322321e-06  1.00000000e+00  8.21421793e-01 
 2.72822321e-06  1.00000000e+00  8.22312457e-01 
 2.73322321e-06  1.00000000e+00  8.23198679e-01 
 2.73822321e-06  1.00000000e+00  8.24080481e-01 
 2.74322321e-06  1.00000000e+00  8.24957885e-01 
 2.74822321e-06  1.00000000e+00  8.25830913e-01 
 2.75322321e-06  1.00000000e+00  8.26699587e-01 
 2.75822321e-06  1.00000000e+00  8.27563928e-01 
 2.76322321e-06  1.00000000e+00  8.28423959e-01 
 2.76822321e-06  1.00000000e+00  8.29279700e-01 
 2.77322321e-06  1.00000000e+00  8.30131172e-01 
 2.77822321e-06  1.00000000e+00  8.30978398e-01 
 2.78322321e-06  1.00000000e+00  8.31821399e-01 
 2.78822321e-06  1.00000000e+00  8.32660195e-01 
 2.79322321e-06  1.00000000e+00  8.33494807e-01 
 2.79822321e-06  1.00000000e+00  8.34325257e-01 
 2.80322321e-06  1.00000000e+00  8.35151565e-01 
 2.80822321e-06  1.00000000e+00  8.35973752e-01 
 2.81322321e-06  1.00000000e+00  8.36791838e-01 
 2.81822321e-06  1.00000000e+00  8.37605844e-01 
 2.82322321e-06  1.00000000e+00  8.38415790e-01 
 2.82822321e-06  1.00000000e+00  8.39221696e-01 
 2.83322321e-06  1.00000000e+00  8.40023583e-01 
 2.83822321e-06  1.00000000e+00  8.40821470e-01 
 2.84322321e-06  1.00000000e+00  8.41615378e-01 
 2.84822321e-06  1.00000000e+00  8.42405326e-01 
 2.85322321e-06  1.00000000e+00  8.43191335e-01 
 2.85822321e-06  1.00000000e+00  8.43973423e-01 
 2.86322321e-06  1.00000000e+00  8.44751610e-01 
 2.86822321e-06  1.00000000e+00  8.45525916e-01 
 2.87322321e-06  1.00000000e+00  8.46296361e-01 
 2.87822321e-06  1.00000000e+00  8.47062962e-01 
 2.88322321e-06  1.00000000e+00  8.47825741e-01 
 2.88822321e-06  1.00000000e+00  8.48584714e-01 
 2.89322321e-06  1.00000000e+00  8.49339903e-01 
 2.89822321e-06  1.00000000e+00  8.50091325e-01 
 2.90322321e-06  1.00000000e+00  8.50838999e-01 
 2.90822321e-06  1.00000000e+00  8.51582944e-01 
 2.91322321e-06  1.00000000e+00  8.52323179e-01 
 2.91822321e-06  1.00000000e+00  8.53059722e-01 
 2.92322321e-06  1.00000000e+00  8.53792591e-01 
 2.92822321e-06  1.00000000e+00  8.54521805e-01 
 2.93322321e-06  1.00000000e+00  8.55247382e-01 
 2.93822321e-06  1.00000000e+00  8.55969340e-01 
 2.94322321e-06  1.00000000e+00  8.56687697e-01 
 2.94822321e-06  1.00000000e+00  8.57402472e-01 
 2.95322321e-06  1.00000000e+00  8.58113682e-01 
 2.95822321e-06  1.00000000e+00  8.58821344e-01 
 2.96322321e-06  1.00000000e+00  8.59525477e-01 
 2.96822321e-06  1.00000000e+00  8.60226098e-01 
 2.97322321e-06  1.00000000e+00  8.60923225e-01 
 2.97822321e-06  1.00000000e+00  8.61616875e-01 
 2.98322321e-06  1.00000000e+00  8.62307065e-01 
 2.98822321e-06  1.00000000e+00  8.62993813e-01 
 2.99322321e-06  1.00000000e+00  8.63677135e-01 
 2.99822321e-06  1.00000000e+00  8.64357050e-01 
 3.00322321e-06  1.00000000e+00  8.65033573e-01 
 3.00822321e-06  1.00000000e+00  8.65706722e-01 
 3.01322321e-06  1.00000000e+00  8.66376514e-01 
 3.01822321e-06  1.00000000e+00  8.67042966e-01 
 3.02322321e-06  1.00000000e+00  8.67706093e-01 
 3.02822321e-06  1.00000000e+00  8.68365913e-01 
 3.03322321e-06  1.00000000e+00  8.69022442e-01 
 3.03822321e-06  1.00000000e+00  8.69675697e-01 
 3.04322321e-06  1.00000000e+00  8.70325693e-01 
 3.04822321e-06  1.00000000e+00  8.70972448e-01 
 3.05322321e-06  1.00000000e+00  8.71615977e-01 
 3.05822321e-06  1.00000000e+00  8.72256296e-01 
 3.06322321e-06  1.00000000e+00  8.72893422e-01 
 3.06822321e-06  1.00000000e+00  8.73527370e-01 
 3.07322321e-06  1.00000000e+00  8.74158156e-01 
 3.07822321e-06  1.00000000e+00  8.74785796e-01 
 3.08322321e-06  1.00000000e+00  8.75410306e-01 
 3.08822321e-06  1.00000000e+00  8.76031701e-01 
 3.09322321e-06  1.00000000e+00  8.76649997e-01 
 3.09822321e-06  1.00000000e+00  8.77265209e-01 
 3.10322321e-06  1.00000000e+00  8.77877352e-01 
 3.10822321e-06  1.00000000e+00  8.78486443e-01 
 3.11322321e-06  1.00000000e+00  8.79092495e-01 
 3.11822321e-06  1.00000000e+00  8.79695525e-01 
 3.12322321e-06  1.00000000e+00  8.80295548e-01 
 3.12822321e-06  1.00000000e+00  8.80892577e-01 
 3.13322321e-06  1.00000000e+00  8.81486629e-01 
 3.13822321e-06  1.00000000e+00  8.82077718e-01 
 3.14322321e-06  1.00000000e+00  8.82665860e-01 
 3.14822321e-06  1.00000000e+00  8.83251067e-01 
 3.15322321e-06  1.00000000e+00  8.83833356e-01 
 3.15822321e-06  1.00000000e+00  8.84412741e-01 
 3.16322321e-06  1.00000000e+00  8.84989236e-01 
 3.16822321e-06  1.00000000e+00  8.85562856e-01 
 3.17322321e-06  1.00000000e+00  8.86133615e-01 
 3.17822321e-06  1.00000000e+00  8.86701527e-01 
 3.18322321e-06  1.00000000e+00  8.87266606e-01 
 3.18822321e-06  1.00000000e+00  8.87828868e-01 
 3.19322321e-06  1.00000000e+00  8.88388325e-01 
 3.19822321e-06  1.00000000e+00  8.88944991e-01 
 3.20322321e-06  1.00000000e+00  8.89498882e-01 
 3.20822321e-06  1.00000000e+00  8.90050010e-01 
 3.21322321e-06  1.00000000e+00  8.90598389e-01 
 3.21822321e-06  1.00000000e+00  8.91144032e-01 
 3.22322321e-06  1.00000000e+00  8.91686955e-01 
 3.22822321e-06  1.00000000e+00  8.92227170e-01 
 3.23322321e-06  1.00000000e+00  8.92764690e-01 
 3.23822321e-06  1.00000000e+00  8.93299529e-01 
 3.24322321e-06  1.00000000e+00  8.93831701e-01 
 3.24822321e-06  1.00000000e+00  8.94361219e-01 
 3.25322321e-06  1.00000000e+00  8.94888096e-01 
 3.25822321e-06  1.00000000e+00  8.95412345e-01 
 3.26322321e-06  1.00000000e+00  8.95933979e-01 
 3.26822321e-06  1.00000000e+00  8.96453011e-01 
 3.27322321e-06  1.00000000e+00  8.96969455e-01 
 3.27822321e-06  1.00000000e+00  8.97483323e-01 
 3.28322321e-06  1.00000000e+00  8.97994628e-01 
 3.28822321e-06  1.00000000e+00  8.98503383e-01 
 3.29322321e-06  1.00000000e+00  8.99009601e-01 
 3.29822321e-06  1.00000000e+00  8.99513294e-01 
 3.30322321e-06  1.00000000e+00  9.00014474e-01 
 3.30822321e-06  1.00000000e+00  9.00513155e-01 
 3.31322321e-06  1.00000000e+00  9.01009349e-01 
 3.31822321e-06  1.00000000e+00  9.01503068e-01 
 3.32322321e-06  1.00000000e+00  9.01994324e-01 
 3.32822321e-06  1.00000000e+00  9.02483131e-01 
 3.33322321e-06  1.00000000e+00  9.02969499e-01 
 3.33822321e-06  1.00000000e+00  9.03453442e-01 
 3.34322321e-06  1.00000000e+00  9.03934971e-01 
 3.34822321e-06  1.00000000e+00  9.04414098e-01 
 3.35322321e-06  1.00000000e+00  9.04890836e-01 
 3.35822321e-06  1.00000000e+00  9.05365196e-01 
 3.36322321e-06  1.00000000e+00  9.05837190e-01 
 3.36822321e-06  1.00000000e+00  9.06306830e-01 
 3.37322321e-06  1.00000000e+00  9.06774127e-01 
 3.37822321e-06  1.00000000e+00  9.07239094e-01 
 3.38322321e-06  1.00000000e+00  9.07701742e-01 
 3.38822321e-06  1.00000000e+00  9.08162083e-01 
 3.39322321e-06  1.00000000e+00  9.08620127e-01 
 3.39822321e-06  1.00000000e+00  9.09075887e-01 
 3.40322321e-06  1.00000000e+00  9.09529374e-01 
 3.40822321e-06  1.00000000e+00  9.09980599e-01 
 3.41322321e-06  1.00000000e+00  9.10429574e-01 
 3.41822321e-06  1.00000000e+00  9.10876309e-01 
 3.42322321e-06  1.00000000e+00  9.11320816e-01 
 3.42822321e-06  1.00000000e+00  9.11763106e-01 
 3.43322321e-06  1.00000000e+00  9.12203190e-01 
 3.43822321e-06  1.00000000e+00  9.12641080e-01 
 3.44322321e-06  1.00000000e+00  9.13076785e-01 
 3.44822321e-06  1.00000000e+00  9.13510317e-01 
 3.45322321e-06  1.00000000e+00  9.13941687e-01 
 3.45822321e-06  1.00000000e+00  9.14370906e-01 
 3.46322321e-06  1.00000000e+00  9.14797984e-01 
 3.46822321e-06  1.00000000e+00  9.15222931e-01 
 3.47322321e-06  1.00000000e+00  9.15645760e-01 
 3.47822321e-06  1.00000000e+00  9.16066479e-01 
 3.48322321e-06  1.00000000e+00  9.16485100e-01 
 3.48822321e-06  1.00000000e+00  9.16901633e-01 
 3.49322321e-06  1.00000000e+00  9.17316089e-01 
 3.49822321e-06  1.00000000e+00  9.17728478e-01 
 3.50322321e-06  1.00000000e+00  9.18138809e-01 
 3.50822321e-06  1.00000000e+00  9.18547095e-01 
 3.51322321e-06  1.00000000e+00  9.18953343e-01 
 3.51822321e-06  1.00000000e+00  9.19357566e-01 
 3.52322321e-06  1.00000000e+00  9.19759773e-01 
 3.52822321e-06  1.00000000e+00  9.20159974e-01 
 3.53322321e-06  1.00000000e+00  9.20558178e-01 
 3.53822321e-06  1.00000000e+00  9.20954397e-01 
 3.54322321e-06  1.00000000e+00  9.21348639e-01 
 3.54822321e-06  1.00000000e+00  9.21740915e-01 
 3.55322321e-06  1.00000000e+00  9.22131235e-01 
 3.55822321e-06  1.00000000e+00  9.22519608e-01 
 3.56322321e-06  1.00000000e+00  9.22906044e-01 
 3.56822321e-06  1.00000000e+00  9.23290552e-01 
 3.57322321e-06  1.00000000e+00  9.23673143e-01 
 3.57822321e-06  1.00000000e+00  9.24053825e-01 
 3.58322321e-06  1.00000000e+00  9.24432609e-01 
 3.58822321e-06  1.00000000e+00  9.24809504e-01 
 3.59322321e-06  1.00000000e+00  9.25184519e-01 
 3.59822321e-06  1.00000000e+00  9.25557664e-01 
 3.60322321e-06  1.00000000e+00  9.25928947e-01 
 3.60822321e-06  1.00000000e+00  9.26298379e-01 
 3.61322321e-06  1.00000000e+00  9.26665968e-01 
 3.61822321e-06  1.00000000e+00  9.27031724e-01 
 3.62322321e-06  1.00000000e+00  9.27395655e-01 
 3.62822321e-06  1.00000000e+00  9.27757772e-01 
 3.63322321e-06  1.00000000e+00  9.28118082e-01 
 3.63822321e-06  1.00000000e+00  9.28476595e-01 
 3.64322321e-06  1.00000000e+00  9.28833321e-01 
 3.64822321e-06  1.00000000e+00  9.29188267e-01 
 3.65322321e-06  1.00000000e+00  9.29541442e-01 
 3.65822321e-06  1.00000000e+00  9.29892857e-01 
 3.66322321e-06  1.00000000e+00  9.30242518e-01 
 3.66822321e-06  1.00000000e+00  9.30590436e-01 
 3.67322321e-06  1.00000000e+00  9.30936618e-01 
 3.67822321e-06  1.00000000e+00  9.31281074e-01 
 3.68322321e-06  1.00000000e+00  9.31623812e-01 
 3.68822321e-06  1.00000000e+00  9.31964840e-01 
 3.69322321e-06  1.00000000e+00  9.32304167e-01 
 3.69822321e-06  1.00000000e+00  9.32641803e-01 
 3.70322321e-06  1.00000000e+00  9.32977754e-01 
 3.70822321e-06  1.00000000e+00  9.33312029e-01 
 3.71322321e-06  1.00000000e+00  9.33644638e-01 
 3.71822321e-06  1.00000000e+00  9.33975587e-01 
 3.72322321e-06  1.00000000e+00  9.34304886e-01 
 3.72822321e-06  1.00000000e+00  9.34632542e-01 
 3.73322321e-06  1.00000000e+00  9.34958564e-01 
 3.73822321e-06  1.00000000e+00  9.35282961e-01 
 3.74322321e-06  1.00000000e+00  9.35605739e-01 
 3.74822321e-06  1.00000000e+00  9.35926907e-01 
 3.75322321e-06  1.00000000e+00  9.36246474e-01 
 3.75822321e-06  1.00000000e+00  9.36564447e-01 
 3.76322321e-06  1.00000000e+00  9.36880833e-01 
 3.76822321e-06  1.00000000e+00  9.37195642e-01 
 3.77322321e-06  1.00000000e+00  9.37508881e-01 
 3.77822321e-06  1.00000000e+00  9.37820557e-01 
 3.78322321e-06  1.00000000e+00  9.38130679e-01 
 3.78822321e-06  1.00000000e+00  9.38439254e-01 
 3.79322321e-06  1.00000000e+00  9.38746290e-01 
 3.79822321e-06  1.00000000e+00  9.39051795e-01 
 3.80322321e-06  1.00000000e+00  9.39355776e-01 
 3.80822321e-06  1.00000000e+00  9.39658241e-01 
 3.81322321e-06  1.00000000e+00  9.39959198e-01 
 3.81822321e-06  1.00000000e+00  9.40258653e-01 
 3.82322321e-06  1.00000000e+00  9.40556615e-01 
 3.82822321e-06  1.00000000e+00  9.40853091e-01 
 3.83322321e-06  1.00000000e+00  9.41148088e-01 
 3.83822321e-06  1.00000000e+00  9.41441613e-01 
 3.84322321e-06  1.00000000e+00  9.41733675e-01 
 3.84822321e-06  1.00000000e+00  9.42024280e-01 
 3.85322321e-06  1.00000000e+00  9.42313436e-01 
 3.85822321e-06  1.00000000e+00  9.42601150e-01 
 3.86322321e-06  1.00000000e+00  9.42887428e-01 
 3.86822321e-06  1.00000000e+00  9.43172279e-01 
 3.87322321e-06  1.00000000e+00  9.43455709e-01 
 3.87822321e-06  1.00000000e+00  9.43737725e-01 
 3.88322321e-06  1.00000000e+00  9.44018335e-01 
 3.88822321e-06  1.00000000e+00  9.44297545e-01 
 3.89322321e-06  1.00000000e+00  9.44575363e-01 
 3.89822321e-06  1.00000000e+00  9.44851795e-01 
 3.90322321e-06  1.00000000e+00  9.45126849e-01 
 3.90822321e-06  1.00000000e+00  9.45400530e-01 
 3.91322321e-06  1.00000000e+00  9.45672847e-01 
 3.91822321e-06  1.00000000e+00  9.45943805e-01 
 3.92322321e-06  1.00000000e+00  9.46213412e-01 
 3.92822321e-06  1.00000000e+00  9.46481674e-01 
 3.93322321e-06  1.00000000e+00  9.46748599e-01 
 3.93822321e-06  1.00000000e+00  9.47014192e-01 
 3.94322321e-06  1.00000000e+00  9.47278460e-01 
 3.94822321e-06  1.00000000e+00  9.47541410e-01 
 3.95322321e-06  1.00000000e+00  9.47803049e-01 
 3.95822321e-06  1.00000000e+00  9.48063383e-01 
 3.96322321e-06  1.00000000e+00  9.48322419e-01 
 3.96822321e-06  1.00000000e+00  9.48580162e-01 
 3.97322321e-06  1.00000000e+00  9.48836620e-01 
 3.97822321e-06  1.00000000e+00  9.49091799e-01 
 3.98322321e-06  1.00000000e+00  9.49345705e-01 
 3.98822321e-06  1.00000000e+00  9.49598345e-01 
 3.99322321e-06  1.00000000e+00  9.49849725e-01 
 3.99822321e-06  1.00000000e+00  9.50099851e-01 
 4.00322321e-06  1.00000000e+00  9.50348730e-01 
 4.00822321e-06  1.00000000e+00  9.50596367e-01 
 4.01322321e-06  1.00000000e+00  9.50842769e-01 
 4.01822321e-06  1.00000000e+00  9.51087942e-01 
 4.02322321e-06  1.00000000e+00  9.51331893e-01 
 4.02822321e-06  1.00000000e+00  9.51574627e-01 
 4.03322321e-06  1.00000000e+00  9.51816150e-01 
 4.03822321e-06  1.00000000e+00  9.52056468e-01 
 4.04322321e-06  1.00000000e+00  9.52295588e-01 
 4.04822321e-06  1.00000000e+00  9.52533515e-01 
 4.05322321e-06  1.00000000e+00  9.52770256e-01 
 4.05822321e-06  1.00000000e+00  9.53005816e-01 
 4.06322321e-06  1.00000000e+00  9.53240200e-01 
 4.06822321e-06  1.00000000e+00  9.53473416e-01 
 4.07322321e-06  1.00000000e+00  9.53705469e-01 
 4.07822321e-06  1.00000000e+00  9.53936365e-01 
 4.08322321e-06  1.00000000e+00  9.54166108e-01 
 4.08822321e-06  1.00000000e+00  9.54394706e-01 
 4.09322321e-06  1.00000000e+00  9.54622164e-01 
 4.09822321e-06  1.00000000e+00  9.54848488e-01 
 4.10322321e-06  1.00000000e+00  9.55073682e-01 
 4.10822321e-06  1.00000000e+00  9.55297754e-01 
 4.11322321e-06  1.00000000e+00  9.55520707e-01 
 4.11822321e-06  1.00000000e+00  9.55742549e-01 
 4.12322321e-06  1.00000000e+00  9.55963285e-01 
 4.12822321e-06  1.00000000e+00  9.56182919e-01 
 4.13322321e-06  1.00000000e+00  9.56401458e-01 
 4.13822321e-06  1.00000000e+00  9.56618907e-01 
 4.14322321e-06  1.00000000e+00  9.56835272e-01 
 4.14822321e-06  1.00000000e+00  9.57050557e-01 
 4.15322321e-06  1.00000000e+00  9.57264769e-01 
 4.15822321e-06  1.00000000e+00  9.57477912e-01 
 4.16322321e-06  1.00000000e+00  9.57689993e-01 
 4.16822321e-06  1.00000000e+00  9.57901015e-01 
 4.17322321e-06  1.00000000e+00  9.58110985e-01 
 4.17822321e-06  1.00000000e+00  9.58319908e-01 
 4.18322321e-06  1.00000000e+00  9.58527789e-01 
 4.18822321e-06  1.00000000e+00  9.58734632e-01 
 4.19322321e-06  1.00000000e+00  9.58940445e-01 
 4.19822321e-06  1.00000000e+00  9.59145231e-01 
 4.20322321e-06  1.00000000e+00  9.59348995e-01 
 4.20822321e-06  1.00000000e+00  9.59551743e-01 
 4.21322321e-06  1.00000000e+00  9.59753480e-01 
 4.21822321e-06  1.00000000e+00  9.59954211e-01 
 4.22322321e-06  1.00000000e+00  9.60153941e-01 
 4.22822321e-06  1.00000000e+00  9.60352674e-01 
 4.23322321e-06  1.00000000e+00  9.60550416e-01 
 4.23822321e-06  1.00000000e+00  9.60747172e-01 
 4.24322321e-06  1.00000000e+00  9.60942947e-01 
 4.24822321e-06  1.00000000e+00  9.61137745e-01 
 4.25322321e-06  1.00000000e+00  9.61331572e-01 
 4.25822321e-06  1.00000000e+00  9.61524432e-01 
 4.26322321e-06  1.00000000e+00  9.61716330e-01 
 4.26822321e-06  1.00000000e+00  9.61907271e-01 
 4.27322321e-06  1.00000000e+00  9.62097260e-01 
 4.27822321e-06  1.00000000e+00  9.62286301e-01 
 4.28322321e-06  1.00000000e+00  9.62474399e-01 
 4.28822321e-06  1.00000000e+00  9.62661559e-01 
 4.29322321e-06  1.00000000e+00  9.62847786e-01 
 4.29822321e-06  1.00000000e+00  9.63033084e-01 
 4.30322321e-06  1.00000000e+00  9.63217457e-01 
 4.30822321e-06  1.00000000e+00  9.63400911e-01 
 4.31322321e-06  1.00000000e+00  9.63583450e-01 
 4.31822321e-06  1.00000000e+00  9.63765079e-01 
 4.32322321e-06  1.00000000e+00  9.63945802e-01 
 4.32822321e-06  1.00000000e+00  9.64125623e-01 
 4.33322321e-06  1.00000000e+00  9.64304548e-01 
 4.33822321e-06  1.00000000e+00  9.64482580e-01 
 4.34322321e-06  1.00000000e+00  9.64659724e-01 
 4.34822321e-06  1.00000000e+00  9.64835985e-01 
 4.35322321e-06  1.00000000e+00  9.65011367e-01 
 4.35822321e-06  1.00000000e+00  9.65185874e-01 
 4.36322321e-06  1.00000000e+00  9.65359510e-01 
 4.36822321e-06  1.00000000e+00  9.65532281e-01 
 4.37322321e-06  1.00000000e+00  9.65704190e-01 
 4.37822321e-06  1.00000000e+00  9.65875241e-01 
 4.38322321e-06  1.00000000e+00  9.66045439e-01 
 4.38822321e-06  1.00000000e+00  9.66214789e-01 
 4.39322321e-06  1.00000000e+00  9.66383293e-01 
 4.39822321e-06  1.00000000e+00  9.66550958e-01 
 4.40322321e-06  1.00000000e+00  9.66717786e-01 
 4.40822321e-06  1.00000000e+00  9.66883782e-01 
 4.41322321e-06  1.00000000e+00  9.67048950e-01 
 4.41822321e-06  1.00000000e+00  9.67213295e-01 
 4.42322321e-06  1.00000000e+00  9.67376819e-01 
 4.42822321e-06  1.00000000e+00  9.67539528e-01 
 4.43322321e-06  1.00000000e+00  9.67701426e-01 
 4.43822321e-06  1.00000000e+00  9.67862516e-01 
 4.44322321e-06  1.00000000e+00  9.68022803e-01 
 4.44822321e-06  1.00000000e+00  9.68182290e-01 
 4.45322321e-06  1.00000000e+00  9.68340982e-01 
 4.45822321e-06  1.00000000e+00  9.68498882e-01 
 4.46322321e-06  1.00000000e+00  9.68655995e-01 
 4.46822321e-06  1.00000000e+00  9.68812324e-01 
 4.47322321e-06  1.00000000e+00  9.68967874e-01 
 4.47822321e-06  1.00000000e+00  9.69122648e-01 
 4.48322321e-06  1.00000000e+00  9.69276649e-01 
 4.48822321e-06  1.00000000e+00  9.69429883e-01 
 4.49322321e-06  1.00000000e+00  9.69582352e-01 
 4.49822321e-06  1.00000000e+00  9.69734061e-01 
 4.50322321e-06  1.00000000e+00  9.69885014e-01 
 4.50822321e-06  1.00000000e+00  9.70035213e-01 
 4.51322321e-06  1.00000000e+00  9.70184663e-01 
 4.51822321e-06  1.00000000e+00  9.70333368e-01 
 4.52322321e-06  1.00000000e+00  9.70481332e-01 
 4.52822321e-06  1.00000000e+00  9.70628557e-01 
 4.53322321e-06  1.00000000e+00  9.70775048e-01 
 4.53822321e-06  1.00000000e+00  9.70920808e-01 
 4.54322321e-06  1.00000000e+00  9.71065842e-01 
 4.54822321e-06  1.00000000e+00  9.71210152e-01 
 4.55322321e-06  1.00000000e+00  9.71353742e-01 
 4.55822321e-06  1.00000000e+00  9.71496616e-01 
 4.56322321e-06  1.00000000e+00  9.71638777e-01 
 4.56822321e-06  1.00000000e+00  9.71780230e-01 
 4.57322321e-06  1.00000000e+00  9.71920977e-01 
 4.57822321e-06  1.00000000e+00  9.72061022e-01 
 4.58322321e-06  1.00000000e+00  9.72200368e-01 
 4.58822321e-06  1.00000000e+00  9.72339020e-01 
 4.59322321e-06  1.00000000e+00  9.72476980e-01 
 4.59822321e-06  1.00000000e+00  9.72614252e-01 
 4.60322321e-06  1.00000000e+00  9.72750839e-01 
 4.60822321e-06  1.00000000e+00  9.72886745e-01 
 4.61322321e-06  1.00000000e+00  9.73021973e-01 
 4.61822321e-06  1.00000000e+00  9.73156527e-01 
 4.62322321e-06  1.00000000e+00  9.73290410e-01 
 4.62822321e-06  1.00000000e+00  9.73423625e-01 
 4.63322321e-06  1.00000000e+00  9.73556175e-01 
 4.63822321e-06  1.00000000e+00  9.73688065e-01 
 4.64322321e-06  1.00000000e+00  9.73819296e-01 
 4.64822321e-06  1.00000000e+00  9.73949873e-01 
 4.65322321e-06  1.00000000e+00  9.74079799e-01 
 4.65822321e-06  1.00000000e+00  9.74209077e-01 
 4.66322321e-06  1.00000000e+00  9.74337710e-01 
 4.66822321e-06  1.00000000e+00  9.74465701e-01 
 4.67322321e-06  1.00000000e+00  9.74593055e-01 
 4.67822321e-06  1.00000000e+00  9.74719773e-01 
 4.68322321e-06  1.00000000e+00  9.74845858e-01 
 4.68822321e-06  1.00000000e+00  9.74971315e-01 
 4.69322321e-06  1.00000000e+00  9.75096147e-01 
 4.69822321e-06  1.00000000e+00  9.75220356e-01 
 4.70322321e-06  1.00000000e+00  9.75343945e-01 
 4.70822321e-06  1.00000000e+00  9.75466918e-01 
 4.71322321e-06  1.00000000e+00  9.75589277e-01 
 4.71822321e-06  1.00000000e+00  9.75711026e-01 
 4.72322321e-06  1.00000000e+00  9.75832168e-01 
 4.72822321e-06  1.00000000e+00  9.75952706e-01 
 4.73322321e-06  1.00000000e+00  9.76072643e-01 
 4.73822321e-06  1.00000000e+00  9.76191981e-01 
 4.74322321e-06  1.00000000e+00  9.76310725e-01 
 4.74822321e-06  1.00000000e+00  9.76428876e-01 
 4.75322321e-06  1.00000000e+00  9.76546437e-01 
 4.75822321e-06  1.00000000e+00  9.76663413e-01 
 4.76322321e-06  1.00000000e+00  9.76779805e-01 
 4.76822321e-06  1.00000000e+00  9.76895616e-01 
 4.77322321e-06  1.00000000e+00  9.77010850e-01 
 4.77822321e-06  1.00000000e+00  9.77125509e-01 
 4.78322321e-06  1.00000000e+00  9.77239596e-01 
 4.78822321e-06  1.00000000e+00  9.77353114e-01 
 4.79322321e-06  1.00000000e+00  9.77466067e-01 
 4.79822321e-06  1.00000000e+00  9.77578455e-01 
 4.80322321e-06  1.00000000e+00  9.77690283e-01 
 4.80822321e-06  1.00000000e+00  9.77801554e-01 
 4.81322321e-06  1.00000000e+00  9.77912269e-01 
 4.81822321e-06  1.00000000e+00  9.78022432e-01 
 4.82322321e-06  1.00000000e+00  9.78132046e-01 
 4.82822321e-06  1.00000000e+00  9.78241113e-01 
 4.83322321e-06  1.00000000e+00  9.78349636e-01 
 4.83822321e-06  1.00000000e+00  9.78457618e-01 
 4.84322321e-06  1.00000000e+00  9.78565062e-01 
 4.84822321e-06  1.00000000e+00  9.78671969e-01 
 4.85322321e-06  1.00000000e+00  9.78778343e-01 
 4.85822321e-06  1.00000000e+00  9.78884187e-01 
 4.86322321e-06  1.00000000e+00  9.78989503e-01 
 4.86822321e-06  1.00000000e+00  9.79094293e-01 
 4.87322321e-06  1.00000000e+00  9.79198561e-01 
 4.87822321e-06  1.00000000e+00  9.79302309e-01 
 4.88322321e-06  1.00000000e+00  9.79405539e-01 
 4.88822321e-06  1.00000000e+00  9.79508255e-01 
 4.89322321e-06  1.00000000e+00  9.79610458e-01 
 4.89822321e-06  1.00000000e+00  9.79712152e-01 
 4.90322321e-06  1.00000000e+00  9.79813338e-01 
 4.90822321e-06  1.00000000e+00  9.79914019e-01 
 4.91322321e-06  1.00000000e+00  9.80014199e-01 
 4.91822321e-06  1.00000000e+00  9.80113879e-01 
 4.92322321e-06  1.00000000e+00  9.80213061e-01 
 4.92822321e-06  1.00000000e+00  9.80311749e-01 
 4.93322321e-06  1.00000000e+00  9.80409945e-01 
 4.93822321e-06  1.00000000e+00  9.80507651e-01 
 4.94322321e-06  1.00000000e+00  9.80604870e-01 
 4.94822321e-06  1.00000000e+00  9.80701604e-01 
 4.95322321e-06  1.00000000e+00  9.80797855e-01 
 4.95822321e-06  1.00000000e+00  9.80893626e-01 
 4.96322321e-06  1.00000000e+00  9.80988920e-01 
 4.96822321e-06  1.00000000e+00  9.81083738e-01 
 4.97322321e-06  1.00000000e+00  9.81178084e-01 
 4.97822321e-06  1.00000000e+00  9.81271959e-01 
 4.98322321e-06  1.00000000e+00  9.81365365e-01 
 4.98822321e-06  1.00000000e+00  9.81458306e-01 
 4.99322321e-06  1.00000000e+00  9.81550783e-01 
 4.99822321e-06  1.00000000e+00  9.81642799e-01 
 5.00322321e-06  1.00000000e+00  9.81734356e-01 
 5.00822321e-06  1.00000000e+00  9.81825457e-01 
 5.01322321e-06  1.00000000e+00  9.81916103e-01 
 5.01822321e-06  1.00000000e+00  9.82006297e-01 
 5.02322321e-06  1.00000000e+00  9.82096041e-01 
 5.02822321e-06  1.00000000e+00  9.82185338e-01 
 5.03322321e-06  1.00000000e+00  9.82274189e-01 
 5.03822321e-06  1.00000000e+00  9.82362597e-01 
 5.04322321e-06  1.00000000e+00  9.82450564e-01 
 5.04822321e-06  1.00000000e+00  9.82538092e-01 
 5.05322321e-06  1.00000000e+00  9.82625184e-01 
 5.05822321e-06  1.00000000e+00  9.82711842e-01 
 5.06322321e-06  1.00000000e+00  9.82798067e-01 
 5.06822321e-06  1.00000000e+00  9.82883862e-01 
 5.07322321e-06  1.00000000e+00  9.82969229e-01 
 5.07822321e-06  1.00000000e+00  9.83054171e-01 
 5.08322321e-06  1.00000000e+00  9.83138689e-01 
 5.08822321e-06  1.00000000e+00  9.83222785e-01 
 5.09322321e-06  1.00000000e+00  9.83306462e-01 
 5.09822321e-06  1.00000000e+00  9.83389721e-01 
 5.10322321e-06  1.00000000e+00  9.83472566e-01 
 5.10822321e-06  1.00000000e+00  9.83554997e-01 
 5.11322321e-06  1.00000000e+00  9.83637017e-01 
 5.11822321e-06  1.00000000e+00  9.83718628e-01 
 5.12322321e-06  1.00000000e+00  9.83799832e-01 
 5.12822321e-06  1.00000000e+00  9.83880630e-01 
 5.13322321e-06  1.00000000e+00  9.83961026e-01 
 5.13822321e-06  1.00000000e+00  9.84041021e-01 
 5.14322321e-06  1.00000000e+00  9.84120617e-01 
 5.14822321e-06  1.00000000e+00  9.84199816e-01 
 5.15322321e-06  1.00000000e+00  9.84278620e-01 
 5.15822321e-06  1.00000000e+00  9.84357031e-01 
 5.16322321e-06  1.00000000e+00  9.84435051e-01 
 5.16822321e-06  1.00000000e+00  9.84512681e-01 
 5.17322321e-06  1.00000000e+00  9.84589925e-01 
 5.17822321e-06  1.00000000e+00  9.84666783e-01 
 5.18322321e-06  1.00000000e+00  9.84743258e-01 
 5.18822321e-06  1.00000000e+00  9.84819351e-01 
 5.19322321e-06  1.00000000e+00  9.84895065e-01 
 5.19822321e-06  1.00000000e+00  9.84970402e-01 
 5.20322321e-06  1.00000000e+00  9.85045362e-01 
 5.20822321e-06  1.00000000e+00  9.85119949e-01 
 5.21322321e-06  1.00000000e+00  9.85194164e-01 
 5.21822321e-06  1.00000000e+00  9.85268008e-01 
 5.22322321e-06  1.00000000e+00  9.85341484e-01 
 5.22822321e-06  1.00000000e+00  9.85414594e-01 
 5.23322321e-06  1.00000000e+00  9.85487339e-01 
 5.23822321e-06  1.00000000e+00  9.85559722e-01 
 5.24322321e-06  1.00000000e+00  9.85631743e-01 
 5.24822321e-06  1.00000000e+00  9.85703405e-01 
 5.25322321e-06  1.00000000e+00  9.85774710e-01 
 5.25822321e-06  1.00000000e+00  9.85845659e-01 
 5.26322321e-06  1.00000000e+00  9.85916254e-01 
 5.26822321e-06  1.00000000e+00  9.85986497e-01 
 5.27322321e-06  1.00000000e+00  9.86056390e-01 
 5.27822321e-06  1.00000000e+00  9.86125934e-01 
 5.28322321e-06  1.00000000e+00  9.86195132e-01 
 5.28822321e-06  1.00000000e+00  9.86263984e-01 
 5.29322321e-06  1.00000000e+00  9.86332493e-01 
 5.29822321e-06  1.00000000e+00  9.86400660e-01 
 5.30322321e-06  1.00000000e+00  9.86468487e-01 
 5.30822321e-06  1.00000000e+00  9.86535976e-01 
 5.31322321e-06  1.00000000e+00  9.86603128e-01 
 5.31822321e-06  1.00000000e+00  9.86669945e-01 
 5.32322321e-06  1.00000000e+00  9.86736429e-01 
 5.32822321e-06  1.00000000e+00  9.86802582e-01 
 5.33322321e-06  1.00000000e+00  9.86868404e-01 
 5.33822321e-06  1.00000000e+00  9.86933899e-01 
 5.34322321e-06  1.00000000e+00  9.86999066e-01 
 5.34822321e-06  1.00000000e+00  9.87063909e-01 
 5.35322321e-06  1.00000000e+00  9.87128428e-01 
 5.35822321e-06  1.00000000e+00  9.87192625e-01 
 5.36322321e-06  1.00000000e+00  9.87256503e-01 
 5.36822321e-06  1.00000000e+00  9.87320061e-01 
 5.37322321e-06  1.00000000e+00  9.87383303e-01 
 5.37822321e-06  1.00000000e+00  9.87446229e-01 
 5.38322321e-06  1.00000000e+00  9.87508841e-01 
 5.38822321e-06  1.00000000e+00  9.87571141e-01 
 5.39322321e-06  1.00000000e+00  9.87633131e-01 
 5.39822321e-06  1.00000000e+00  9.87694811e-01 
 5.40322321e-06  1.00000000e+00  9.87756183e-01 
 5.40822321e-06  1.00000000e+00  9.87817250e-01 
 5.41322321e-06  1.00000000e+00  9.87878011e-01 
 5.41822321e-06  1.00000000e+00  9.87938470e-01 
 5.42322321e-06  1.00000000e+00  9.87998628e-01 
 5.42822321e-06  1.00000000e+00  9.88058485e-01 
 5.43322321e-06  1.00000000e+00  9.88118043e-01 
 5.43822321e-06  1.00000000e+00  9.88177305e-01 
 5.44322321e-06  1.00000000e+00  9.88236271e-01 
 5.44822321e-06  1.00000000e+00  9.88294943e-01 
 5.45322321e-06  1.00000000e+00  9.88353322e-01 
 5.45822321e-06  1.00000000e+00  9.88411411e-01 
 5.46322321e-06  1.00000000e+00  9.88469209e-01 
 5.46822321e-06  1.00000000e+00  9.88526719e-01 
 5.47322321e-06  1.00000000e+00  9.88583943e-01 
 5.47822321e-06  1.00000000e+00  9.88640881e-01 
 5.48322321e-06  1.00000000e+00  9.88697534e-01 
 5.48822321e-06  1.00000000e+00  9.88753906e-01 
 5.49322321e-06  1.00000000e+00  9.88809996e-01 
 5.49822321e-06  1.00000000e+00  9.88865807e-01 
 5.50322321e-06  1.00000000e+00  9.88921339e-01 
 5.50822321e-06  1.00000000e+00  9.88976594e-01 
 5.51322321e-06  1.00000000e+00  9.89031573e-01 
 5.51822321e-06  1.00000000e+00  9.89086279e-01 
 5.52322321e-06  1.00000000e+00  9.89140711e-01 
 5.52822321e-06  1.00000000e+00  9.89194872e-01 
 5.53322321e-06  1.00000000e+00  9.89248763e-01 
 5.53822321e-06  1.00000000e+00  9.89302385e-01 
 5.54322321e-06  1.00000000e+00  9.89355740e-01 
 5.54822321e-06  1.00000000e+00  9.89408829e-01 
 5.55322321e-06  1.00000000e+00  9.89461653e-01 
 5.55822321e-06  1.00000000e+00  9.89514213e-01 
 5.56322321e-06  1.00000000e+00  9.89566511e-01 
 5.56822321e-06  1.00000000e+00  9.89618548e-01 
 5.57322321e-06  1.00000000e+00  9.89670326e-01 
 5.57822321e-06  1.00000000e+00  9.89721846e-01 
 5.58322321e-06  1.00000000e+00  9.89773108e-01 
 5.58822321e-06  1.00000000e+00  9.89824115e-01 
 5.59322321e-06  1.00000000e+00  9.89874868e-01 
 5.59822321e-06  1.00000000e+00  9.89925367e-01 
 5.60322321e-06  1.00000000e+00  9.89975615e-01 
 5.60822321e-06  1.00000000e+00  9.90025612e-01 
 5.61322321e-06  1.00000000e+00  9.90075359e-01 
 5.61822321e-06  1.00000000e+00  9.90124859e-01 
 5.62322321e-06  1.00000000e+00  9.90174111e-01 
 5.62822321e-06  1.00000000e+00  9.90223118e-01 
 5.63322321e-06  1.00000000e+00  9.90271881e-01 
 5.63822321e-06  1.00000000e+00  9.90320400e-01 
 5.64322321e-06  1.00000000e+00  9.90368677e-01 
 5.64822321e-06  1.00000000e+00  9.90416714e-01 
 5.65322321e-06  1.00000000e+00  9.90464511e-01 
 5.65822321e-06  1.00000000e+00  9.90512069e-01 
 5.66322321e-06  1.00000000e+00  9.90559391e-01 
 5.66822321e-06  1.00000000e+00  9.90606476e-01 
 5.67322321e-06  1.00000000e+00  9.90653327e-01 
 5.67822321e-06  1.00000000e+00  9.90699943e-01 
 5.68322321e-06  1.00000000e+00  9.90746328e-01 
 5.68822321e-06  1.00000000e+00  9.90792481e-01 
 5.69322321e-06  1.00000000e+00  9.90838404e-01 
 5.69822321e-06  1.00000000e+00  9.90884097e-01 
 5.70322321e-06  1.00000000e+00  9.90929563e-01 
 5.70822321e-06  1.00000000e+00  9.90974802e-01 
 5.71322321e-06  1.00000000e+00  9.91019816e-01 
 5.71822321e-06  1.00000000e+00  9.91064605e-01 
 5.72322321e-06  1.00000000e+00  9.91109170e-01 
 5.72822321e-06  1.00000000e+00  9.91153513e-01 
 5.73322321e-06  1.00000000e+00  9.91197636e-01 
 5.73822321e-06  1.00000000e+00  9.91241538e-01 
 5.74322321e-06  1.00000000e+00  9.91285221e-01 
 5.74822321e-06  1.00000000e+00  9.91328686e-01 
 5.75322321e-06  1.00000000e+00  9.91371934e-01 
 5.75822321e-06  1.00000000e+00  9.91414967e-01 
 5.76322321e-06  1.00000000e+00  9.91457785e-01 
 5.76822321e-06  1.00000000e+00  9.91500390e-01 
 5.77322321e-06  1.00000000e+00  9.91542782e-01 
 5.77822321e-06  1.00000000e+00  9.91584963e-01 
 5.78322321e-06  1.00000000e+00  9.91626933e-01 
 5.78822321e-06  1.00000000e+00  9.91668694e-01 
 5.79322321e-06  1.00000000e+00  9.91710246e-01 
 5.79822321e-06  1.00000000e+00  9.91751592e-01 
 5.80322321e-06  1.00000000e+00  9.91792731e-01 
 5.80822321e-06  1.00000000e+00  9.91833665e-01 
 5.81322321e-06  1.00000000e+00  9.91874395e-01 
 5.81822321e-06  1.00000000e+00  9.91914922e-01 
 5.82322321e-06  1.00000000e+00  9.91955246e-01 
 5.82822321e-06  1.00000000e+00  9.91995370e-01 
 5.83322321e-06  1.00000000e+00  9.92035293e-01 
 5.83822321e-06  1.00000000e+00  9.92075017e-01 
 5.84322321e-06  1.00000000e+00  9.92114543e-01 
 5.84822321e-06  1.00000000e+00  9.92153872e-01 
 5.85322321e-06  1.00000000e+00  9.92193005e-01 
 5.85822321e-06  1.00000000e+00  9.92231943e-01 
 5.86322321e-06  1.00000000e+00  9.92270686e-01 
 5.86822321e-06  1.00000000e+00  9.92309236e-01 
 5.87322321e-06  1.00000000e+00  9.92347594e-01 
 5.87822321e-06  1.00000000e+00  9.92385761e-01 
 5.88322321e-06  1.00000000e+00  9.92423737e-01 
 5.88822321e-06  1.00000000e+00  9.92461524e-01 
 5.89322321e-06  1.00000000e+00  9.92499122e-01 
 5.89822321e-06  1.00000000e+00  9.92536533e-01 
 5.90322321e-06  1.00000000e+00  9.92573757e-01 
 5.90822321e-06  1.00000000e+00  9.92610796e-01 
 5.91322321e-06  1.00000000e+00  9.92647650e-01 
 5.91822321e-06  1.00000000e+00  9.92684320e-01 
 5.92322321e-06  1.00000000e+00  9.92720807e-01 
 5.92822321e-06  1.00000000e+00  9.92757112e-01 
 5.93322321e-06  1.00000000e+00  9.92793237e-01 
 5.93822321e-06  1.00000000e+00  9.92829181e-01 
 5.94322321e-06  1.00000000e+00  9.92864945e-01 
 5.94822321e-06  1.00000000e+00  9.92900531e-01 
 5.95322321e-06  1.00000000e+00  9.92935940e-01 
 5.95822321e-06  1.00000000e+00  9.92971173e-01 
 5.96322321e-06  1.00000000e+00  9.93006229e-01 
 5.96822321e-06  1.00000000e+00  9.93041111e-01 
 5.97322321e-06  1.00000000e+00  9.93075818e-01 
 5.97822321e-06  1.00000000e+00  9.93110353e-01 
 5.98322321e-06  1.00000000e+00  9.93144715e-01 
 5.98822321e-06  1.00000000e+00  9.93178906e-01 
 5.99322321e-06  1.00000000e+00  9.93212927e-01 
 5.99822321e-06  1.00000000e+00  9.93246777e-01 
 6.00322321e-06  1.00000000e+00  9.93280459e-01 
 6.00822321e-06  1.00000000e+00  9.93313973e-01 
 6.01322321e-06  1.00000000e+00  9.93347320e-01 
 6.01822321e-06  1.00000000e+00  9.93380500e-01 
 6.02322321e-06  1.00000000e+00  9.93413515e-01 
 6.02822321e-06  1.00000000e+00  9.93446366e-01 
 6.03322321e-06  1.00000000e+00  9.93479052e-01 
 6.03822321e-06  1.00000000e+00  9.93511576e-01 
 6.04322321e-06  1.00000000e+00  9.93543937e-01 
 6.04822321e-06  1.00000000e+00  9.93576137e-01 
 6.05322321e-06  1.00000000e+00  9.93608176e-01 
 6.05822321e-06  1.00000000e+00  9.93640055e-01 
 6.06322321e-06  1.00000000e+00  9.93671776e-01 
 6.06822321e-06  1.00000000e+00  9.93703338e-01 
 6.07322321e-06  1.00000000e+00  9.93734743e-01 
 6.07822321e-06  1.00000000e+00  9.93765991e-01 
 6.08322321e-06  1.00000000e+00  9.93797083e-01 
 6.08822321e-06  1.00000000e+00  9.93828020e-01 
 6.09322321e-06  1.00000000e+00  9.93858803e-01 
 6.09822321e-06  1.00000000e+00  9.93889433e-01 
 6.10322321e-06  1.00000000e+00  9.93919909e-01 
 6.10822321e-06  1.00000000e+00  9.93950234e-01 
 6.11322321e-06  1.00000000e+00  9.93980407e-01 
 6.11822321e-06  1.00000000e+00  9.94010430e-01 
 6.12322321e-06  1.00000000e+00  9.94040303e-01 
 6.12822321e-06  1.00000000e+00  9.94070028e-01 
 6.13322321e-06  1.00000000e+00  9.94099604e-01 
 6.13822321e-06  1.00000000e+00  9.94129032e-01 
 6.14322321e-06  1.00000000e+00  9.94158314e-01 
 6.14822321e-06  1.00000000e+00  9.94187449e-01 
 6.15322321e-06  1.00000000e+00  9.94216440e-01 
 6.15822321e-06  1.00000000e+00  9.94245285e-01 
 6.16322321e-06  1.00000000e+00  9.94273987e-01 
 6.16822321e-06  1.00000000e+00  9.94302546e-01 
 6.17322321e-06  1.00000000e+00  9.94330962e-01 
 6.17822321e-06  1.00000000e+00  9.94359236e-01 
 6.18322321e-06  1.00000000e+00  9.94387370e-01 
 6.18822321e-06  1.00000000e+00  9.94415363e-01 
 6.19322321e-06  1.00000000e+00  9.94443217e-01 
 6.19822321e-06  1.00000000e+00  9.94470931e-01 
 6.20322321e-06  1.00000000e+00  9.94498508e-01 
 6.20822321e-06  1.00000000e+00  9.94525947e-01 
 6.21322321e-06  1.00000000e+00  9.94553249e-01 
 6.21822321e-06  1.00000000e+00  9.94580414e-01 
 6.22322321e-06  1.00000000e+00  9.94607445e-01 
 6.22822321e-06  1.00000000e+00  9.94634340e-01 
 6.23322321e-06  1.00000000e+00  9.94661102e-01 
 6.23822321e-06  1.00000000e+00  9.94687730e-01 
 6.24322321e-06  1.00000000e+00  9.94714225e-01 
 6.24822321e-06  1.00000000e+00  9.94740588e-01 
 6.25322321e-06  1.00000000e+00  9.94766819e-01 
 6.25822321e-06  1.00000000e+00  9.94792920e-01 
 6.26322321e-06  1.00000000e+00  9.94818890e-01 
 6.26822321e-06  1.00000000e+00  9.94844731e-01 
 6.27322321e-06  1.00000000e+00  9.94870443e-01 
 6.27822321e-06  1.00000000e+00  9.94896027e-01 
 6.28322321e-06  1.00000000e+00  9.94921483e-01 
 6.28822321e-06  1.00000000e+00  9.94946813e-01 
 6.29322321e-06  1.00000000e+00  9.94972016e-01 
 6.29822321e-06  1.00000000e+00  9.94997093e-01 
 6.30322321e-06  1.00000000e+00  9.95022045e-01 
 6.30822321e-06  1.00000000e+00  9.95046873e-01 
 6.31322321e-06  1.00000000e+00  9.95071576e-01 
 6.31822321e-06  1.00000000e+00  9.95096157e-01 
 6.32322321e-06  1.00000000e+00  9.95120615e-01 
 6.32822321e-06  1.00000000e+00  9.95144951e-01 
 6.33322321e-06  1.00000000e+00  9.95169166e-01 
 6.33822321e-06  1.00000000e+00  9.95193260e-01 
 6.34322321e-06  1.00000000e+00  9.95217234e-01 
 6.34822321e-06  1.00000000e+00  9.95241088e-01 
 6.35322321e-06  1.00000000e+00  9.95264823e-01 
 6.35822321e-06  1.00000000e+00  9.95288440e-01 
 6.36322321e-06  1.00000000e+00  9.95311939e-01 
 6.36822321e-06  1.00000000e+00  9.95335321e-01 
 6.37322321e-06  1.00000000e+00  9.95358586e-01 
 6.37822321e-06  1.00000000e+00  9.95381735e-01 
 6.38322321e-06  1.00000000e+00  9.95404769e-01 
 6.38822321e-06  1.00000000e+00  9.95427688e-01 
 6.39322321e-06  1.00000000e+00  9.95450492e-01 
 6.39822321e-06  1.00000000e+00  9.95473183e-01 
 6.40322321e-06  1.00000000e+00  9.95495761e-01 
 6.40822321e-06  1.00000000e+00  9.95518226e-01 
 6.41322321e-06  1.00000000e+00  9.95540579e-01 
 6.41822321e-06  1.00000000e+00  9.95562820e-01 
 6.42322321e-06  1.00000000e+00  9.95584951e-01 
 6.42822321e-06  1.00000000e+00  9.95606971e-01 
 6.43322321e-06  1.00000000e+00  9.95628882e-01 
 6.43822321e-06  1.00000000e+00  9.95650683e-01 
 6.44322321e-06  1.00000000e+00  9.95672375e-01 
 6.44822321e-06  1.00000000e+00  9.95693959e-01 
 6.45322321e-06  1.00000000e+00  9.95715436e-01 
 6.45822321e-06  1.00000000e+00  9.95736805e-01 
 6.46322321e-06  1.00000000e+00  9.95758068e-01 
 6.46822321e-06  1.00000000e+00  9.95779225e-01 
 6.47322321e-06  1.00000000e+00  9.95800276e-01 
 6.47822321e-06  1.00000000e+00  9.95821222e-01 
 6.48322321e-06  1.00000000e+00  9.95842064e-01 
 6.48822321e-06  1.00000000e+00  9.95862802e-01 
 6.49322321e-06  1.00000000e+00  9.95883436e-01 
 6.49822321e-06  1.00000000e+00  9.95903968e-01 
 6.50322321e-06  1.00000000e+00  9.95924397e-01 
 6.50822321e-06  1.00000000e+00  9.95944724e-01 
 6.51322321e-06  1.00000000e+00  9.95964950e-01 
 6.51822321e-06  1.00000000e+00  9.95985075e-01 
 6.52322321e-06  1.00000000e+00  9.96005099e-01 
 6.52822321e-06  1.00000000e+00  9.96025024e-01 
 6.53322321e-06  1.00000000e+00  9.96044849e-01 
 6.53822321e-06  1.00000000e+00  9.96064576e-01 
 6.54322321e-06  1.00000000e+00  9.96084204e-01 
 6.54822321e-06  1.00000000e+00  9.96103734e-01 
 6.55322321e-06  1.00000000e+00  9.96123167e-01 
 6.55822321e-06  1.00000000e+00  9.96142503e-01 
 6.56322321e-06  1.00000000e+00  9.96161742e-01 
 6.56822321e-06  1.00000000e+00  9.96180885e-01 
 6.57322321e-06  1.00000000e+00  9.96199933e-01 
 6.57822321e-06  1.00000000e+00  9.96218886e-01 
 6.58322321e-06  1.00000000e+00  9.96237745e-01 
 6.58822321e-06  1.00000000e+00  9.96256509e-01 
 6.59322321e-06  1.00000000e+00  9.96275180e-01 
 6.59822321e-06  1.00000000e+00  9.96293757e-01 
 6.60322321e-06  1.00000000e+00  9.96312242e-01 
 6.60822321e-06  1.00000000e+00  9.96330635e-01 
 6.61322321e-06  1.00000000e+00  9.96348936e-01 
 6.61822321e-06  1.00000000e+00  9.96367146e-01 
 6.62322321e-06  1.00000000e+00  9.96385265e-01 
 6.62822321e-06  1.00000000e+00  9.96403294e-01 
 6.63322321e-06  1.00000000e+00  9.96421232e-01 
 6.63822321e-06  1.00000000e+00  9.96439082e-01 
 6.64322321e-06  1.00000000e+00  9.96456842e-01 
 6.64822321e-06  1.00000000e+00  9.96474513e-01 
 6.65322321e-06  1.00000000e+00  9.96492097e-01 
 6.65822321e-06  1.00000000e+00  9.96509593e-01 
 6.66322321e-06  1.00000000e+00  9.96527001e-01 
 6.66822321e-06  1.00000000e+00  9.96544323e-01 
 6.67322321e-06  1.00000000e+00  9.96561558e-01 
 6.67822321e-06  1.00000000e+00  9.96578708e-01 
 6.68322321e-06  1.00000000e+00  9.96595771e-01 
 6.68822321e-06  1.00000000e+00  9.96612750e-01 
 6.69322321e-06  1.00000000e+00  9.96629644e-01 
 6.69822321e-06  1.00000000e+00  9.96646454e-01 
 6.70322321e-06  1.00000000e+00  9.96663180e-01 
 6.70822321e-06  1.00000000e+00  9.96679822e-01 
 6.71322321e-06  1.00000000e+00  9.96696382e-01 
 6.71822321e-06  1.00000000e+00  9.96712859e-01 
 6.72322321e-06  1.00000000e+00  9.96729253e-01 
 6.72822321e-06  1.00000000e+00  9.96745566e-01 
 6.73322321e-06  1.00000000e+00  9.96761798e-01 
 6.73822321e-06  1.00000000e+00  9.96777948e-01 
 6.74322321e-06  1.00000000e+00  9.96794019e-01 
 6.74822321e-06  1.00000000e+00  9.96810008e-01 
 6.75322321e-06  1.00000000e+00  9.96825919e-01 
 6.75822321e-06  1.00000000e+00  9.96841750e-01 
 6.76322321e-06  1.00000000e+00  9.96857501e-01 
 6.76822321e-06  1.00000000e+00  9.96873175e-01 
 6.77322321e-06  1.00000000e+00  9.96888770e-01 
 6.77822321e-06  1.00000000e+00  9.96904287e-01 
 6.78322321e-06  1.00000000e+00  9.96919727e-01 
 6.78822321e-06  1.00000000e+00  9.96935090e-01 
 6.79322321e-06  1.00000000e+00  9.96950376e-01 
 6.79822321e-06  1.00000000e+00  9.96965587e-01 
 6.80322321e-06  1.00000000e+00  9.96980721e-01 
 6.80822321e-06  1.00000000e+00  9.96995780e-01 
 6.81322321e-06  1.00000000e+00  9.97010763e-01 
 6.81822321e-06  1.00000000e+00  9.97025672e-01 
 6.82322321e-06  1.00000000e+00  9.97040507e-01 
 6.82822321e-06  1.00000000e+00  9.97055267e-01 
 6.83322321e-06  1.00000000e+00  9.97069954e-01 
 6.83822321e-06  1.00000000e+00  9.97084568e-01 
 6.84322321e-06  1.00000000e+00  9.97099109e-01 
 6.84822321e-06  1.00000000e+00  9.97113577e-01 
 6.85322321e-06  1.00000000e+00  9.97127973e-01 
 6.85822321e-06  1.00000000e+00  9.97142297e-01 
 6.86322321e-06  1.00000000e+00  9.97156550e-01 
 6.86822321e-06  1.00000000e+00  9.97170732e-01 
 6.87322321e-06  1.00000000e+00  9.97184843e-01 
 6.87822321e-06  1.00000000e+00  9.97198884e-01 
 6.88322321e-06  1.00000000e+00  9.97212854e-01 
 6.88822321e-06  1.00000000e+00  9.97226755e-01 
 6.89322321e-06  1.00000000e+00  9.97240587e-01 
 6.89822321e-06  1.00000000e+00  9.97254350e-01 
 6.90322321e-06  1.00000000e+00  9.97268044e-01 
 6.90822321e-06  1.00000000e+00  9.97281669e-01 
 6.91322321e-06  1.00000000e+00  9.97295227e-01 
 6.91822321e-06  1.00000000e+00  9.97308717e-01 
 6.92322321e-06  1.00000000e+00  9.97322140e-01 
 6.92822321e-06  1.00000000e+00  9.97335496e-01 
 6.93322321e-06  1.00000000e+00  9.97348785e-01 
 6.93822321e-06  1.00000000e+00  9.97362008e-01 
 6.94322321e-06  1.00000000e+00  9.97375165e-01 
 6.94822321e-06  1.00000000e+00  9.97388257e-01 
 6.95322321e-06  1.00000000e+00  9.97401283e-01 
 6.95822321e-06  1.00000000e+00  9.97414244e-01 
 6.96322321e-06  1.00000000e+00  9.97427141e-01 
 6.96822321e-06  1.00000000e+00  9.97439973e-01 
 6.97322321e-06  1.00000000e+00  9.97452741e-01 
 6.97822321e-06  1.00000000e+00  9.97465446e-01 
 6.98322321e-06  1.00000000e+00  9.97478087e-01 
 6.98822321e-06  1.00000000e+00  9.97490665e-01 
 6.99322321e-06  1.00000000e+00  9.97503180e-01 
 6.99822321e-06  1.00000000e+00  9.97515633e-01 
 7.00322321e-06  1.00000000e+00  9.97528024e-01 
 7.00822321e-06  1.00000000e+00  9.97540353e-01 
 7.01322321e-06  1.00000000e+00  9.97552621e-01 
 7.01822321e-06  1.00000000e+00  9.97564827e-01 
 7.02322321e-06  1.00000000e+00  9.97576973e-01 
 7.02822321e-06  1.00000000e+00  9.97589058e-01 
 7.03322321e-06  1.00000000e+00  9.97601082e-01 
 7.03822321e-06  1.00000000e+00  9.97613047e-01 
 7.04322321e-06  1.00000000e+00  9.97624952e-01 
 7.04822321e-06  1.00000000e+00  9.97636798e-01 
 7.05322321e-06  1.00000000e+00  9.97648584e-01 
 7.05822321e-06  1.00000000e+00  9.97660312e-01 
 7.06322321e-06  1.00000000e+00  9.97671981e-01 
 7.06822321e-06  1.00000000e+00  9.97683592e-01 
 7.07322321e-06  1.00000000e+00  9.97695145e-01 
 7.07822321e-06  1.00000000e+00  9.97706641e-01 
 7.08322321e-06  1.00000000e+00  9.97718079e-01 
 7.08822321e-06  1.00000000e+00  9.97729460e-01 
 7.09322321e-06  1.00000000e+00  9.97740785e-01 
 7.09822321e-06  1.00000000e+00  9.97752053e-01 
 7.10322321e-06  1.00000000e+00  9.97763264e-01 
 7.10822321e-06  1.00000000e+00  9.97774420e-01 
 7.11322321e-06  1.00000000e+00  9.97785520e-01 
 7.11822321e-06  1.00000000e+00  9.97796565e-01 
 7.12322321e-06  1.00000000e+00  9.97807555e-01 
 7.12822321e-06  1.00000000e+00  9.97818490e-01 
 7.13322321e-06  1.00000000e+00  9.97829370e-01 
 7.13822321e-06  1.00000000e+00  9.97840196e-01 
 7.14322321e-06  1.00000000e+00  9.97850968e-01 
 7.14822321e-06  1.00000000e+00  9.97861687e-01 
 7.15322321e-06  1.00000000e+00  9.97872351e-01 
 7.15822321e-06  1.00000000e+00  9.97882963e-01 
 7.16322321e-06  1.00000000e+00  9.97893522e-01 
 7.16822321e-06  1.00000000e+00  9.97904028e-01 
 7.17322321e-06  1.00000000e+00  9.97914482e-01 
 7.17822321e-06  1.00000000e+00  9.97924883e-01 
 7.18322321e-06  1.00000000e+00  9.97935233e-01 
 7.18822321e-06  1.00000000e+00  9.97945531e-01 
 7.19322321e-06  1.00000000e+00  9.97955778e-01 
 7.19822321e-06  1.00000000e+00  9.97965974e-01 
 7.20322321e-06  1.00000000e+00  9.97976118e-01 
 7.20822321e-06  1.00000000e+00  9.97986212e-01 
 7.21322321e-06  1.00000000e+00  9.97996256e-01 
 7.21822321e-06  1.00000000e+00  9.98006250e-01 
 7.22322321e-06  1.00000000e+00  9.98016194e-01 
 7.22822321e-06  1.00000000e+00  9.98026088e-01 
 7.23322321e-06  1.00000000e+00  9.98035933e-01 
 7.23822321e-06  1.00000000e+00  9.98045729e-01 
 7.24322321e-06  1.00000000e+00  9.98055476e-01 
 7.24822321e-06  1.00000000e+00  9.98065174e-01 
 7.25322321e-06  1.00000000e+00  9.98074824e-01 
 7.25822321e-06  1.00000000e+00  9.98084426e-01 
 7.26322321e-06  1.00000000e+00  9.98093980e-01 
 7.26822321e-06  1.00000000e+00  9.98103487e-01 
 7.27322321e-06  1.00000000e+00  9.98112945e-01 
 7.27822321e-06  1.00000000e+00  9.98122357e-01 
 7.28322321e-06  1.00000000e+00  9.98131722e-01 
 7.28822321e-06  1.00000000e+00  9.98141040e-01 
 7.29322321e-06  1.00000000e+00  9.98150312e-01 
 7.29822321e-06  1.00000000e+00  9.98159537e-01 
 7.30322321e-06  1.00000000e+00  9.98168716e-01 
 7.30822321e-06  1.00000000e+00  9.98177850e-01 
 7.31322321e-06  1.00000000e+00  9.98186938e-01 
 7.31822321e-06  1.00000000e+00  9.98195981e-01 
 7.32322321e-06  1.00000000e+00  9.98204978e-01 
 7.32822321e-06  1.00000000e+00  9.98213931e-01 
 7.33322321e-06  1.00000000e+00  9.98222839e-01 
 7.33822321e-06  1.00000000e+00  9.98231703e-01 
 7.34322321e-06  1.00000000e+00  9.98240522e-01 
 7.34822321e-06  1.00000000e+00  9.98249298e-01 
 7.35322321e-06  1.00000000e+00  9.98258029e-01 
 7.35822321e-06  1.00000000e+00  9.98266718e-01 
 7.36322321e-06  1.00000000e+00  9.98275362e-01 
 7.36822321e-06  1.00000000e+00  9.98283964e-01 
 7.37322321e-06  1.00000000e+00  9.98292523e-01 
 7.37822321e-06  1.00000000e+00  9.98301039e-01 
 7.38322321e-06  1.00000000e+00  9.98309513e-01 
 7.38822321e-06  1.00000000e+00  9.98317944e-01 
 7.39322321e-06  1.00000000e+00  9.98326333e-01 
 7.39822321e-06  1.00000000e+00  9.98334681e-01 
 7.40322321e-06  1.00000000e+00  9.98342986e-01 
 7.40822321e-06  1.00000000e+00  9.98351251e-01 
 7.41322321e-06  1.00000000e+00  9.98359474e-01 
 7.41822321e-06  1.00000000e+00  9.98367656e-01 
 7.42322321e-06  1.00000000e+00  9.98375798e-01 
 7.42822321e-06  1.00000000e+00  9.98383898e-01 
 7.43322321e-06  1.00000000e+00  9.98391959e-01 
 7.43822321e-06  1.00000000e+00  9.98399979e-01 
 7.44322321e-06  1.00000000e+00  9.98407959e-01 
 7.44822321e-06  1.00000000e+00  9.98415899e-01 
 7.45322321e-06  1.00000000e+00  9.98423800e-01 
 7.45822321e-06  1.00000000e+00  9.98431662e-01 
 7.46322321e-06  1.00000000e+00  9.98439484e-01 
 7.46822321e-06  1.00000000e+00  9.98447267e-01 
 7.47322321e-06  1.00000000e+00  9.98455011e-01 
 7.47822321e-06  1.00000000e+00  9.98462717e-01 
 7.48322321e-06  1.00000000e+00  9.98470384e-01 
 7.48822321e-06  1.00000000e+00  9.98478013e-01 
 7.49322321e-06  1.00000000e+00  9.98485604e-01 
 7.49822321e-06  1.00000000e+00  9.98493157e-01 
 7.50322321e-06  1.00000000e+00  9.98500672e-01 
 7.50822321e-06  1.00000000e+00  9.98508150e-01 
 7.51322321e-06  1.00000000e+00  9.98515591e-01 
 7.51822321e-06  1.00000000e+00  9.98522995e-01 
 7.52322321e-06  1.00000000e+00  9.98530361e-01 
 7.52822321e-06  1.00000000e+00  9.98537691e-01 
 7.53322321e-06  1.00000000e+00  9.98544984e-01 
 7.53822321e-06  1.00000000e+00  9.98552241e-01 
 7.54322321e-06  1.00000000e+00  9.98559462e-01 
 7.54822321e-06  1.00000000e+00  9.98566647e-01 
 7.55322321e-06  1.00000000e+00  9.98573796e-01 
 7.55822321e-06  1.00000000e+00  9.98580909e-01 
 7.56322321e-06  1.00000000e+00  9.98587987e-01 
 7.56822321e-06  1.00000000e+00  9.98595029e-01 
 7.57322321e-06  1.00000000e+00  9.98602036e-01 
 7.57822321e-06  1.00000000e+00  9.98609009e-01 
 7.58322321e-06  1.00000000e+00  9.98615946e-01 
 7.58822321e-06  1.00000000e+00  9.98622850e-01 
 7.59322321e-06  1.00000000e+00  9.98629718e-01 
 7.59822321e-06  1.00000000e+00  9.98636552e-01 
 7.60322321e-06  1.00000000e+00  9.98643353e-01 
 7.60822321e-06  1.00000000e+00  9.98650119e-01 
 7.61322321e-06  1.00000000e+00  9.98656852e-01 
 7.61822321e-06  1.00000000e+00  9.98663551e-01 
 7.62322321e-06  1.00000000e+00  9.98670216e-01 
 7.62822321e-06  1.00000000e+00  9.98676848e-01 
 7.63322321e-06  1.00000000e+00  9.98683448e-01 
 7.63822321e-06  1.00000000e+00  9.98690014e-01 
 7.64322321e-06  1.00000000e+00  9.98696548e-01 
 7.64822321e-06  1.00000000e+00  9.98703049e-01 
 7.65322321e-06  1.00000000e+00  9.98709517e-01 
 7.65822321e-06  1.00000000e+00  9.98715954e-01 
 7.66322321e-06  1.00000000e+00  9.98722358e-01 
 7.66822321e-06  1.00000000e+00  9.98728730e-01 
 7.67322321e-06  1.00000000e+00  9.98735071e-01 
 7.67822321e-06  1.00000000e+00  9.98741379e-01 
 7.68322321e-06  1.00000000e+00  9.98747657e-01 
 7.68822321e-06  1.00000000e+00  9.98753903e-01 
 7.69322321e-06  1.00000000e+00  9.98760118e-01 
 7.69822321e-06  1.00000000e+00  9.98766302e-01 
 7.70322321e-06  1.00000000e+00  9.98772455e-01 
 7.70822321e-06  1.00000000e+00  9.98778577e-01 
 7.71322321e-06  1.00000000e+00  9.98784669e-01 
 7.71822321e-06  1.00000000e+00  9.98790731e-01 
 7.72322321e-06  1.00000000e+00  9.98796762e-01 
 7.72822321e-06  1.00000000e+00  9.98802763e-01 
 7.73322321e-06  1.00000000e+00  9.98808734e-01 
 7.73822321e-06  1.00000000e+00  9.98814676e-01 
 7.74322321e-06  1.00000000e+00  9.98820588e-01 
 7.74822321e-06  1.00000000e+00  9.98826470e-01 
 7.75322321e-06  1.00000000e+00  9.98832323e-01 
 7.75822321e-06  1.00000000e+00  9.98838147e-01 
 7.76322321e-06  1.00000000e+00  9.98843942e-01 
 7.76822321e-06  1.00000000e+00  9.98849708e-01 
 7.77322321e-06  1.00000000e+00  9.98855445e-01 
 7.77822321e-06  1.00000000e+00  9.98861153e-01 
 7.78322321e-06  1.00000000e+00  9.98866833e-01 
 7.78822321e-06  1.00000000e+00  9.98872485e-01 
 7.79322321e-06  1.00000000e+00  9.98878109e-01 
 7.79822321e-06  1.00000000e+00  9.98883704e-01 
 7.80322321e-06  1.00000000e+00  9.98889272e-01 
 7.80822321e-06  1.00000000e+00  9.98894811e-01 
 7.81322321e-06  1.00000000e+00  9.98900324e-01 
 7.81822321e-06  1.00000000e+00  9.98905808e-01 
 7.82322321e-06  1.00000000e+00  9.98911265e-01 
 7.82822321e-06  1.00000000e+00  9.98916696e-01 
 7.83322321e-06  1.00000000e+00  9.98922099e-01 
 7.83822321e-06  1.00000000e+00  9.98927475e-01 
 7.84322321e-06  1.00000000e+00  9.98932824e-01 
 7.84822321e-06  1.00000000e+00  9.98938147e-01 
 7.85322321e-06  1.00000000e+00  9.98943443e-01 
 7.85822321e-06  1.00000000e+00  9.98948712e-01 
 7.86322321e-06  1.00000000e+00  9.98953955e-01 
 7.86822321e-06  1.00000000e+00  9.98959173e-01 
 7.87322321e-06  1.00000000e+00  9.98964364e-01 
 7.87822321e-06  1.00000000e+00  9.98969529e-01 
 7.88322321e-06  1.00000000e+00  9.98974669e-01 
 7.88822321e-06  1.00000000e+00  9.98979782e-01 
 7.89322321e-06  1.00000000e+00  9.98984871e-01 
 7.89822321e-06  1.00000000e+00  9.98989934e-01 
 7.90322321e-06  1.00000000e+00  9.98994972e-01 
 7.90822321e-06  1.00000000e+00  9.98999984e-01 
 7.91322321e-06  1.00000000e+00  9.99004972e-01 
 7.91822321e-06  1.00000000e+00  9.99009935e-01 
 7.92322321e-06  1.00000000e+00  9.99014872e-01 
 7.92822321e-06  1.00000000e+00  9.99019786e-01 
 7.93322321e-06  1.00000000e+00  9.99024675e-01 
 7.93822321e-06  1.00000000e+00  9.99029539e-01 
 7.94322321e-06  1.00000000e+00  9.99034379e-01 
 7.94822321e-06  1.00000000e+00  9.99039195e-01 
 7.95322321e-06  1.00000000e+00  9.99043987e-01 
 7.95822321e-06  1.00000000e+00  9.99048756e-01 
 7.96322321e-06  1.00000000e+00  9.99053500e-01 
 7.96822321e-06  1.00000000e+00  9.99058221e-01 
 7.97322321e-06  1.00000000e+00  9.99062918e-01 
 7.97822321e-06  1.00000000e+00  9.99067592e-01 
 7.98322321e-06  1.00000000e+00  9.99072242e-01 
 7.98822321e-06  1.00000000e+00  9.99076869e-01 
 7.99322321e-06  1.00000000e+00  9.99081473e-01 
 7.99661161e-06  1.00000000e+00  9.99084580e-01 
 8.00000000e-06  1.00000000e+00  9.99087677e-01 
