 frequency       loop_real       loop_imag      
 1.00000000e+00  3.38491967e+06 -8.57098061e+06 
 1.02329299e+00  3.25232141e+06 -8.42705698e+06 
 1.04712855e+00  3.12416960e+06 -8.28356752e+06 
 1.07151931e+00  3.00037340e+06 -8.14063870e+06 
 1.09647820e+00  2.88083912e+06 -7.99838964e+06 
 1.12201845e+00  2.76547070e+06 -7.85693219e+06 
 1.14815362e+00  2.65417009e+06 -7.71637114e+06 
 1.17489755e+00  2.54683775e+06 -7.57680426e+06 
 1.20226443e+00  2.44337297e+06 -7.43832258e+06 
 1.23026877e+00  2.34367430e+06 -7.30101052e+06 
 1.25892541e+00  2.24763979e+06 -7.16494605e+06 
 1.28824955e+00  2.15516740e+06 -7.03020099e+06 
 1.31825674e+00  2.06615523e+06 -6.89684116e+06 
 1.34896288e+00  1.98050178e+06 -6.76492662e+06 
 1.38038426e+00  1.89810630e+06 -6.63451188e+06 
 1.41253754e+00  1.81886879e+06 -6.50564619e+06 
 1.44543977e+00  1.74269038e+06 -6.37837372e+06 
 1.47910839e+00  1.66947349e+06 -6.25273378e+06 
 1.51356125e+00  1.59912187e+06 -6.12876112e+06 
 1.54881662e+00  1.53154087e+06 -6.00648608e+06 
 1.58489319e+00  1.46663749e+06 -5.88593487e+06 
 1.62181010e+00  1.40432046e+06 -5.76712978e+06 
 1.65958691e+00  1.34450046e+06 -5.65008937e+06 
 1.69824365e+00  1.28709001e+06 -5.53482873e+06 
 1.73780083e+00  1.23200367e+06 -5.42135966e+06 
 1.77827941e+00  1.17915808e+06 -5.30969084e+06 
 1.81970086e+00  1.12847188e+06 -5.19982811e+06 
 1.86208714e+00  1.07986591e+06 -5.09177455e+06 
 1.90546072e+00  1.03326311e+06 -4.98553075e+06 
 1.94984460e+00  9.88588566e+05 -4.88109491e+06 
 1.99526231e+00  9.45769529e+05 -4.77846308e+06 
 2.04173794e+00  9.04735375e+05 -4.67762926e+06 
 2.08929613e+00  8.65417636e+05 -4.57858557e+06 
 2.13796209e+00  8.27749934e+05 -4.48132241e+06 
 2.18776162e+00  7.91668049e+05 -4.38582857e+06 
 2.23872114e+00  7.57109776e+05 -4.29209139e+06 
 2.29086765e+00  7.24014974e+05 -4.20009686e+06 
 2.34422882e+00  6.92325532e+05 -4.10982974e+06 
 2.39883292e+00  6.61985298e+05 -4.02127371e+06 
 2.45470892e+00  6.32940065e+05 -3.93441140e+06 
 2.51188643e+00  6.05137528e+05 -3.84922456e+06 
 2.57039578e+00  5.78527223e+05 -3.76569412e+06 
 2.63026799e+00  5.53060536e+05 -3.68380029e+06 
 2.69153480e+00  5.28690579e+05 -3.60352262e+06 
 2.75422870e+00  5.05372211e+05 -3.52484011e+06 
 2.81838293e+00  4.83061964e+05 -3.44773125e+06 
 2.88403150e+00  4.61718014e+05 -3.37217412e+06 
 2.95120923e+00  4.41300102e+05 -3.29814642e+06 
 3.01995172e+00  4.21769510e+05 -3.22562556e+06 
 3.09029543e+00  4.03089026e+05 -3.15458870e+06 
 3.16227766e+00  3.85222867e+05 -3.08501279e+06 
 3.23593657e+00  3.68136656e+05 -3.01687464e+06 
 3.31131121e+00  3.51797376e+05 -2.95015095e+06 
 3.38844156e+00  3.36173305e+05 -2.88481836e+06 
 3.46736850e+00  3.21233999e+05 -2.82085348e+06 
 3.54813389e+00  3.06950227e+05 -2.75823291e+06 
 3.63078055e+00  2.93293937e+05 -2.69693332e+06 
 3.71535229e+00  2.80238227e+05 -2.63693142e+06 
 3.80189396e+00  2.67757283e+05 -2.57820403e+06 
 3.89045145e+00  2.55826338e+05 -2.52072810e+06 
 3.98107171e+00  2.44421663e+05 -2.46448071e+06 
 4.07380278e+00  2.33520500e+05 -2.40943909e+06 
 4.16869383e+00  2.23101035e+05 -2.35558069e+06 
 4.26579519e+00  2.13142366e+05 -2.30288312e+06 
 4.36515832e+00  2.03624461e+05 -2.25132422e+06 
 4.46683592e+00  1.94528129e+05 -2.20088208e+06 
 4.57088190e+00  1.85834989e+05 -2.15153500e+06 
 4.67735141e+00  1.77527436e+05 -2.10326153e+06 
 4.78630092e+00  1.69588607e+05 -2.05604052e+06 
 4.89778819e+00  1.62002360e+05 -2.00985104e+06 
 5.01187234e+00  1.54753236e+05 -1.96467248e+06 
 5.12861384e+00  1.47826439e+05 -1.92048448e+06 
 5.24807460e+00  1.41207805e+05 -1.87726699e+06 
 5.37031796e+00  1.34883779e+05 -1.83500025e+06 
 5.49540874e+00  1.28841388e+05 -1.79366479e+06 
 5.62341325e+00  1.23068216e+05 -1.75324145e+06 
 5.75439937e+00  1.17552387e+05 -1.71371136e+06 
 5.88843655e+00  1.12282533e+05 -1.67505597e+06 
 6.02559586e+00  1.07247786e+05 -1.63725704e+06 
 6.16595002e+00  1.02437745e+05 -1.60029661e+06 
 6.30957344e+00  9.78424615e+04 -1.56415704e+06 
 6.45654229e+00  9.34524224e+04 -1.52882101e+06 
 6.60693448e+00  8.92585257e+04 -1.49427149e+06 
 6.76082975e+00  8.52520725e+04 -1.46049176e+06 
 6.91830971e+00  8.14247408e+04 -1.42746539e+06 
 7.07945784e+00  7.77685716e+04 -1.39517627e+06 
 7.24435960e+00  7.42759600e+04 -1.36360859e+06 
 7.41310241e+00  7.09396321e+04 -1.33274681e+06 
 7.58577575e+00  6.77526313e+04 -1.30257571e+06 
 7.76247117e+00  6.47083124e+04 -1.27308036e+06 
 7.94328235e+00  6.18003173e+04 -1.24424609e+06 
 8.12830516e+00  5.90225733e+04 -1.21605856e+06 
 8.31763771e+00  5.63692723e+04 -1.18850367e+06 
 8.51138038e+00  5.38348645e+04 -1.16156762e+06 
 8.70963590e+00  5.14140447e+04 -1.13523689e+06 
 8.91250938e+00  4.91017432e+04 -1.10949820e+06 
 9.12010839e+00  4.68931126e+04 -1.08433858e+06 
 9.33254301e+00  4.47835240e+04 -1.05974530e+06 
 9.54992586e+00  4.27685494e+04 -1.03570588e+06 
 9.77237221e+00  4.08439619e+04 -1.01220811e+06 
 1.00000000e+01  3.90057185e+04 -9.89240043e+05 
 1.02329299e+01  3.72499580e+04 -9.66789953e+05 
 1.04712855e+01  3.55729901e+04 -9.44846376e+05 
 1.07151931e+01  3.39712886e+04 -9.23398081e+05 
 1.09647820e+01  3.24414839e+04 -9.02434076e+05 
 1.12201845e+01  3.09803576e+04 -8.81943598e+05 
 1.14815362e+01  2.95848334e+04 -8.61916113e+05 
 1.17489755e+01  2.82519737e+04 -8.42341310e+05 
 1.20226443e+01  2.69789695e+04 -8.23209098e+05 
 1.23026877e+01  2.57631397e+04 -8.04509602e+05 
 1.25892541e+01  2.46019207e+04 -7.86233156e+05 
 1.28824955e+01  2.34928648e+04 -7.68370304e+05 
 1.31825674e+01  2.24336333e+04 -7.50911794e+05 
 1.34896288e+01  2.14219911e+04 -7.33848572e+05 
 1.38038426e+01  2.04558046e+04 -7.17171782e+05 
 1.41253754e+01  1.95330335e+04 -7.00872760e+05 
 1.44543977e+01  1.86517310e+04 -6.84943027e+05 
 1.47910839e+01  1.78100356e+04 -6.69374295e+05 
 1.51356125e+01  1.70061700e+04 -6.54158451e+05 
 1.54881662e+01  1.62384360e+04 -6.39287563e+05 
 1.58489319e+01  1.55052119e+04 -6.24753872e+05 
 1.62181010e+01  1.48049483e+04 -6.10549790e+05 
 1.65958691e+01  1.41361652e+04 -5.96667895e+05 
 1.69824365e+01  1.34974493e+04 -5.83100929e+05 
 1.73780083e+01  1.28874496e+04 -5.69841795e+05 
 1.77827941e+01  1.23048770e+04 -5.56883550e+05 
 1.81970086e+01  1.17484992e+04 -5.44219408e+05 
 1.86208714e+01  1.12171393e+04 -5.31842731e+05 
 1.90546072e+01  1.07096735e+04 -5.19747031e+05 
 1.94984460e+01  1.02250283e+04 -5.07925960e+05 
 1.99526231e+01  9.76217837e+03 -4.96373315e+05 
 2.04173794e+01  9.32014400e+03 -4.85083029e+05 
 2.08929613e+01  8.89798987e+03 -4.74049171e+05 
 2.13796209e+01  8.49482271e+03 -4.63265942e+05 
 2.18776162e+01  8.10978886e+03 -4.52727672e+05 
 2.23872114e+01  7.74207338e+03 -4.42428819e+05 
 2.29086765e+01  7.39089770e+03 -4.32363963e+05 
 2.34422882e+01  7.05551845e+03 -4.22527808e+05 
 2.39883292e+01  6.73522534e+03 -4.12915174e+05 
 2.45470892e+01  6.42934006e+03 -4.03520998e+05 
 2.51188643e+01  6.13721498e+03 -3.94340332e+05 
 2.57039578e+01  5.85823140e+03 -3.85368336e+05 
 2.63026799e+01  5.59179828e+03 -3.76600282e+05 
 2.69153480e+01  5.33735141e+03 -3.68031547e+05 
 2.75422870e+01  5.09435168e+03 -3.59657610e+05 
 2.81838293e+01  4.86228435e+03 -3.51474055e+05 
 2.88403150e+01  4.64065773e+03 -3.43476564e+05 
 2.95120923e+01  4.42900239e+03 -3.35660915e+05 
 3.01995172e+01  4.22686965e+03 -3.28022983e+05 
 3.09029543e+01  4.03383140e+03 -3.20558735e+05 
 3.16227766e+01  3.84947849e+03 -3.13264229e+05 
 3.23593657e+01  3.67342034e+03 -3.06135613e+05 
 3.31131121e+01  3.50528379e+03 -2.99169121e+05 
 3.38844156e+01  3.34471254e+03 -2.92361072e+05 
 3.46736850e+01  3.19136625e+03 -2.85707868e+05 
 3.54813389e+01  3.04491994e+03 -2.79205993e+05 
 3.63078055e+01  2.90506317e+03 -2.72852009e+05 
 3.71535229e+01  2.77149962e+03 -2.66642559e+05 
 3.80189396e+01  2.64394603e+03 -2.60574358e+05 
 3.89045145e+01  2.52213207e+03 -2.54644198e+05 
 3.98107171e+01  2.40579956e+03 -2.48848942e+05 
 4.07380278e+01  2.29470185e+03 -2.43185525e+05 
 4.16869383e+01  2.18860349e+03 -2.37650952e+05 
 4.26579519e+01  2.08727947e+03 -2.32242293e+05 
 4.36515832e+01  1.99051500e+03 -2.26956689e+05 
 4.46683592e+01  1.89810495e+03 -2.21791340e+05 
 4.57088190e+01  1.80985341e+03 -2.16743515e+05 
 4.67735141e+01  1.72557330e+03 -2.11810542e+05 
 4.78630092e+01  1.64508585e+03 -2.06989809e+05 
 4.89778819e+01  1.56822047e+03 -2.02278765e+05 
 5.01187234e+01  1.49481417e+03 -1.97674917e+05 
 5.12861384e+01  1.42471128e+03 -1.93175826e+05 
 5.24807460e+01  1.35776315e+03 -1.88779110e+05 
 5.37031796e+01  1.29382786e+03 -1.84482443e+05 
 5.49540874e+01  1.23276984e+03 -1.80283548e+05 
 5.62341325e+01  1.17445962e+03 -1.76180203e+05 
 5.75439937e+01  1.11877351e+03 -1.72170234e+05 
 5.88843655e+01  1.06559345e+03 -1.68251517e+05 
 6.02559586e+01  1.01480669e+03 -1.64421977e+05 
 6.16595002e+01  9.66305511e+02 -1.60679586e+05 
 6.30957344e+01  9.19987061e+02 -1.57022362e+05 
 6.45654229e+01  8.75753129e+02 -1.53448367e+05 
 6.60693448e+01  8.33509914e+02 -1.49955708e+05 
 6.76082975e+01  7.93167810e+02 -1.46542534e+05 
 6.91830971e+01  7.54641282e+02 -1.43207038e+05 
 7.07945784e+01  7.17848608e+02 -1.39947453e+05 
 7.24435960e+01  6.82711791e+02 -1.36762051e+05 
 7.41310241e+01  6.49156291e+02 -1.33649145e+05 
 7.58577575e+01  6.17110947e+02 -1.30607085e+05 
 7.76247117e+01  5.86507809e+02 -1.27634260e+05 
 7.94328235e+01  5.57281965e+02 -1.24729095e+05 
 8.12830516e+01  5.29371418e+02 -1.21890049e+05 
 8.31763771e+01  5.02717013e+02 -1.19115619e+05 
 8.51138038e+01  4.77262190e+02 -1.16404334e+05 
 8.70963590e+01  4.52952962e+02 -1.13754757e+05 
 8.91250938e+01  4.29737798e+02 -1.11165485e+05 
 9.12010839e+01  4.07567430e+02 -1.08635145e+05 
 9.33254301e+01  3.86394857e+02 -1.06162396e+05 
 9.54992586e+01  3.66175169e+02 -1.03745928e+05 
 9.77237221e+01  3.46865483e+02 -1.01384460e+05 
 1.00000000e+02  3.28424844e+02 -9.90767398e+04 
 1.02329299e+02  3.10814135e+02 -9.68215452e+04 
 1.04712855e+02  2.93996013e+02 -9.46176804e+04 
 1.07151931e+02  2.77934808e+02 -9.24639776e+04 
 1.09647820e+02  2.62596449e+02 -9.03592950e+04 
 1.12201845e+02  2.47948406e+02 -8.83025171e+04 
 1.14815362e+02  2.33959612e+02 -8.62925538e+04 
 1.17489755e+02  2.20600392e+02 -8.43283395e+04 
 1.20226443e+02  2.07842418e+02 -8.24088333e+04 
 1.23026877e+02  1.95658629e+02 -8.05330175e+04 
 1.25892541e+02  1.84023182e+02 -7.86998979e+04 
 1.28824955e+02  1.72911397e+02 -7.69085027e+04 
 1.31825674e+02  1.62299710e+02 -7.51578823e+04 
 1.34896288e+02  1.52165607e+02 -7.34471088e+04 
 1.38038426e+02  1.42487599e+02 -7.17752752e+04 
 1.41253754e+02  1.33245155e+02 -7.01414954e+04 
 1.44543977e+02  1.24418675e+02 -6.85449031e+04 
 1.47910839e+02  1.15989433e+02 -6.69846522e+04 
 1.51356125e+02  1.07939555e+02 -6.54599153e+04 
 1.54881662e+02  1.00251963e+02 -6.39698842e+04 
 1.58489319e+02  9.29103560e+01 -6.25137691e+04 
 1.62181010e+02  8.58991564e+01 -6.10907980e+04 
 1.65958691e+02  7.92034981e+01 -5.97002164e+04 
 1.69824365e+02  7.28091756e+01 -5.83412873e+04 
 1.73780083e+02  6.67026286e+01 -5.70132902e+04 
 1.77827941e+02  6.08709020e+01 -5.57155210e+04 
 1.81970086e+02  5.53016281e+01 -5.44472917e+04 
 1.86208714e+02  4.99829944e+01 -5.32079300e+04 
 1.90546072e+02  4.49037190e+01 -5.19967789e+04 
 1.94984460e+02  4.00530289e+01 -5.08131962e+04 
 1.99526231e+02  3.54206345e+01 -4.96565544e+04 
 2.04173794e+02  3.09967104e+01 -4.85262404e+04 
 2.08929613e+02  2.67718749e+01 -4.74216548e+04 
 2.13796209e+02  2.27371641e+01 -4.63422121e+04 
 2.18776162e+02  1.88840225e+01 -4.52873400e+04 
 2.23872114e+02  1.52042752e+01 -4.42564793e+04 
 2.29086765e+02  1.16901169e+01 -4.32490833e+04 
 2.34422882e+02  8.33409640e+00 -4.22646180e+04 
 2.39883292e+02  5.12909346e+00 -4.13025614e+04 
 2.45470892e+02  2.06830963e+00 -4.03624035e+04 
 2.51188643e+02 -8.54746177e-01 -3.94436459e+04 
 2.57039578e+02 -3.64627510e+00 -3.85458014e+04 
 2.63026799e+02 -6.31219622e+00 -3.76683939e+04 
 2.69153480e+02 -8.85816604e+00 -3.68109584e+04 
 2.75422870e+02 -1.12895838e+01 -3.59730403e+04 
 2.81838293e+02 -1.36116076e+01 -3.51541951e+04 
 2.88403150e+02 -1.58291618e+01 -3.43539890e+04 
 2.95120923e+02 -1.79469508e+01 -3.35719974e+04 
 3.01995172e+02 -1.99694650e+01 -3.28078059e+04 
 3.09029543e+02 -2.19009962e+01 -3.20610093e+04 
 3.16227766e+02 -2.37456399e+01 -3.13312117e+04 
 3.23593657e+02 -2.55073092e+01 -3.06180261e+04 
 3.31131121e+02 -2.71897407e+01 -2.99210743e+04 
 3.38844156e+02 -2.87965019e+01 -2.92399869e+04 
 3.46736850e+02 -3.03310024e+01 -2.85744028e+04 
 3.54813389e+02 -3.17964954e+01 -2.79239690e+04 
 3.63078055e+02 -3.31960903e+01 -2.72883407e+04 
 3.71535229e+02 -3.45327542e+01 -2.66671809e+04 
 3.80189396e+02 -3.58093234e+01 -2.60601603e+04 
 3.89045145e+02 -3.70285046e+01 -2.54669569e+04 
 3.98107171e+02 -3.81928833e+01 -2.48872564e+04 
 4.07380278e+02 -3.93049297e+01 -2.43207513e+04 
 4.16869383e+02 -4.03670019e+01 -2.37671413e+04 
 4.26579519e+02 -4.13813520e+01 -2.32261328e+04 
 4.36515832e+02 -4.23501315e+01 -2.26974390e+04 
 4.46683592e+02 -4.32753944e+01 -2.21807796e+04 
 4.57088190e+02 -4.41591030e+01 -2.16758806e+04 
 4.67735141e+02 -4.50031311e+01 -2.11824744e+04 
 4.78630092e+02 -4.58092685e+01 -2.07002994e+04 
 4.89778819e+02 -4.65792242e+01 -2.02290998e+04 
 5.01187234e+02 -4.73146308e+01 -1.97686259e+04 
 5.12861384e+02 -4.80170473e+01 -1.93186335e+04 
 5.24807460e+02 -4.86879628e+01 -1.88788840e+04 
 5.37031796e+02 -4.93287992e+01 -1.84491443e+04 
 5.49540874e+02 -4.99409153e+01 -1.80291865e+04 
 5.62341325e+02 -5.05256077e+01 -1.76187879e+04 
 5.75439937e+02 -5.10841159e+01 -1.72177310e+04 
 5.88843655e+02 -5.16176231e+01 -1.68258031e+04 
 6.02559586e+02 -5.21272595e+01 -1.64427963e+04 
 6.16595002e+02 -5.26141044e+01 -1.60685077e+04 
 6.30957344e+02 -5.30791890e+01 -1.57027387e+04 
 6.45654229e+02 -5.35234980e+01 -1.53452955e+04 
 6.60693448e+02 -5.39479719e+01 -1.49959885e+04 
 6.76082975e+02 -5.43535091e+01 -1.46546324e+04 
 6.91830971e+02 -5.47409674e+01 -1.43210464e+04 
 7.07945784e+02 -5.51111663e+01 -1.39950535e+04 
 7.24435960e+02 -5.54648885e+01 -1.36764809e+04 
 7.41310241e+02 -5.58028814e+01 -1.33651596e+04 
 7.58577575e+02 -5.61258591e+01 -1.30609246e+04 
 7.76247117e+02 -5.64345033e+01 -1.27636147e+04 
 7.94328235e+02 -5.67294655e+01 -1.24730720e+04 
 8.12830516e+02 -5.70113674e+01 -1.21891427e+04 
 8.31763771e+02 -5.72808033e+01 -1.19116761e+04 
 8.51138038e+02 -5.75383405e+01 -1.16405252e+04 
 8.70963590e+02 -5.77845207e+01 -1.13755461e+04 
 8.91250938e+02 -5.80198613e+01 -1.11165984e+04 
 9.12010839e+02 -5.82448565e+01 -1.08635447e+04 
 9.33254301e+02 -5.84599781e+01 -1.06162509e+04 
 9.54992586e+02 -5.86656768e+01 -1.03745858e+04 
 9.77237221e+02 -5.88623827e+01 -1.01384214e+04 
 1.00000000e+03 -5.90505067e+01 -9.90763234e+03 
 1.02329299e+03 -5.92304409e+01 -9.68209632e+03 
 1.04712855e+03 -5.94025599e+01 -9.46169374e+03 
 1.07151931e+03 -5.95672212e+01 -9.24630773e+03 
 1.09647820e+03 -5.97247659e+01 -9.03582408e+03 
 1.12201845e+03 -5.98755200e+01 -8.83013119e+03 
 1.14815362e+03 -6.00197942e+01 -8.62911999e+03 
 1.17489755e+03 -6.01578853e+01 -8.43268390e+03 
 1.20226443e+03 -6.02900765e+01 -8.24071876e+03 
 1.23026877e+03 -6.04166380e+01 -8.05312278e+03 
 1.25892541e+03 -6.05378276e+01 -7.86979648e+03 
 1.28824955e+03 -6.06538913e+01 -7.69064267e+03 
 1.31825674e+03 -6.07650638e+01 -7.51556634e+03 
 1.34896288e+03 -6.08715689e+01 -7.34447467e+03 
 1.38038426e+03 -6.09736200e+01 -7.17727693e+03 
 1.41253754e+03 -6.10714208e+01 -7.01388447e+03 
 1.44543977e+03 -6.11651654e+01 -6.85421064e+03 
 1.47910839e+03 -6.12550390e+01 -6.69817079e+03 
 1.51356125e+03 -6.13412180e+01 -6.54568217e+03 
 1.54881662e+03 -6.14238707e+01 -6.39666393e+03 
 1.58489319e+03 -6.15031575e+01 -6.25103705e+03 
 1.62181010e+03 -6.15792315e+01 -6.10872432e+03 
 1.65958691e+03 -6.16522383e+01 -5.96965027e+03 
 1.69824365e+03 -6.17223170e+01 -5.83374116e+03 
 1.73780083e+03 -6.17896000e+01 -5.70092493e+03 
 1.77827941e+03 -6.18542136e+01 -5.57113115e+03 
 1.81970086e+03 -6.19162783e+01 -5.44429100e+03 
 1.86208714e+03 -6.19759088e+01 -5.32033723e+03 
 1.90546072e+03 -6.20332147e+01 -5.19920411e+03 
 1.94984460e+03 -6.20883004e+01 -5.08082741e+03 
 1.99526231e+03 -6.21412655e+01 -4.96514438e+03 
 2.04173794e+03 -6.21922051e+01 -4.85209366e+03 
 2.08929613e+03 -6.22412100e+01 -4.74161532e+03 
 2.13796209e+03 -6.22883667e+01 -4.63365078e+03 
 2.18776162e+03 -6.23337580e+01 -4.52814280e+03 
 2.23872114e+03 -6.23774631e+01 -4.42503542e+03 
 2.29086765e+03 -6.24195576e+01 -4.32427399e+03 
 2.34422882e+03 -6.24601138e+01 -4.22580509e+03 
 2.39883292e+03 -6.24992009e+01 -4.12957649e+03 
 2.45470892e+03 -6.25368853e+01 -4.03553718e+03 
 2.51188643e+03 -6.25732306e+01 -3.94363730e+03 
 2.57039578e+03 -6.26082977e+01 -3.85382813e+03 
 2.63026799e+03 -6.26421451e+01 -3.76606204e+03 
 2.69153480e+03 -6.26748290e+01 -3.68029250e+03 
 2.75422870e+03 -6.27064035e+01 -3.59647405e+03 
 2.81838293e+03 -6.27369205e+01 -3.51456223e+03 
 2.88403150e+03 -6.27664300e+01 -3.43451363e+03 
 2.95120923e+03 -6.27949804e+01 -3.35628579e+03 
 3.01995172e+03 -6.28226182e+01 -3.27983724e+03 
 3.09029543e+03 -6.28493882e+01 -3.20512746e+03 
 3.16227766e+03 -6.28753339e+01 -3.13211682e+03 
 3.23593657e+03 -6.29004973e+01 -3.06076662e+03 
 3.31131121e+03 -6.29249190e+01 -2.99103903e+03 
 3.38844156e+03 -6.29486384e+01 -2.92289708e+03 
 3.46736850e+03 -6.29716936e+01 -2.85630463e+03 
 3.54813389e+03 -6.29941217e+01 -2.79122639e+03 
 3.63078055e+03 -6.30159586e+01 -2.72762784e+03 
 3.71535229e+03 -6.30372392e+01 -2.66547526e+03 
 3.80189396e+03 -6.30579975e+01 -2.60473570e+03 
 3.89045145e+03 -6.30782664e+01 -2.54537694e+03 
 3.98107171e+03 -6.30980782e+01 -2.48736753e+03 
 4.07380278e+03 -6.31174640e+01 -2.43067669e+03 
 4.16869383e+03 -6.31364542e+01 -2.37527436e+03 
 4.26579519e+03 -6.31550787e+01 -2.32113117e+03 
 4.36515832e+03 -6.31733660e+01 -2.26821839e+03 
 4.46683592e+03 -6.31913445e+01 -2.21650798e+03 
 4.57088190e+03 -6.32090413e+01 -2.16597251e+03 
 4.67735141e+03 -6.32264831e+01 -2.11658517e+03 
 4.78630092e+03 -6.32436958e+01 -2.06831978e+03 
 4.89778819e+03 -6.32607045e+01 -2.02115072e+03 
 5.01187234e+03 -6.32775336e+01 -1.97505299e+03 
 5.12861384e+03 -6.32942068e+01 -1.93000213e+03 
 5.24807460e+03 -6.33107468e+01 -1.88597425e+03 
 5.37031796e+03 -6.33271759e+01 -1.84294598e+03 
 5.49540874e+03 -6.33435152e+01 -1.80089450e+03 
 5.62341325e+03 -6.33597854e+01 -1.75979750e+03 
 5.75439937e+03 -6.33760060e+01 -1.71963317e+03 
 5.88843655e+03 -6.33921958e+01 -1.68038020e+03 
 6.02559586e+03 -6.34083724e+01 -1.64201776e+03 
 6.16595002e+03 -6.34245526e+01 -1.60452549e+03 
 6.30957344e+03 -6.34407522e+01 -1.56788350e+03 
 6.45654229e+03 -6.34569858e+01 -1.53207232e+03 
 6.60693448e+03 -6.34732667e+01 -1.49707296e+03 
 6.76082975e+03 -6.34896072e+01 -1.46286682e+03 
 6.91830971e+03 -6.35060180e+01 -1.42943576e+03 
 7.07945784e+03 -6.35225085e+01 -1.39676200e+03 
 7.24435960e+03 -6.35390866e+01 -1.36482822e+03 
 7.41310241e+03 -6.35557584e+01 -1.33361743e+03 
 7.58577575e+03 -6.35725285e+01 -1.30311307e+03 
 7.76247117e+03 -6.35893995e+01 -1.27329893e+03 
 7.94328235e+03 -6.36063720e+01 -1.24415916e+03 
 8.12830516e+03 -6.36234445e+01 -1.21567829e+03 
 8.31763771e+03 -6.36406133e+01 -1.18784117e+03 
 8.51138038e+03 -6.36578721e+01 -1.16063300e+03 
 8.70963590e+03 -6.36752124e+01 -1.13403933e+03 
 8.91250938e+03 -6.36926227e+01 -1.10804602e+03 
 9.12010839e+03 -6.37100887e+01 -1.08263923e+03 
 9.33254301e+03 -6.37275929e+01 -1.05780546e+03 
 9.54992586e+03 -6.37451149e+01 -1.03353151e+03 
 9.77237221e+03 -6.37626305e+01 -1.00980444e+03 
 1.00000000e+04 -6.37801123e+01 -9.86611647e+02 
 1.02329299e+04 -6.37975287e+01 -9.63940781e+02 
 1.04712855e+04 -6.38148445e+01 -9.41779778e+02 
 1.07151931e+04 -6.38320201e+01 -9.20116842e+02 
 1.09647820e+04 -6.38490116e+01 -8.98940441e+02 
 1.12201845e+04 -6.38657705e+01 -8.78239303e+02 
 1.14815362e+04 -6.38822438e+01 -8.58002405e+02 
 1.17489755e+04 -6.38983734e+01 -8.38218974e+02 
 1.20226443e+04 -6.39140959e+01 -8.18878475e+02 
 1.23026877e+04 -6.39293431e+01 -7.99970610e+02 
 1.25892541e+04 -6.39440409e+01 -7.81485312e+02 
 1.28824955e+04 -6.39581098e+01 -7.63412740e+02 
 1.31825674e+04 -6.39714646e+01 -7.45743273e+02 
 1.34896288e+04 -6.39840141e+01 -7.28467504e+02 
 1.38038426e+04 -6.39956610e+01 -7.11576239e+02 
 1.41253754e+04 -6.40063020e+01 -6.95060491e+02 
 1.44543977e+04 -6.40158274e+01 -6.78911473e+02 
 1.47910839e+04 -6.40241213e+01 -6.63120598e+02 
 1.51356125e+04 -6.40310611e+01 -6.47679471e+02 
 1.54881662e+04 -6.40365180e+01 -6.32579887e+02 
 1.58489319e+04 -6.40403563e+01 -6.17813825e+02 
 1.62181010e+04 -6.40424341e+01 -6.03373448e+02 
 1.65958691e+04 -6.40426024e+01 -5.89251095e+02 
 1.69824365e+04 -6.40407060e+01 -5.75439279e+02 
 1.73780083e+04 -6.40365826e+01 -5.61930684e+02 
 1.77827941e+04 -6.40300637e+01 -5.48718160e+02 
 1.81970086e+04 -6.40209738e+01 -5.35794721e+02 
 1.86208714e+04 -6.40091310e+01 -5.23153541e+02 
 1.90546072e+04 -6.39943467e+01 -5.10787949e+02 
 1.94984460e+04 -6.39764258e+01 -4.98691429e+02 
 1.99526231e+04 -6.39551667e+01 -4.86857615e+02 
 2.04173794e+04 -6.39303614e+01 -4.75280288e+02 
 2.08929613e+04 -6.39017953e+01 -4.63953373e+02 
 2.13796209e+04 -6.38692476e+01 -4.52870936e+02 
 2.18776162e+04 -6.38324910e+01 -4.42027181e+02 
 2.23872114e+04 -6.37912919e+01 -4.31416448e+02 
 2.29086765e+04 -6.37454104e+01 -4.21033210e+02 
 2.34422882e+04 -6.36946003e+01 -4.10872069e+02 
 2.39883292e+04 -6.36386090e+01 -4.00927756e+02 
 2.45470892e+04 -6.35771779e+01 -3.91195125e+02 
 2.51188643e+04 -6.35100417e+01 -3.81669153e+02 
 2.57039578e+04 -6.34369289e+01 -3.72344939e+02 
 2.63026799e+04 -6.33575615e+01 -3.63217696e+02 
 2.69153480e+04 -6.32716552e+01 -3.54282755e+02 
 2.75422870e+04 -6.31789190e+01 -3.45535560e+02 
 2.81838293e+04 -6.30790552e+01 -3.36971666e+02 
 2.88403150e+04 -6.29717597e+01 -3.28586736e+02 
 2.95120923e+04 -6.28567214e+01 -3.20376543e+02 
 3.01995172e+04 -6.27336222e+01 -3.12336963e+02 
 3.09029543e+04 -6.26021372e+01 -3.04463976e+02 
 3.16227766e+04 -6.24619344e+01 -2.96753665e+02 
 3.23593657e+04 -6.23126745e+01 -2.89202212e+02 
 3.31131121e+04 -6.21540111e+01 -2.81805900e+02 
 3.38844156e+04 -6.19855903e+01 -2.74561108e+02 
 3.46736850e+04 -6.18070511e+01 -2.67464312e+02 
 3.54813389e+04 -6.16180250e+01 -2.60512082e+02 
 3.63078055e+04 -6.14181359e+01 -2.53701085e+02 
 3.71535229e+04 -6.12070009e+01 -2.47028077e+02 
 3.80189396e+04 -6.09842293e+01 -2.40489909e+02 
 3.89045145e+04 -6.07494238e+01 -2.34083523e+02 
 3.98107171e+04 -6.05021801e+01 -2.27805950e+02 
 4.07380278e+04 -6.02420870e+01 -2.21654314e+02 
 4.16869383e+04 -5.99687275e+01 -2.15625825e+02 
 4.26579519e+04 -5.96816785e+01 -2.09717785e+02 
 4.36515832e+04 -5.93805116e+01 -2.03927584e+02 
 4.46683592e+04 -5.90647936e+01 -1.98252700e+02 
 4.57088190e+04 -5.87340876e+01 -1.92690698e+02 
 4.67735141e+04 -5.83879532e+01 -1.87239234e+02 
 4.78630092e+04 -5.80259482e+01 -1.81896051e+02 
 4.89778819e+04 -5.76476288e+01 -1.76658978e+02 
 5.01187234e+04 -5.72525520e+01 -1.71525936e+02 
 5.12861384e+04 -5.68402758e+01 -1.66494930e+02 
 5.24807460e+04 -5.64103617e+01 -1.61564056e+02 
 5.37031796e+04 -5.59623759e+01 -1.56731497e+02 
 5.49540874e+04 -5.54958916e+01 -1.51995526e+02 
 5.62341325e+04 -5.50104908e+01 -1.47354501e+02 
 5.75439937e+04 -5.45057667e+01 -1.42806873e+02 
 5.88843655e+04 -5.39813262e+01 -1.38351178e+02 
 6.02559586e+04 -5.34367931e+01 -1.33986040e+02 
 6.16595002e+04 -5.28718100e+01 -1.29710173e+02 
 6.30957344e+04 -5.22860426e+01 -1.25522377e+02 
 6.45654229e+04 -5.16791821e+01 -1.21421539e+02 
 6.60693448e+04 -5.10509495e+01 -1.17406632e+02 
 6.76082975e+04 -5.04010988e+01 -1.13476716e+02 
 6.91830971e+04 -4.97294213e+01 -1.09630931e+02 
 7.07945784e+04 -4.90357498e+01 -1.05868503e+02 
 7.24435960e+04 -4.83199623e+01 -1.02188736e+02 
 7.41310241e+04 -4.75819872e+01 -9.85910139e+01 
 7.58577575e+04 -4.68218073e+01 -9.50747941e+01 
 7.76247117e+04 -4.60394648e+01 -9.16396079e+01 
 7.94328235e+04 -4.52350655e+01 -8.82850550e+01 
 8.12830516e+04 -4.44087837e+01 -8.50108000e+01 
 8.31763771e+04 -4.35608670e+01 -8.18165678e+01 
 8.51138038e+04 -4.26916404e+01 -7.87021384e+01 
 8.70963590e+04 -4.18015106e+01 -7.56673416e+01 
 8.91250938e+04 -4.08909705e+01 -7.27120502e+01 
 9.12010839e+04 -3.99606025e+01 -6.98361737e+01 
 9.33254301e+04 -3.90110819e+01 -6.70396507e+01 
 9.54992586e+04 -3.80431800e+01 -6.43224408e+01 
 9.77237221e+04 -3.70577660e+01 -6.16845165e+01 
 1.00000000e+05 -3.60558093e+01 -5.91258536e+01 
 1.02329299e+05 -3.50383795e+01 -5.66464226e+01 
 1.04712855e+05 -3.40066475e+01 -5.42461780e+01 
 1.07151931e+05 -3.29618837e+01 -5.19250487e+01 
 1.09647820e+05 -3.19054571e+01 -4.96829272e+01 
 1.12201845e+05 -3.08388317e+01 -4.75196597e+01 
 1.14815362e+05 -2.97635631e+01 -4.54350350e+01 
 1.17489755e+05 -2.86812933e+01 -4.34287744e+01 
 1.20226443e+05 -2.75937444e+01 -4.15005215e+01 
 1.23026877e+05 -2.65027110e+01 -3.96498328e+01 
 1.25892541e+05 -2.54100522e+01 -3.78761681e+01 
 1.28824955e+05 -2.43176814e+01 -3.61788826e+01 
 1.31825674e+05 -2.32275559e+01 -3.45572193e+01 
 1.34896288e+05 -2.21416651e+01 -3.30103024e+01 
 1.38038426e+05 -2.10620181e+01 -3.15371322e+01 
 1.41253754e+05 -1.99906302e+01 -3.01365812e+01 
 1.44543977e+05 -1.89295096e+01 -2.88073916e+01 
 1.47910839e+05 -1.78806425e+01 -2.75481745e+01 
 1.51356125e+05 -1.68459795e+01 -2.63574103e+01 
 1.54881662e+05 -1.58274207e+01 -2.52334512e+01 
 1.58489319e+05 -1.48268021e+01 -2.41745250e+01 
 1.62181010e+05 -1.38458813e+01 -2.31787411e+01 
 1.65958691e+05 -1.28863253e+01 -2.22440970e+01 
 1.69824365e+05 -1.19496977e+01 -2.13684875e+01 
 1.73780083e+05 -1.10374482e+01 -2.05497143e+01 
 1.77827941e+05 -1.01509026e+01 -1.97854976e+01 
 1.81970086e+05 -9.29125436e+00 -1.90734879e+01 
 1.86208714e+05 -8.45955796e+00 -1.84112797e+01 
 1.90546072e+05 -7.65672354e+00 -1.77964243e+01 
 1.94984460e+05 -6.88351341e+00 -1.72264452e+01 
 1.99526231e+05 -6.14054015e+00 -1.66988510e+01 
 2.04173794e+05 -5.42826648e+00 -1.62111509e+01 
 2.08929613e+05 -4.74700677e+00 -1.57608680e+01 
 2.13796209e+05 -4.09693008e+00 -1.53455528e+01 
 2.18776162e+05 -3.47806471e+00 -1.49627965e+01 
 2.23872114e+05 -2.89030409e+00 -1.46102425e+01 
 2.29086765e+05 -2.33341380e+00 -1.42855980e+01 
 2.34422882e+05 -1.80703977e+00 -1.39866432e+01 
 2.39883292e+05 -1.31071713e+00 -1.37112406e+01 
 2.45470892e+05 -8.43879886e-01 -1.34573423e+01 
 2.51188643e+05 -4.05871046e-01 -1.32229960e+01 
 2.57039578e+05  4.04699980e-03 -1.30063500e+01 
 2.63026799e+05  3.86681898e-01 -1.28056570e+01 
 2.69153480e+05  7.42900811e-01 -1.26192759e+01 
 2.75422870e+05  1.07362006e+00 -1.24456734e+01 
 2.81838293e+05  1.37979508e+00 -1.22834238e+01 
 2.88403150e+05  1.66241078e+00 -1.21312083e+01 
 2.95120923e+05  1.92247245e+00 -1.19878126e+01 
 3.01995172e+05  2.16099724e+00 -1.18521249e+01 
 3.09029543e+05  2.37900632e+00 -1.17231317e+01 
 3.16227766e+05  2.57751768e+00 -1.15999146e+01 
 3.23593657e+05  2.75753974e+00 -1.14816452e+01 
 3.31131121e+05  2.92006565e+00 -1.13675806e+01 
 3.38844156e+05  3.06606830e+00 -1.12570582e+01 
 3.46736850e+05  3.19649609e+00 -1.11494903e+01 
 3.54813389e+05  3.31226939e+00 -1.10443592e+01 
 3.63078055e+05  3.41427760e+00 -1.09412109e+01 
 3.71535229e+05  3.50337696e+00 -1.08396507e+01 
 3.80189396e+05  3.58038878e+00 -1.07393375e+01 
 3.89045145e+05  3.64609831e+00 -1.06399788e+01 
 3.98107171e+05  3.70125404e+00 -1.05413257e+01 
 4.07380278e+05  3.74656747e+00 -1.04431686e+01 
 4.16869383e+05  3.78271319e+00 -1.03453327e+01 
 4.26579519e+05  3.81032934e+00 -1.02476739e+01 
 4.36515832e+05  3.83001835e+00 -1.01500748e+01 
 4.46683592e+05  3.84234789e+00 -1.00524417e+01 
 4.57088190e+05  3.84785200e+00 -9.95470104e+00 
 4.67735141e+05  3.84703243e+00 -9.85679646e+00 
 4.78630092e+05  3.84036006e+00 -9.75868647e+00 
 4.89778819e+05  3.82827636e+00 -9.66034189e+00 
 5.01187234e+05  3.81119500e+00 -9.56174389e+00 
 5.12861384e+05  3.78950340e+00 -9.46288214e+00 
 5.24807460e+05  3.76356434e+00 -9.36375322e+00 
 5.37031796e+05  3.73371749e+00 -9.26435927e+00 
 5.49540874e+05  3.70028103e+00 -9.16470683e+00 
 5.62341325e+05  3.66355306e+00 -9.06480586e+00 
 5.75439937e+05  3.62381311e+00 -8.96466892e+00 
 5.88843655e+05  3.58132344e+00 -8.86431053e+00 
 6.02559586e+05  3.53633039e+00 -8.76374666e+00 
 6.16595002e+05  3.48906558e+00 -8.66299426e+00 
 6.30957344e+05  3.43974704e+00 -8.56207104e+00 
 6.45654229e+05  3.38858026e+00 -8.46099520e+00 
 6.60693448e+05  3.33575917e+00 -8.35978528e+00 
 6.76082975e+05  3.28146699e+00 -8.25846013e+00 
 6.91830971e+05  3.22587707e+00 -8.15703885e+00 
 7.07945784e+05  3.16915358e+00 -8.05554081e+00 
 7.24435960e+05  3.11145217e+00 -7.95398568e+00 
 7.41310241e+05  3.05292054e+00 -7.85239352e+00 
 7.58577575e+05  2.99369894e+00 -7.75078482e+00 
 7.76247117e+05  2.93392063e+00 -7.64918063e+00 
 7.94328235e+05  2.87371221e+00 -7.54760260e+00 
 8.12830516e+05  2.81319405e+00 -7.44607312e+00 
 8.31763771e+05  2.75248047e+00 -7.34461532e+00 
 8.51138038e+05  2.69168006e+00 -7.24325321e+00 
 8.70963590e+05  2.63089587e+00 -7.14201167e+00 
 8.91250938e+05  2.57022555e+00 -7.04091653e+00 
 9.12010839e+05  2.50976154e+00 -6.93999456e+00 
 9.33254301e+05  2.44959120e+00 -6.83927348e+00 
 9.54992586e+05  2.38979689e+00 -6.73878195e+00 
 9.77237221e+05  2.33045611e+00 -6.63854953e+00 
 1.00000000e+06  2.27164152e+00 -6.53860663e+00 
 1.02329299e+06  2.21342112e+00 -6.43898444e+00 
 1.04712855e+06  2.15585823e+00 -6.33971487e+00 
 1.07151931e+06  2.09901164e+00 -6.24083044e+00 
 1.09647820e+06  2.04293564e+00 -6.14236417e+00 
 1.12201845e+06  1.98768013e+00 -6.04434949e+00 
 1.14815362e+06  1.93329070e+00 -5.94682011e+00 
 1.17489755e+06  1.87980871e+00 -5.84980990e+00 
 1.20226443e+06  1.82727142e+00 -5.75335276e+00 
 1.23026877e+06  1.77571205e+00 -5.65748246e+00 
 1.25892541e+06  1.72515993e+00 -5.56223257e+00 
 1.28824955e+06  1.67564058e+00 -5.46763628e+00 
 1.31825674e+06  1.62717591e+00 -5.37372630e+00 
 1.34896288e+06  1.57978425e+00 -5.28053472e+00 
 1.38038426e+06  1.53348059e+00 -5.18809292e+00 
 1.41253754e+06  1.48827665e+00 -5.09643143e+00 
 1.44543977e+06  1.44418106e+00 -5.00557985e+00 
 1.47910839e+06  1.40119952e+00 -4.91556675e+00 
 1.51356125e+06  1.35933493e+00 -4.82641958e+00 
 1.54881662e+06  1.31858759e+00 -4.73816460e+00 
 1.58489319e+06  1.27895531e+00 -4.65082679e+00 
 1.62181010e+06  1.24043359e+00 -4.56442983e+00 
 1.65958691e+06  1.20301578e+00 -4.47899602e+00 
 1.69824365e+06  1.16669325e+00 -4.39454627e+00 
 1.73780083e+06  1.13145553e+00 -4.31110002e+00 
 1.77827941e+06  1.09729043e+00 -4.22867527e+00 
 1.81970086e+06  1.06418427e+00 -4.14728854e+00 
 1.86208714e+06  1.03212193e+00 -4.06695487e+00 
 1.90546072e+06  1.00108707e+00 -3.98768782e+00 
 1.94984460e+06  9.71062212e-01 -3.90949946e+00 
 1.99526231e+06  9.42028882e-01 -3.83240045e+00 
 2.04173794e+06  9.13967752e-01 -3.75639996e+00 
 2.08929613e+06  8.86858737e-01 -3.68150579e+00 
 2.13796209e+06  8.60681114e-01 -3.60772434e+00 
 2.18776162e+06  8.35413630e-01 -3.53506068e+00 
 2.23872114e+06  8.11034597e-01 -3.46351857e+00 
 2.29086765e+06  7.87521987e-01 -3.39310051e+00 
 2.34422882e+06  7.64853518e-01 -3.32380777e+00 
 2.39883292e+06  7.43006735e-01 -3.25564046e+00 
 2.45470892e+06  7.21959088e-01 -3.18859758e+00 
 2.51188643e+06  7.01687995e-01 -3.12267702e+00 
 2.57039578e+06  6.82170911e-01 -3.05787568e+00 
 2.63026799e+06  6.63385382e-01 -2.99418947e+00 
 2.69153480e+06  6.45309099e-01 -2.93161339e+00 
 2.75422870e+06  6.27919947e-01 -2.87014157e+00 
 2.81838293e+06  6.11196044e-01 -2.80976731e+00 
 2.88403150e+06  5.95115784e-01 -2.75048317e+00 
 2.95120923e+06  5.79657867e-01 -2.69228097e+00 
 3.01995172e+06  5.64801331e-01 -2.63515186e+00 
 3.09029543e+06  5.50525575e-01 -2.57908637e+00 
 3.16227766e+06  5.36810386e-01 -2.52407449e+00 
 3.23593657e+06  5.23635955e-01 -2.47010563e+00 
 3.31131121e+06  5.10982892e-01 -2.41716874e+00 
 3.38844156e+06  4.98832243e-01 -2.36525232e+00 
 3.46736850e+06  4.87165497e-01 -2.31434448e+00 
 3.54813389e+06  4.75964594e-01 -2.26443295e+00 
 3.63078055e+06  4.65211933e-01 -2.21550513e+00 
 3.71535229e+06  4.54890374e-01 -2.16754814e+00 
 3.80189396e+06  4.44983240e-01 -2.12054884e+00 
 3.89045145e+06  4.35474318e-01 -2.07449385e+00 
 3.98107171e+06  4.26347857e-01 -2.02936961e+00 
 4.07380278e+06  4.17588565e-01 -1.98516238e+00 
 4.16869383e+06  4.09181607e-01 -1.94185828e+00 
 4.26579519e+06  4.01112595e-01 -1.89944331e+00 
 4.36515832e+06  3.93367589e-01 -1.85790341e+00 
 4.46683592e+06  3.85933085e-01 -1.81722440e+00 
 4.57088190e+06  3.78796011e-01 -1.77739209e+00 
 4.67735141e+06  3.71943714e-01 -1.73839225e+00 
 4.78630092e+06  3.65363959e-01 -1.70021062e+00 
 4.89778819e+06  3.59044911e-01 -1.66283296e+00 
 5.01187234e+06  3.52975135e-01 -1.62624506e+00 
 5.12861384e+06  3.47143578e-01 -1.59043273e+00 
 5.24807460e+06  3.41539564e-01 -1.55538181e+00 
 5.37031796e+06  3.36152785e-01 -1.52107824e+00 
 5.49540874e+06  3.30973285e-01 -1.48750799e+00 
 5.62341325e+06  3.25991458e-01 -1.45465713e+00 
 5.75439937e+06  3.21198032e-01 -1.42251181e+00 
 5.88843655e+06  3.16584061e-01 -1.39105827e+00 
 6.02559586e+06  3.12140915e-01 -1.36028286e+00 
 6.16595002e+06  3.07860272e-01 -1.33017203e+00 
 6.30957344e+06  3.03734106e-01 -1.30071233e+00 
 6.45654229e+06  2.99754680e-01 -1.27189046e+00 
 6.60693448e+06  2.95914536e-01 -1.24369321e+00 
 6.76082975e+06  2.92206485e-01 -1.21610750e+00 
 6.91830971e+06  2.88623601e-01 -1.18912038e+00 
 7.07945784e+06  2.85159212e-01 -1.16271903e+00 
 7.24435960e+06  2.81806891e-01 -1.13689073e+00 
 7.41310241e+06  2.78560453e-01 -1.11162294e+00 
 7.58577575e+06  2.75413940e-01 -1.08690319e+00 
 7.76247117e+06  2.72361623e-01 -1.06271919e+00 
 7.94328235e+06  2.69397992e-01 -1.03905874e+00 
 8.12830516e+06  2.66517747e-01 -1.01590980e+00 
 8.31763771e+06  2.63715799e-01 -9.93260425e-01 
 8.51138038e+06  2.60987261e-01 -9.71098819e-01 
 8.70963590e+06  2.58327445e-01 -9.49413298e-01 
 8.91250938e+06  2.55731855e-01 -9.28192302e-01 
 9.12010839e+06  2.53196189e-01 -9.07424390e-01 
 9.33254301e+06  2.50716331e-01 -8.87098240e-01 
 9.54992586e+06  2.48288351e-01 -8.67202645e-01 
 9.77237221e+06  2.45908500e-01 -8.47726511e-01 
 1.00000000e+07  2.43573211e-01 -8.28658857e-01 
 1.02329299e+07  2.41279096e-01 -8.09988808e-01 
 1.04712855e+07  2.39022945e-01 -7.91705601e-01 
 1.07151931e+07  2.36801729e-01 -7.73798575e-01 
 1.09647820e+07  2.34612592e-01 -7.56257175e-01 
 1.12201845e+07  2.32452859e-01 -7.39070948e-01 
 1.14815362e+07  2.30320033e-01 -7.22229544e-01 
 1.17489755e+07  2.28211795e-01 -7.05722711e-01 
 1.20226443e+07  2.26126009e-01 -6.89540301e-01 
 1.23026877e+07  2.24060718e-01 -6.73672261e-01 
 1.25892541e+07  2.22014152e-01 -6.58108643e-01 
 1.28824955e+07  2.19984725e-01 -6.42839598e-01 
 1.31825674e+07  2.17971037e-01 -6.27855377e-01 
 1.34896288e+07  2.15971881e-01 -6.13146337e-01 
 1.38038426e+07  2.13986240e-01 -5.98702940e-01 
 1.41253754e+07  2.12013293e-01 -5.84515754e-01 
 1.44543977e+07  2.10052415e-01 -5.70575460e-01 
 1.47910839e+07  2.08103180e-01 -5.56872853e-01 
 1.51356125e+07  2.06165364e-01 -5.43398845e-01 
 1.54881662e+07  2.04238945e-01 -5.30144473e-01 
 1.58489319e+07  2.02324105e-01 -5.17100901e-01 
 1.62181010e+07  2.00421234e-01 -5.04259426e-01 
 1.65958691e+07  1.98530929e-01 -4.91611486e-01 
 1.69824365e+07  1.96653992e-01 -4.79148665e-01 
 1.73780083e+07  1.94791436e-01 -4.66862698e-01 
 1.77827941e+07  1.92944481e-01 -4.54745484e-01 
 1.81970086e+07  1.91114554e-01 -4.42789086e-01 
 1.86208714e+07  1.89303286e-01 -4.30985745e-01 
 1.90546072e+07  1.87512512e-01 -4.19327884e-01 
 1.94984460e+07  1.85744271e-01 -4.07808121e-01 
 1.99526231e+07  1.84000794e-01 -3.96419272e-01 
 2.04173794e+07  1.82284511e-01 -3.85154363e-01 
 2.08929613e+07  1.80598038e-01 -3.74006636e-01 
 2.13796209e+07  1.78944175e-01 -3.62969562e-01 
 2.18776162e+07  1.77325900e-01 -3.52036843e-01 
 2.23872114e+07  1.75746361e-01 -3.41202424e-01 
 2.29086765e+07  1.74208873e-01 -3.30460502e-01 
 2.34422882e+07  1.72716903e-01 -3.19805529e-01 
 2.39883292e+07  1.71274066e-01 -3.09232224e-01 
 2.45470892e+07  1.69884117e-01 -2.98735574e-01 
 2.51188643e+07  1.68550937e-01 -2.88310849e-01 
 2.57039578e+07  1.67278527e-01 -2.77953597e-01 
 2.63026799e+07  1.66070995e-01 -2.67659659e-01 
 2.69153480e+07  1.64932548e-01 -2.57425169e-01 
 2.75422870e+07  1.63867475e-01 -2.47246556e-01 
 2.81838293e+07  1.62880143e-01 -2.37120555e-01 
 2.88403150e+07  1.61974979e-01 -2.27044202e-01 
 2.95120923e+07  1.61156463e-01 -2.17014842e-01 
 3.01995172e+07  1.60429112e-01 -2.07030127e-01 
 3.09029543e+07  1.59797470e-01 -1.97088020e-01 
 3.16227766e+07  1.59266095e-01 -1.87186796e-01 
 3.23593657e+07  1.58839548e-01 -1.77325041e-01 
 3.31131121e+07  1.58522380e-01 -1.67501650e-01 
 3.38844156e+07  1.58319119e-01 -1.57715830e-01 
 3.46736850e+07  1.58234260e-01 -1.47967096e-01 
 3.54813389e+07  1.58272251e-01 -1.38255271e-01 
 3.63078055e+07  1.58437482e-01 -1.28580485e-01 
 3.71535229e+07  1.58734272e-01 -1.18943167e-01 
 3.80189396e+07  1.59166858e-01 -1.09344050e-01 
 3.89045145e+07  1.59739386e-01 -9.97841627e-02 
 3.98107171e+07  1.60455891e-01 -9.02648269e-02 
 4.07380278e+07  1.61320295e-01 -8.07876553e-02 
 4.16869383e+07  1.62336387e-01 -7.13545457e-02 
 4.26579519e+07  1.63507818e-01 -6.19676777e-02 
 4.36515832e+07  1.64838082e-01 -5.26295070e-02 
 4.46683592e+07  1.66330510e-01 -4.33427607e-02 
 4.57088190e+07  1.67988255e-01 -3.41104315e-02 
 4.67735141e+07  1.69814279e-01 -2.49357715e-02 
 4.78630092e+07  1.71811342e-01 -1.58222857e-02 
 4.89778819e+07  1.73981991e-01 -6.77372474e-03 
 5.01187234e+07  1.76328542e-01  2.20592277e-03 
 5.12861384e+07  1.78853073e-01  1.11124389e-02 
 5.24807460e+07  1.81557410e-01  1.99413855e-02 
 5.37031796e+07  1.84443108e-01  2.86881142e-02 
 5.49540874e+07  1.87511449e-01  3.73477776e-02 
 5.62341325e+07  1.90763418e-01  4.59153408e-02 
 5.75439937e+07  1.94199698e-01  5.43855946e-02 
 5.88843655e+07  1.97820654e-01  6.27531691e-02 
 6.02559586e+07  2.01626323e-01  7.10125494e-02 
 6.16595002e+07  2.05616398e-01  7.91580911e-02 
 6.30957344e+07  2.09790221e-01  8.71840387e-02 
 6.45654229e+07  2.14146771e-01  9.50845436e-02 
 6.60693448e+07  2.18684653e-01  1.02853684e-01 
 6.76082975e+07  2.23402094e-01  1.10485488e-01 
 6.91830971e+07  2.28296926e-01  1.17973953e-01 
 7.07945784e+07  2.33366589e-01  1.25313071e-01 
 7.24435960e+07  2.38608123e-01  1.32496853e-01 
 7.41310241e+07  2.44018161e-01  1.39519356e-01 
 7.58577575e+07  2.49592932e-01  1.46374706e-01 
 7.76247117e+07  2.55328261e-01  1.53057130e-01 
 7.94328235e+07  2.61219568e-01  1.59560981e-01 
 8.12830516e+07  2.67261876e-01  1.65880765e-01 
 8.31763771e+07  2.73449817e-01  1.72011173e-01 
 8.51138038e+07  2.79777638e-01  1.77947107e-01 
 8.70963590e+07  2.86239218e-01  1.83683711e-01 
 8.91250938e+07  2.92828078e-01  1.89216395e-01 
 9.12010839e+07  2.99537399e-01  1.94540865e-01 
 9.33254301e+07  3.06360041e-01  1.99653149e-01 
 9.54992586e+07  3.13288563e-01  2.04549620e-01 
 9.77237221e+07  3.20315249e-01  2.09227021e-01 
 1.00000000e+08  3.27432129e-01  2.13682487e-01 
