 frequency              yer                    yei                    yfr                    yfi                   
 1.000000000000000e+00 -2.876346086947500e-29  1.591549430918954e-13  1.939094183891771e-04 -0.000000000000000e+00 
 1.023292992280754e+00 -2.856311255808558e-29  1.555321342885040e-13  1.939094183891777e-04 -0.000000000000000e+00 
 1.047128548050899e+00 -2.837182500473863e-29  1.519917906814237e-13  1.939094183891782e-04 -0.000000000000000e+00 
 1.071519305237606e+00 -2.818918676309151e-29  1.485320351336117e-13  1.939094183891789e-04 -0.000000000000000e+00 
 1.096478196143185e+00 -2.801480521300321e-29  1.451510332368816e-13  1.939094183891795e-04 -0.000000000000000e+00 
 1.122018454301963e+00 -2.784830568832469e-29  1.418469923392746e-13  1.939094183891801e-04 -0.000000000000000e+00 
 1.148153621496882e+00 -2.768933064452666e-29  1.386181605945729e-13  1.939094183891809e-04 -0.000000000000000e+00 
 1.174897554939529e+00 -2.753753886997911e-29  1.354628260334467e-13  1.939094183891815e-04 -0.000000000000000e+00 
 1.202264434617413e+00 -2.739260472750126e-29  1.323793156557459e-13  1.939094183891823e-04 -0.000000000000000e+00 
 1.230268770812381e+00 -2.725421743786350e-29  1.293659945434532e-13  1.939094183891831e-04 -0.000000000000000e+00 
 1.258925411794167e+00 -2.712208039606891e-29  1.264212649938288e-13  1.939094183891839e-04 -0.000000000000000e+00 
 1.288249551693134e+00 -2.699591051189722e-29  1.235435656722873e-13  1.939094183891848e-04 -0.000000000000000e+00 
 1.318256738556407e+00 -2.687543759666277e-29  1.207313707845577e-13  1.939094183891856e-04  9.765625000000000e-04 
 1.348962882591653e+00 -2.676040376090840e-29  1.179831892676867e-13  1.939094183891866e-04  9.765625000000000e-04 
 1.380384264602885e+00 -2.665056285617252e-29  1.152975639994576e-13  1.939094183891876e-04 -0.000000000000000e+00 
 1.412537544622754e+00 -2.654567993109995e-29  1.126730710258047e-13  1.939094183891886e-04 -0.000000000000000e+00 
 1.445439770745927e+00 -2.644553072125557e-29  1.101083188058141e-13  1.939094183891897e-04 -0.000000000000000e+00 
 1.479108388168207e+00 -2.634990115443405e-29  1.076019474739102e-13  1.939094183891908e-04 -0.000000000000000e+00 
 1.513561248436208e+00 -2.625858688811424e-29  1.051526281188371e-13  1.939094183891921e-04 -0.000000000000000e+00 
 1.548816618912481e+00 -2.617139286270237e-29  1.027590620790522e-13  1.939094183891932e-04 -0.000000000000000e+00 
 1.584893192461113e+00 -2.608813287451965e-29  1.004199802541586e-13  1.939094183891945e-04 -0.000000000000000e+00 
 1.621810097358929e+00 -2.600862917339930e-29  9.813414243201136e-14  1.939094183891960e-04 -0.000000000000000e+00 
 1.659586907437560e+00 -2.593271207623975e-29  9.590033663114049e-14  1.939094183891974e-04 -0.000000000000000e+00 
 1.698243652461743e+00 -2.586021959597171e-29  9.371737845814247e-14  1.939094183891989e-04 -0.000000000000000e+00 
 1.737800828749374e+00 -2.579099709451863e-29  9.158411047969910e-14  1.939094183892004e-04 -0.000000000000000e+00 
 1.778279410038922e+00 -2.572489694372137e-29  8.949940160889110e-14  1.939094183892021e-04 -0.000000000000000e+00 
 1.819700858609982e+00 -2.566177820870597e-29  8.746214650548076e-14  1.939094183892038e-04 -0.000000000000000e+00 
 1.862087136662866e+00 -2.560150634033227e-29  8.547126498984598e-14  1.939094183892056e-04 -0.000000000000000e+00 
 1.905460717963246e+00 -2.554395288643034e-29  8.352570147025477e-14  1.939094183892075e-04 -0.000000000000000e+00 
 1.949844599758044e+00 -2.548899521408029e-29  8.162442438317641e-14  1.939094183892094e-04  1.953125000000000e-03 
 1.995262314968878e+00 -2.543651624350209e-29  7.976642564633305e-14  1.939094183892115e-04 -0.000000000000000e+00 
 2.041737944669527e+00 -2.538640419753557e-29  7.795072012420083e-14  1.939094183892137e-04 -0.000000000000000e+00 
 2.089296130854037e+00 -2.533855235900970e-29  7.617634510567821e-14  1.939094183892159e-04 -0.000000000000000e+00 
 2.137962089502230e+00 -2.529285884273266e-29  7.444235979364374e-14  1.939094183892183e-04 -0.000000000000000e+00 
 2.187761623949550e+00 -2.524922637397124e-29  7.274784480613299e-14  1.939094183892208e-04 -0.000000000000000e+00 
 2.238721138568337e+00 -2.520756208127208e-29  7.109190168886999e-14  1.939094183892234e-04  1.953125000000000e-03 
 2.290867652767770e+00 -2.516777729531219e-29  6.947365243889504e-14  1.939094183892261e-04 -0.000000000000000e+00 
 2.344228815319919e+00 -2.512978735953406e-29  6.789223903903567e-14  1.939094183892290e-04 -0.000000000000000e+00 
 2.398832919019488e+00 -2.509351144775571e-29  6.634682300297480e-14  1.939094183892320e-04  1.953125000000000e-03 
 2.454708915685027e+00 -2.505887239047757e-29  6.483658493067417e-14  1.939094183892351e-04 -0.000000000000000e+00 
 2.511886431509577e+00 -2.502579651023547e-29  6.336072407391742e-14  1.939094183892384e-04 -0.000000000000000e+00 
 2.570395782768860e+00 -2.499421346231443e-29  6.191845791174300e-14  1.939094183892418e-04 -0.000000000000000e+00 
 2.630267991895378e+00 -2.496405608538492e-29  6.050902173554106e-14  1.939094183892454e-04 -0.000000000000000e+00 
 2.691534803926912e+00 -2.493526025656382e-29  5.913166824359488e-14  1.939094183892491e-04 -0.000000000000000e+00 
 2.754228703338163e+00 -2.490776475497783e-29  5.778566714485160e-14  1.939094183892530e-04  1.953125000000000e-03 
 2.818382931264450e+00 -2.488151112951203e-29  5.647030477171231e-14  1.939094183892572e-04 -0.000000000000000e+00 
 2.884031503126602e+00 -2.485644357545609e-29  5.518488370163581e-14  1.939094183892615e-04 -0.000000000000000e+00 
 2.951209226666381e+00 -2.483250881352295e-29  5.392872238735618e-14  1.939094183892661e-04 -0.000000000000000e+00 
 3.019951720402012e+00 -2.480965597684507e-29  5.270115479551738e-14  1.939094183892708e-04 -0.000000000000000e+00 
 3.090295432513586e+00 -2.478783650199569e-29  5.150153005353339e-14  1.939094183892758e-04 -0.000000000000000e+00 
 3.162277660168374e+00 -2.476700402543197e-29  5.032921210448714e-14  1.939094183892809e-04 -0.000000000000000e+00 
 3.235936569296277e+00 -2.474711428424703e-29  4.918357936988456e-14  1.939094183892864e-04 -0.000000000000000e+00 
 3.311311214825905e+00 -2.472812502151861e-29  4.806402442008553e-14  1.939094183892920e-04 -0.000000000000000e+00 
 3.388441561392020e+00 -2.470999589660472e-29  4.696995365223661e-14  1.939094183892980e-04 -0.000000000000000e+00 
 3.467368504525310e+00 -2.469268839857092e-29  4.590078697553495e-14  1.939094183893043e-04 -0.000000000000000e+00 
 3.548133892335748e+00 -2.467616576425518e-29  4.485595750365644e-14  1.939094183893108e-04 -0.000000000000000e+00 
 3.630780547701007e+00 -2.466039289995954e-29  4.383491125418515e-14  1.939094183893176e-04  3.906250000000000e-03 
 3.715352290971718e+00 -2.464533630625927e-29  4.283710685488449e-14  1.939094183893248e-04  3.906250000000000e-03 
 3.801893963205605e+00 -2.463096400689754e-29  4.186201525665444e-14  1.939094183893323e-04 -0.000000000000000e+00 
 3.890451449942799e+00 -2.461724548058487e-29  4.090911945302272e-14  1.939094183893402e-04  3.906250000000000e-03 
 3.981071705534965e+00 -2.460415159582983e-29  3.997791420602122e-14  1.939094183893483e-04 -0.000000000000000e+00 
 4.073802778041119e+00 -2.459165454903797e-29  3.906790577830202e-14  1.939094183893570e-04 -0.000000000000000e+00 
 4.168693834703346e+00 -2.457972780510971e-29  3.817861167135131e-14  1.939094183893660e-04  3.906250000000000e-03 
 4.265795188015918e+00 -2.456834604105478e-29  3.730956036966245e-14  1.939094183893754e-04 -0.000000000000000e+00 
 4.365158322401651e+00 -2.455748509196404e-29  3.646029109073197e-14  1.939094183893853e-04 -0.000000000000000e+00 
 4.466835921509622e+00 -2.454712189983504e-29  3.563035354074682e-14  1.939094183893957e-04  3.906250000000000e-03 
 4.570881896148741e+00 -2.453723446407307e-29  3.481930767583244e-14  1.939094183894065e-04  3.906250000000000e-03 
 4.677351412871972e+00 -2.452780179496684e-29  3.402672346873583e-14  1.939094183894179e-04 -0.000000000000000e+00 
 4.786300923226373e+00 -2.451880386883272e-29  3.325218068081926e-14  1.939094183894298e-04  3.906250000000000e-03 
 4.897788193684452e+00 -2.451022158565058e-29  3.249526863924432e-14  1.939094183894423e-04 -0.000000000000000e+00 
 5.011872336272712e+00 -2.450203672822453e-29  3.175558601922764e-14  1.939094183894552e-04 -0.000000000000000e+00 
 5.128613839913638e+00 -2.449423192351099e-29  3.103274063125321e-14  1.939094183894689e-04 -0.000000000000000e+00 
 5.248074602497715e+00 -2.448679060564962e-29  3.032634921312835e-14  1.939094183894832e-04  3.906250000000000e-03 
 5.370317963702516e+00 -2.447969698071409e-29  2.963603722677299e-14  1.939094183894982e-04 -0.000000000000000e+00 
 5.495408738576233e+00 -2.447293599306316e-29  2.896143865963460e-14  1.939094183895139e-04 -0.000000000000000e+00 
 5.623413251903478e+00 -2.446649329364574e-29  2.830219583062349e-14  1.939094183895303e-04 -0.000000000000000e+00 
 5.754399373371556e+00 -2.446035520908106e-29  2.765795920046563e-14  1.939094183895474e-04 -0.000000000000000e+00 
 5.888436553555876e+00 -2.445450871282416e-29  2.702838718637223e-14  1.939094183895654e-04 -0.000000000000000e+00 
 6.025595860743564e+00 -2.444894139741613e-29  2.641314598092805e-14  1.939094183895843e-04 -0.000000000000000e+00 
 6.165950018614807e+00 -2.444364144821039e-29  2.581190937510227e-14  1.939094183896040e-04 -0.000000000000000e+00 
 6.309573444801917e+00 -2.443859761803477e-29  2.522435858528819e-14  1.939094183896247e-04 -0.000000000000000e+00 
 6.456542290346539e+00 -2.443379920353992e-29  2.465018208427988e-14  1.939094183896463e-04 -0.000000000000000e+00 
 6.606934480075944e+00 -2.442923602233000e-29  2.408907543609638e-14  1.939094183896690e-04 -0.000000000000000e+00 
 6.760829753919801e+00 -2.442489839133952e-29  2.354074113456571e-14  1.939094183896927e-04 -0.000000000000000e+00 
 6.918309709189348e+00 -2.442077710629900e-29  2.300488844558312e-14  1.939094183897175e-04  7.812500000000000e-03 
 7.079457843841362e+00 -2.441686342212107e-29  2.248123325296010e-14  1.939094183897436e-04 -0.000000000000000e+00 
 7.244359600749883e+00 -2.441314903434339e-29  2.196949790778209e-14  1.939094183897708e-04  7.812500000000000e-03 
 7.413102413009157e+00 -2.440962606156919e-29  2.146941108119547e-14  1.939094183897993e-04 -0.000000000000000e+00 
 7.585775750291819e+00 -2.440628702857088e-29  2.098070762054535e-14  1.939094183898292e-04 -0.000000000000000e+00 
 7.762471166286898e+00 -2.440312485057776e-29  2.050312840878814e-14  1.939094183898604e-04 -0.000000000000000e+00 
 7.943282347242794e+00 -2.440013281809043e-29  2.003642022710426e-14  1.939094183898932e-04 -0.000000000000000e+00 
 8.128305161640972e+00 -2.439730458273839e-29  1.958033562063817e-14  1.939094183899275e-04 -0.000000000000000e+00 
 8.317637711026689e+00 -2.439463414372371e-29  1.913463276729451e-14  1.939094183899634e-04 -0.000000000000000e+00 
 8.511380382023743e+00 -2.439211583511901e-29  1.869907534952088e-14  1.939094183900010e-04 -0.000000000000000e+00 
 8.709635899560784e+00 -2.438974431381868e-29  1.827343242900910e-14  1.939094183900404e-04 -0.000000000000000e+00 
 8.912509381337431e+00 -2.438751454822076e-29  1.785747832424864e-14  1.939094183900816e-04 -0.000000000000000e+00 
 9.120108393559072e+00 -2.438542180747614e-29  1.745099249086737e-14  1.939094183901247e-04  7.812500000000000e-03 
 9.332543007969884e+00 -2.438346165152347e-29  1.705375940469596e-14  1.939094183901700e-04 -0.000000000000000e+00 
 9.549925860214332e+00 -2.438162992163719e-29  1.666556844749410e-14  1.939094183902173e-04 -0.000000000000000e+00 
 9.772372209558078e+00 -2.437992273154455e-29  1.628621379527799e-14  1.939094183902669e-04 -0.000000000000000e+00 
 9.999999999999970e+00 -2.437833645924967e-29  1.591549430918965e-14  1.939094183903188e-04 -0.000000000000000e+00 
 1.023292992280751e+01 -2.437686773932491e-29  1.555321342885050e-14  1.939094183903730e-04  7.812500000000000e-03 
 1.047128548050896e+01 -2.437551345570645e-29  1.519917906814247e-14  1.939094183904299e-04 -0.000000000000000e+00 
 1.071519305237603e+01 -2.437427073513328e-29  1.485320351336128e-14  1.939094183904896e-04 -0.000000000000000e+00 
 1.096478196143182e+01 -2.437313694112451e-29  1.451510332368826e-14  1.939094183905520e-04  7.812500000000000e-03 
 1.122018454301960e+01 -2.437210966816797e-29  1.418469923392757e-14  1.939094183906173e-04 -0.000000000000000e+00 
 1.148153621496879e+01 -2.437118673683084e-29  1.386181605945740e-14  1.939094183906857e-04 -0.000000000000000e+00 
 1.174897554939526e+01 -2.437036618902084e-29  1.354628260334479e-14  1.939094183907574e-04 -0.000000000000000e+00 
 1.202264434617409e+01 -2.436964628384822e-29  1.323793156557470e-14  1.939094183908323e-04 -0.000000000000000e+00 
 1.230268770812378e+01 -2.436902549393706e-29  1.293659945434543e-14  1.939094183909109e-04 -0.000000000000000e+00 
 1.258925411794163e+01 -2.436850250218248e-29  1.264212649938299e-14  1.939094183909932e-04 -0.000000000000000e+00 
 1.288249551693130e+01 -2.436807619894474e-29  1.235435656722885e-14  1.939094183910793e-04 -0.000000000000000e+00 
 1.318256738556403e+01 -2.436774567971191e-29  1.207313707845589e-14  1.939094183911695e-04 -0.000000000000000e+00 
 1.348962882591649e+01 -2.436751024314789e-29  1.179831892676880e-14  1.939094183912640e-04 -0.000000000000000e+00 
 1.380384264602880e+01 -2.436736938964441e-29  1.152975639994589e-14  1.939094183913629e-04 -0.000000000000000e+00 
 1.412537544622749e+01 -2.436732282022001e-29  1.126730710258060e-14  1.939094183914664e-04 -0.000000000000000e+00 
 1.445439770745922e+01 -2.436737043590489e-29  1.101083188058153e-14  1.939094183915748e-04 -0.000000000000000e+00 
 1.479108388168202e+01 -2.436751233753486e-29  1.076019474739114e-14  1.939094183916883e-04 -0.000000000000000e+00 
 1.513561248436203e+01 -2.436774882593026e-29  1.051526281188384e-14  1.939094183918073e-04 -0.000000000000000e+00 
 1.548816618912476e+01 -2.436808040258404e-29  1.027590620790535e-14  1.939094183919318e-04 -0.000000000000000e+00 
 1.584893192461108e+01 -2.436850777067690e-29  1.004199802541599e-14  1.939094183920621e-04 -0.000000000000000e+00 
 1.621810097358924e+01 -2.436903183659432e-29  9.813414243201269e-15  1.939094183921986e-04  1.562500000000000e-02 
 1.659586907437554e+01 -2.436965371184835e-29  9.590033663114182e-15  1.939094183923416e-04 -0.000000000000000e+00 
 1.698243652461738e+01 -2.437037471541473e-29  9.371737845814381e-15  1.939094183924913e-04  1.562500000000000e-02 
 1.737800828749369e+01 -2.437119637654876e-29  9.158411047970049e-15  1.939094183926480e-04 -0.000000000000000e+00 
 1.778279410038916e+01 -2.437212043802737e-29  8.949940160889250e-15  1.939094183928122e-04 -0.000000000000000e+00 
 1.819700858609976e+01 -2.437314885982234e-29  8.746214650548215e-15  1.939094183929840e-04 -0.000000000000000e+00 
 1.862087136662860e+01 -2.437428382329417e-29  8.547126498984741e-15  1.939094183931639e-04 -0.000000000000000e+00 
 1.905460717963240e+01 -2.437552773579061e-29  8.352570147025620e-15  1.939094183933524e-04 -0.000000000000000e+00 
 1.949844599758038e+01 -2.437688323575680e-29  8.162442438317788e-15  1.939094183935497e-04 -0.000000000000000e+00 
 1.995262314968872e+01 -2.437835319833657e-29  7.976642564633453e-15  1.939094183937563e-04 -0.000000000000000e+00 
 2.041737944669521e+01 -2.437994074147114e-29  7.795072012420233e-15  1.939094183939727e-04 -0.000000000000000e+00 
 2.089296130854031e+01 -2.438164923251362e-29  7.617634510567969e-15  1.939094183941992e-04  1.562500000000000e-02 
 2.137962089502224e+01 -2.438348229535370e-29  7.444235979364527e-15  1.939094183944364e-04 -0.000000000000000e+00 
 2.187761623949544e+01 -2.438544381813289e-29  7.274784480613456e-15  1.939094183946848e-04 -0.000000000000000e+00 
 2.238721138568331e+01 -2.438753796147303e-29  7.109190168887160e-15  1.939094183949449e-04 -0.000000000000000e+00 
 2.290867652767764e+01 -2.438976916730191e-29  6.947365243889666e-15  1.939094183952173e-04 -0.000000000000000e+00 
 2.344228815319913e+01 -2.439214216827467e-29  6.789223903903733e-15  1.939094183955025e-04 -0.000000000000000e+00 
 2.398832919019481e+01 -2.439466199782490e-29  6.634682300297651e-15  1.939094183958011e-04 -0.000000000000000e+00 
 2.454708915685020e+01 -2.439733400082595e-29  6.483658493067587e-15  1.939094183961139e-04 -0.000000000000000e+00 
 2.511886431509570e+01 -2.440016384492920e-29  6.336072407391917e-15  1.939094183964413e-04 -0.000000000000000e+00 
 2.570395782768853e+01 -2.440315753259834e-29  6.191845791174477e-15  1.939094183967842e-04 -0.000000000000000e+00 
 2.630267991895371e+01 -2.440632141382819e-29  6.050902173554287e-15  1.939094183971433e-04 -0.000000000000000e+00 
 2.691534803926904e+01 -2.440966219961940e-29  5.913166824359673e-15  1.939094183975193e-04  3.125000000000000e-02 
 2.754228703338154e+01 -2.441318697621019e-29  5.778566714485352e-15  1.939094183979129e-04 -0.000000000000000e+00 
 2.818382931264442e+01 -2.441690322011390e-29  5.647030477171423e-15  1.939094183983252e-04 -0.000000000000000e+00 
 2.884031503126593e+01 -2.442081881396829e-29  5.518488370163774e-15  1.939094183987569e-04 -0.000000000000000e+00 
 2.951209226666373e+01 -2.442494206326403e-29  5.392872238735816e-15  1.939094183992089e-04 -0.000000000000000e+00 
 3.019951720402003e+01 -2.442928171395363e-29  5.270115479551939e-15  1.939094183996823e-04 -0.000000000000000e+00 
 3.090295432513577e+01 -2.443384697101015e-29  5.150153005353546e-15  1.939094184001779e-04 -0.000000000000000e+00 
 3.162277660168365e+01 -2.443864751794838e-29  5.032921210448924e-15  1.939094184006969e-04 -0.000000000000000e+00 
 3.235936569296268e+01 -2.444369353736185e-29  4.918357936988670e-15  1.939094184012403e-04 -0.000000000000000e+00 
 3.311311214825896e+01 -2.444899573253000e-29  4.806402442008771e-15  1.939094184018093e-04 -0.000000000000000e+00 
 3.388441561392010e+01 -2.445456535011108e-29  4.696995365223883e-15  1.939094184024053e-04  3.125000000000000e-02 
 3.467368504525301e+01 -2.446041420400745e-29  4.590078697553720e-15  1.939094184030292e-04 -0.000000000000000e+00 
 3.548133892335738e+01 -2.446655470041514e-29  4.485595750365875e-15  1.939094184036826e-04 -0.000000000000000e+00 
 3.630780547700997e+01 -2.447299986414651e-29  4.383491125418753e-15  1.939094184043668e-04 -0.000000000000000e+00 
 3.715352290971708e+01 -2.447976336625403e-29  4.283710685488692e-15  1.939094184050832e-04 -0.000000000000000e+00 
 3.801893963205595e+01 -2.448685955302730e-29  4.186201525665689e-15  1.939094184058333e-04  3.125000000000000e-02 
 3.890451449942788e+01 -2.449430347642626e-29  4.090911945302525e-15  1.939094184066189e-04 -0.000000000000000e+00 
 3.981071705534954e+01 -2.450211092600881e-29  3.997791420602380e-15  1.939094184074414e-04 -0.000000000000000e+00 
 4.073802778041109e+01 -2.451029846241749e-29  3.906790577830464e-15  1.939094184083027e-04 -0.000000000000000e+00 
 4.168693834703335e+01 -2.451888345251245e-29  3.817861167135399e-15  1.939094184092046e-04  3.125000000000000e-02 
 4.265795188015907e+01 -2.452788410620657e-29  3.730956036966518e-15  1.939094184101491e-04 -0.000000000000000e+00 
 4.365158322401639e+01 -2.453731951509079e-29  3.646029109073476e-15  1.939094184111380e-04  3.125000000000000e-02 
 4.466835921509610e+01 -2.454720969292887e-29  3.563035354074966e-15  1.939094184121735e-04  3.125000000000000e-02 
 4.570881896148729e+01 -2.455757561811327e-29  3.481930767583538e-15  1.939094184132578e-04 -0.000000000000000e+00 
 4.677351412871960e+01 -2.456843927815922e-29  3.402672346873883e-15  1.939094184143933e-04 -0.000000000000000e+00 
 4.786300923226361e+01 -2.457982371634422e-29  3.325218068082233e-15  1.939094184155822e-04 -0.000000000000000e+00 
 4.897788193684438e+01 -2.459175308058688e-29  3.249526863924745e-15  1.939094184168271e-04 -0.000000000000000e+00 
 5.011872336272698e+01 -2.460425267466653e-29  3.175558601923083e-15  1.939094184181308e-04 -0.000000000000000e+00 
 5.128613839913623e+01 -2.461734901189643e-29  3.103274063125648e-15  1.939094184194959e-04 -0.000000000000000e+00 
 5.248074602497700e+01 -2.463106987136293e-29  3.032634921313169e-15  1.939094184209253e-04 -0.000000000000000e+00 
 5.370317963702501e+01 -2.464544435684730e-29  2.963603722677640e-15  1.939094184224221e-04  6.250000000000000e-02 
 5.495408738576219e+01 -2.466050295855923e-29  2.896143865963808e-15  1.939094184239894e-04 -0.000000000000000e+00 
 5.623413251903463e+01 -2.467627761781085e-29  2.830219583062706e-15  1.939094184256306e-04 -0.000000000000000e+00 
 5.754399373371541e+01 -2.469280179476867e-29  2.765795920046929e-15  1.939094184273492e-04 -0.000000000000000e+00 
 5.888436553555861e+01 -2.471011053942692e-29  2.702838718637596e-15  1.939094184291487e-04 -0.000000000000000e+00 
 6.025595860743547e+01 -2.472824056595176e-29  2.641314598093186e-15  1.939094184310331e-04 -0.000000000000000e+00 
 6.165950018614791e+01 -2.474723033056008e-29  2.581190937510616e-15  1.939094184330062e-04 -0.000000000000000e+00 
 6.309573444801901e+01 -2.476712011308788e-29  2.522435858529216e-15  1.939094184350723e-04 -0.000000000000000e+00 
 6.456542290346522e+01 -2.478795210242990e-29  2.465018208428393e-15  1.939094184372358e-04 -0.000000000000000e+00 
 6.606934480075925e+01 -2.480977048602718e-29  2.408907543610053e-15  1.939094184395013e-04 -0.000000000000000e+00 
 6.760829753919782e+01 -2.483262154359621e-29  2.354074113456996e-15  1.939094184418736e-04 -0.000000000000000e+00 
 6.918309709189329e+01 -2.485655374529304e-29  2.300488844558749e-15  1.939094184443577e-04 -0.000000000000000e+00 
 7.079457843841342e+01 -2.488161785452512e-29  2.248123325296455e-15  1.939094184469588e-04 -0.000000000000000e+00 
 7.244359600749863e+01 -2.490786703562792e-29  2.196949790778664e-15  1.939094184496825e-04 -0.000000000000000e+00 
 7.413102413009136e+01 -2.493535696663338e-29  2.146941108120012e-15  1.939094184525346e-04 -0.000000000000000e+00 
 7.585775750291798e+01 -2.496414595736945e-29  2.098070762055010e-15  1.939094184555210e-04  6.250000000000000e-02 
 7.762471166286876e+01 -2.499429507314472e-29  2.050312840879301e-15  1.939094184586482e-04 -0.000000000000000e+00 
 7.943282347242773e+01 -2.502586826427505e-29  2.003642022710924e-15  1.939094184619229e-04 -0.000000000000000e+00 
 8.128305161640949e+01 -2.505893250173084e-29  1.958033562064325e-15  1.939094184653518e-04 -0.000000000000000e+00 
 8.317637711026666e+01 -2.509355791919197e-29  1.913463276729972e-15  1.939094184689424e-04 -0.000000000000000e+00 
 8.511380382023719e+01 -2.512981796180980e-29  1.869907534952620e-15  1.939094184727021e-04 -0.000000000000000e+00 
 8.709635899560760e+01 -2.516778954199532e-29  1.827343242901454e-15  1.939094184766391e-04 -0.000000000000000e+00 
 8.912509381337408e+01 -2.520755320255990e-29  1.785747832425421e-15  1.939094184807615e-04 -0.000000000000000e+00 
 9.120108393559049e+01 -2.524919328755726e-29  1.745099249087307e-15  1.939094184850784e-04 -0.000000000000000e+00 
 9.332543007969861e+01 -2.529279812118935e-29  1.705375940470178e-15  1.939094184895986e-04 -0.000000000000000e+00 
 9.549925860214309e+01 -2.533846019515260e-29  1.666556844750005e-15  1.939094184943319e-04 -0.000000000000000e+00 
 9.772372209558054e+01 -2.538627636482653e-29  1.628621379528407e-15  1.939094184992882e-04 -0.000000000000000e+00 
 9.999999999999946e+01 -2.543634805471610e-29  1.591549430919587e-15  1.939094185044781e-04 -0.000000000000000e+00 
 1.023292992280749e+02 -2.548878147358661e-29  1.555321342885688e-15  1.939094185099126e-04 -0.000000000000000e+00 
 1.047128548050894e+02 -2.554368783974754e-29  1.519917906814899e-15  1.939094185156033e-04 -0.000000000000000e+00 
 1.071519305237600e+02 -2.560118361696037e-29  1.485320351336795e-15  1.939094185215621e-04 -0.000000000000000e+00 
 1.096478196143179e+02 -2.566139076147484e-29  1.451510332369509e-15  1.939094185278017e-04 -0.000000000000000e+00 
 1.122018454301957e+02 -2.572443698071372e-29  1.418469923393455e-15  1.939094185343354e-04  1.250000000000000e-01 
 1.148153621496876e+02 -2.579045600415770e-29  1.386181605946455e-15  1.939094185411771e-04 -0.000000000000000e+00 
 1.174897554939523e+02 -2.585958786700364e-29  1.354628260335209e-15  1.939094185483412e-04  1.250000000000000e-01 
 1.202264434617406e+02 -2.593197920719766e-29  1.323793156558219e-15  1.939094185558429e-04 -0.000000000000000e+00 
 1.230268770812374e+02 -2.600778357647408e-29  1.293659945435309e-15  1.939094185636981e-04 -0.000000000000000e+00 
 1.258925411794160e+02 -2.608716176605907e-29  1.264212649939082e-15  1.939094185719236e-04 -0.000000000000000e+00 
 1.288249551693126e+02 -2.617028214773049e-29  1.235435656723686e-15  1.939094185805367e-04 -0.000000000000000e+00 
 1.318256738556399e+02 -2.625732103095668e-29  1.207313707846409e-15  1.939094185895558e-04 -0.000000000000000e+00 
 1.348962882591645e+02 -2.634846303687299e-29  1.179831892677719e-15  1.939094185989999e-04 -0.000000000000000e+00 
 1.380384264602876e+02 -2.644390148988720e-29  1.152975639995447e-15  1.939094186088891e-04 -0.000000000000000e+00 
 1.412537544622746e+02 -2.654383882774716e-29  1.126730710258938e-15  1.939094186192443e-04 -0.000000000000000e+00 
 1.445439770745919e+02 -2.664848703093766e-29  1.101083188059051e-15  1.939094186300875e-04 -0.000000000000000e+00 
 1.479108388168198e+02 -2.675806807232017e-29  1.076019474740033e-15  1.939094186414419e-04 -0.000000000000000e+00 
 1.513561248436199e+02 -2.687281438796602e-29  1.051526281189324e-15  1.939094186533313e-04 -0.000000000000000e+00 
 1.548816618912472e+02 -2.699296937018536e-29  1.027590620791497e-15  1.939094186657810e-04 -0.000000000000000e+00 
 1.584893192461104e+02 -2.711878788379411e-29  1.004199802542583e-15  1.939094186788175e-04 -0.000000000000000e+00 
 1.621810097358920e+02 -2.725053680671657e-29  9.813414243211335e-16  1.939094186924684e-04 -0.000000000000000e+00 
 1.659586907437551e+02 -2.738849559606931e-29  9.590033663124484e-16  1.939094187067626e-04 -0.000000000000000e+00 
 1.698243652461734e+02 -2.753295688092665e-29  9.371737845824923e-16  1.939094187217305e-04 -0.000000000000000e+00 
 1.737800828749365e+02 -2.768422708302662e-29  9.158411047980837e-16  1.939094187374038e-04 -0.000000000000000e+00 
 1.778279410038912e+02 -2.784262706673188e-29  8.949940160900285e-16  1.939094187538158e-04 -0.000000000000000e+00 
 1.819700858609972e+02 -2.800849281962629e-29  8.746214650559510e-16  1.939094187710012e-04 -0.000000000000000e+00 
 1.862087136662855e+02 -2.818217616518912e-29  8.547126498996295e-16  1.939094187889965e-04 -0.000000000000000e+00 
 1.905460717963235e+02 -2.836404550906008e-29  8.352570147037444e-16  1.939094188078400e-04 -0.000000000000000e+00 
 1.949844599758032e+02 -2.855448662047649e-29  8.162442438329890e-16  1.939094188275715e-04 -0.000000000000000e+00 
 1.995262314968867e+02 -2.875390345054145e-29  7.976642564645833e-16  1.939094188482330e-04 -0.000000000000000e+00 
 2.041737944669516e+02 -2.896271898905824e-29  7.795072012432899e-16  1.939094188698681e-04  2.500000000000000e-01 
 2.089296130854026e+02 -2.918137616174794e-29  7.617634510580935e-16  1.939094188925229e-04 -0.000000000000000e+00 
 2.137962089502218e+02 -2.941033876975401e-29  7.444235979377793e-16  1.939094189162454e-04 -0.000000000000000e+00 
 2.187761623949538e+02 -2.965009247342657e-29  7.274784480627027e-16  1.939094189410860e-04 -0.000000000000000e+00 
 2.238721138568325e+02 -2.990114582247258e-29  7.109190168901047e-16  1.939094189670972e-04 -0.000000000000000e+00 
 2.290867652767758e+02 -3.016403133465770e-29  6.947365243903875e-16  1.939094189943342e-04 -0.000000000000000e+00 
 2.344228815319906e+02 -3.043930662534745e-29  6.789223903918271e-16  1.939094190228549e-04 -0.000000000000000e+00 
 2.398832919019474e+02 -3.072755559028370e-29  6.634682300312526e-16  1.939094190527198e-04 -0.000000000000000e+00 
 2.454708915685014e+02 -3.102938964410537e-29  6.483658493082811e-16  1.939094190839921e-04 -0.000000000000000e+00 
 2.511886431509563e+02 -3.134544901724028e-29  6.336072407407491e-16  1.939094191167384e-04 -0.000000000000000e+00 
 2.570395782768846e+02 -3.167640411391923e-29  6.191845791190414e-16  1.939094191510278e-04 -0.000000000000000e+00 
 2.630267991895364e+02 -3.202295693419252e-29  6.050902173570594e-16  1.939094191869332e-04 -0.000000000000000e+00 
 2.691534803926897e+02 -3.238584256296561e-29  5.913166824376360e-16  1.939094192245309e-04 -0.000000000000000e+00 
 2.754228703338148e+02 -3.276583072921185e-29  5.778566714502425e-16  1.939094192639004e-04 -0.000000000000000e+00 
 2.818382931264435e+02 -3.316372743867012e-29  5.647030477188893e-16  1.939094193051255e-04 -0.000000000000000e+00 
 2.884031503126586e+02 -3.358037668349005e-29  5.518488370181652e-16  1.939094193482933e-04 -0.000000000000000e+00 
 2.951209226666365e+02 -3.401666223245167e-29  5.392872238754108e-16  1.939094193934956e-04  2.500000000000000e-01 
 3.019951720401995e+02 -3.447350950555620e-29  5.270115479570659e-16  1.939094194408283e-04 -0.000000000000000e+00 
 3.090295432513569e+02 -3.495188753696484e-29  5.150153005372700e-16  1.939094194903916e-04 -0.000000000000000e+00 
 3.162277660168357e+02 -3.545281103044886e-29  5.032921210468523e-16  1.939094195422908e-04  2.500000000000000e-01 
 3.235936569296260e+02 -3.597734251171072e-29  4.918357937008725e-16  1.939094195966359e-04  2.500000000000000e-01 
 3.311311214825888e+02 -3.652659458214230e-29  4.806402442029294e-16  1.939094196535423e-04 -0.000000000000000e+00 
 3.388441561392002e+02 -3.710173227879935e-29  4.696995365244885e-16  1.939094197131305e-04 -0.000000000000000e+00 
 3.467368504525292e+02 -3.770397554559989e-29  4.590078697575208e-16  1.939094197755271e-04  2.500000000000000e-01 
 3.548133892335729e+02 -3.833460182098642e-29  4.485595750387864e-16  1.939094198408643e-04 -0.000000000000000e+00 
 3.630780547700987e+02 -3.899494874754194e-29  4.383491125441255e-16  1.939094199092808e-04 -0.000000000000000e+00 
 3.715352290971698e+02 -3.968641700930661e-29  4.283710685511718e-16  1.939094199809217e-04 -0.000000000000000e+00 
 3.801893963205584e+02 -4.041047330281371e-29  4.186201525689251e-16  1.939094200559388e-04 -0.000000000000000e+00 
 3.890451449942777e+02 -4.116865344814653e-29  4.090911945326633e-16  1.939094201344915e-04 -0.000000000000000e+00 
 3.981071705534943e+02 -4.196256564661536e-29  3.997791420627049e-16  1.939094202167462e-04 -0.000000000000000e+00 
 4.073802778041097e+02 -4.279389389196451e-29  3.906790577855708e-16  1.939094203028774e-04 -0.000000000000000e+00 
 4.168693834703323e+02 -4.366440154234473e-29  3.817861167161232e-16  1.939094203930680e-04 -0.000000000000000e+00 
 4.265795188015895e+02 -4.457593506062789e-29  3.730956036992952e-16  1.939094204875090e-04 -0.000000000000000e+00 
 4.365158322401627e+02 -4.553042793099752e-29  3.646029109100526e-16  1.939094205864009e-04 -0.000000000000000e+00 
 4.466835921509598e+02 -4.652990476012268e-29  3.563035354102647e-16  1.939094206899535e-04 -0.000000000000000e+00 
 4.570881896148716e+02 -4.757648557161434e-29  3.481930767611859e-16  1.939094207983864e-04 -0.000000000000000e+00 
 4.677351412871947e+02 -4.867239030287345e-29  3.402672346902863e-16  1.939094209119295e-04  5.000000000000000e-01 
 4.786300923226348e+02 -4.981994351386872e-29  3.325218068111888e-16  1.939094210308238e-04 -0.000000000000000e+00 
 4.897788193684425e+02 -5.102157931783238e-29  3.249526863955091e-16  1.939094211553214e-04 -0.000000000000000e+00 
 5.011872336272685e+02 -5.227984654433235e-29  3.175558601954134e-16  1.939094212856864e-04  5.000000000000000e-01 
 5.128613839913610e+02 -5.359741414567230e-29  3.103274063157423e-16  1.939094214221954e-04 -0.000000000000000e+00 
 5.248074602497686e+02 -5.497707685808709e-29  3.032634921345684e-16  1.939094215651378e-04  5.000000000000000e-01 
 5.370317963702487e+02 -5.642176112974240e-29  2.963603722710912e-16  1.939094217148168e-04  5.000000000000000e-01 
 5.495408738576203e+02 -5.793453132811102e-29  2.896143865997855e-16  1.939094218715501e-04 -0.000000000000000e+00 
 5.623413251903447e+02 -5.951859623989401e-29  2.830219583097545e-16  1.939094220356700e-04 -0.000000000000000e+00 
 5.754399373371524e+02 -6.117731587727321e-29  2.765795920082580e-16  1.939094222075246e-04 -0.000000000000000e+00 
 5.888436553555844e+02 -6.291420860493118e-29  2.702838718674077e-16  1.939094223874785e-04 -0.000000000000000e+00 
 6.025595860743530e+02 -6.473295860295721e-29  2.641314598130516e-16  1.939094225759133e-04 -0.000000000000000e+00 
 6.165950018614773e+02 -6.663742368146767e-29  2.581190937548815e-16  1.939094227732289e-04  5.000000000000000e-01 
 6.309573444801882e+02 -6.863164346351788e-29  2.522435858568305e-16  1.939094229798436e-04 -0.000000000000000e+00 
 6.456542290346504e+02 -7.071984795366062e-29  2.465018208468392e-16  1.939094231961958e-04  5.000000000000000e-01 
 6.606934480075907e+02 -7.290646651032795e-29  2.408907543650984e-16  1.939094234227445e-04 -0.000000000000000e+00 
 6.760829753919763e+02 -7.519613724106624e-29  2.354074113498880e-16  1.939094236599701e-04 -0.000000000000000e+00 
 6.918309709189309e+02 -7.759371684055383e-29  2.300488844601607e-16  1.939094239083757e-04 -0.000000000000000e+00 
 7.079457843841321e+02 -8.010429089226794e-29  2.248123325340313e-16  1.939094241684884e-04 -0.000000000000000e+00 
 7.244359600749841e+02 -8.273318465565257e-29  2.196949790823542e-16  1.939094244408599e-04 -0.000000000000000e+00 
 7.413102413009113e+02 -8.548597436166738e-29  2.146941108165936e-16  1.939094247260678e-04 -0.000000000000000e+00 
 7.585775750291774e+02 -8.836849904067721e-29  2.098070762102005e-16  1.939094250247172e-04 -0.000000000000000e+00 
 7.762471166286851e+02 -9.138687290776987e-29  2.050312840927388e-16  1.939094253374416e-04  1.000000000000000e+00 
 7.943282347242747e+02 -9.454749833177302e-29  2.003642022760132e-16  1.939094256649043e-04 -0.000000000000000e+00 
 8.128305161640923e+02 -9.785707941547859e-29  1.958033562114679e-16  1.939094260077998e-04 -0.000000000000000e+00 
 8.317637711026639e+02 -1.013226362158799e-28  1.913463276781498e-16  1.939094263668556e-04 -0.000000000000000e+00 
 8.511380382023692e+02 -1.049515196345839e-28  1.869907535005347e-16  1.939094267428332e-04 -0.000000000000000e+00 
 8.709635899560732e+02 -1.087514270099817e-28  1.827343242955408e-16  1.939094271365300e-04 -0.000000000000000e+00 
 8.912509381337379e+02 -1.127304184442517e-28  1.785747832480632e-16  1.939094275487814e-04 -0.000000000000000e+00 
 9.120108393559019e+02 -1.168969338998246e-28  1.745099249143803e-16  1.939094279804616e-04 -0.000000000000000e+00 
 9.332543007969830e+02 -1.212598111015735e-28  1.705375940527990e-16  1.939094284324862e-04 -0.000000000000000e+00 
 9.549925860214277e+02 -1.258283042827023e-28  1.666556844809164e-16  1.939094289058143e-04 -0.000000000000000e+00 
 9.772372209558022e+02 -1.306121038140938e-28  1.628621379588943e-16  1.939094294014496e-04 -0.000000000000000e+00 
 9.999999999999912e+02 -1.356213567587516e-28  1.591549430981534e-16  1.939094299204436e-04 -0.000000000000000e+00 
 1.023292992280745e+03 -1.408666883949345e-28  1.555321342949078e-16  1.939094304638972e-04 -0.000000000000000e+00 
 1.047128548050890e+03 -1.463592247536359e-28  1.519917906879765e-16  1.939094310329630e-04 -0.000000000000000e+00 
 1.071519305237597e+03 -1.521106162182109e-28  1.485320351403172e-16  1.939094316288480e-04 -0.000000000000000e+00 
 1.096478196143175e+03 -1.581330622362081e-28  1.451510332437431e-16  1.939094322528164e-04 -0.000000000000000e+00 
 1.122018454301953e+03 -1.644393371958217e-28  1.418469923462960e-16  1.939094329061917e-04 -0.000000000000000e+00 
 1.148153621496872e+03 -1.710428175218490e-28  1.386181606017577e-16  1.939094335903596e-04  1.000000000000000e+00 
 1.174897554939519e+03 -1.779575100486266e-28  1.354628260407989e-16  1.939094343067714e-04 -0.000000000000000e+00 
 1.202264434617402e+03 -1.851980817301233e-28  1.323793156632693e-16  1.939094350569469e-04 -0.000000000000000e+00 
 1.230268770812370e+03 -1.927798907502108e-28  1.293659945511518e-16  1.939094358424771e-04 -0.000000000000000e+00 
 1.258925411794156e+03 -2.007190190990936e-28  1.264212650017065e-16  1.939094366650284e-04  1.000000000000000e+00 
 1.288249551693122e+03 -2.090323066849989e-28  1.235435656803486e-16  1.939094375263454e-04 -0.000000000000000e+00 
 1.318256738556395e+03 -2.177373870534748e-28  1.207313707928068e-16  1.939094384282552e-04 -0.000000000000000e+00 
 1.348962882591641e+03 -2.268527247900616e-28  1.179831892761279e-16  1.939094393726708e-04 -0.000000000000000e+00 
 1.380384264602872e+03 -2.363976546856680e-28  1.152975640080954e-16  1.939094403615954e-04 -0.000000000000000e+00 
 1.412537544622741e+03 -2.463924227477217e-28  1.126730710346436e-16  1.939094413971269e-04 -0.000000000000000e+00 
 1.445439770745914e+03 -2.568582291440806e-28  1.101083188148588e-16  1.939094424814615e-04 -0.000000000000000e+00 
 1.479108388168193e+03 -2.678172731707918e-28  1.076019474831656e-16  1.939094436168993e-04 -0.000000000000000e+00 
 1.513561248436194e+03 -2.792928003390711e-28  1.051526281283080e-16  1.939094448058489e-04 -0.000000000000000e+00 
 1.548816618912467e+03 -2.913091516813800e-28  1.027590620887437e-16  1.939094460508321e-04 -0.000000000000000e+00 
 1.584893192461099e+03 -3.038918153811724e-28  1.004199802640758e-16  1.939094473544897e-04 -0.000000000000000e+00 
 1.621810097358915e+03 -3.170674808358243e-28  9.813414244215953e-17  1.939094487195870e-04 -0.000000000000000e+00 
 1.659586907437545e+03 -3.308638517014440e-28  9.590033664152500e-17  1.939094501490194e-04 -0.000000000000000e+00 
 1.698243652461728e+03 -3.453106794350920e-28  9.371737846876881e-17  1.939094516458191e-04  2.000000000000000e+00 
 1.737800828749359e+03 -3.604383639722990e-28  9.158411049057299e-17  1.939094532131608e-04 -0.000000000000000e+00 
 1.778279410038906e+03 -3.762789929876095e-28  8.949940162001826e-17  1.939094548543693e-04 -0.000000000000000e+00 
 1.819700858609966e+03 -3.928661663897169e-28  8.746214651686707e-17  1.939094565729257e-04 -0.000000000000000e+00 
 1.862087136662849e+03 -4.102350675897688e-28  8.547126500149749e-17  1.939094583724752e-04 -0.000000000000000e+00 
 1.905460717963228e+03 -4.284225381283324e-28  8.352570148217765e-17  1.939094602568351e-04 -0.000000000000000e+00 
 1.949844599758026e+03 -4.474671558193065e-28  8.162442439537705e-17  1.939094622300022e-04 -0.000000000000000e+00 
 1.995262314968860e+03 -4.674093165765147e-28  7.976642565881782e-17  1.939094642961618e-04  2.000000000000000e+00 
 2.041737944669509e+03 -4.882913200965271e-28  7.795072013697640e-17  1.939094664596965e-04 -0.000000000000000e+00 
 2.089296130854019e+03 -5.101574595794374e-28  7.617634511875135e-17  1.939094687251956e-04 -0.000000000000000e+00 
 2.137962089502211e+03 -5.330541156778793e-28  7.444235980702141e-17  1.939094710974644e-04 -0.000000000000000e+00 
 2.187761623949531e+03 -5.570298548735452e-28  7.274784481982225e-17  1.939094735815347e-04 -0.000000000000000e+00 
 2.238721138568317e+03 -5.821355324898357e-28  7.109190170287816e-17  1.939094761826757e-04 -0.000000000000000e+00 
 2.290867652767750e+03 -6.084244005591352e-28  6.947365245322948e-17  1.939094789064046e-04 -0.000000000000000e+00 
 2.344228815319898e+03 -6.359522207734651e-28  6.789223905370402e-17  1.939094817584987e-04 -0.000000000000000e+00 
 2.398832919019466e+03 -6.647773827580763e-28  6.634682301798484e-17  1.939094847450076e-04 -0.000000000000000e+00 
 2.454708915685005e+03 -6.949610279188067e-28  6.483658494603384e-17  1.939094878722661e-04 -0.000000000000000e+00 
 2.511886431509554e+03 -7.265671791258700e-28  6.336072408963486e-17  1.939094911469076e-04  2.000000000000000e+00 
 2.570395782768837e+03 -7.596628765091019e-28  6.191845792782659e-17  1.939094945758777e-04 -0.000000000000000e+00 
 2.630267991895354e+03 -7.943183196526490e-28  6.050902175199933e-17  1.939094981664498e-04 -0.000000000000000e+00 
 2.691534803926887e+03 -8.306070164906702e-28  5.913166826043653e-17  1.939095019262399e-04 -0.000000000000000e+00 
 2.754228703338138e+03 -8.686059392198112e-28  5.778566716208562e-17  1.939095058632228e-04 -0.000000000000000e+00 
 2.818382931264424e+03 -9.083956875590995e-28  5.647030478934774e-17  1.939095099857492e-04  2.000000000000000e+00 
 2.884031503126575e+03 -9.500605379134963e-28  5.518488371968207e-17  1.939095143025635e-04 -0.000000000000000e+00 
 2.951209226666354e+03 -9.936891095430904e-28  5.392872240582286e-17  1.939095188228221e-04 -0.000000000000000e+00 
 3.019951720401984e+03 -1.039373821270125e-27  5.270115481441425e-17  1.939095235561128e-04 -0.000000000000000e+00 
 3.090295432513557e+03 -1.087211574916359e-27  5.150153007287050e-17  1.939095285124754e-04 -0.000000000000000e+00 
 3.162277660168345e+03 -1.137303839041891e-27  5.032921212427474e-17  1.939095337024227e-04 -0.000000000000000e+00 
 3.235936569296248e+03 -1.189756864158892e-27  4.918357939013315e-17  1.939095391369632e-04 -0.000000000000000e+00 
 3.311311214825875e+03 -1.244681908087064e-27  4.806402444080586e-17  1.939095448276239e-04 -0.000000000000000e+00 
 3.388441561391989e+03 -1.302195471928729e-27  4.696995367343966e-17  1.939095507864751e-04 -0.000000000000000e+00 
 3.467368504525279e+03 -1.362419547163902e-27  4.590078699723197e-17  1.939095570261561e-04 -0.000000000000000e+00 
 3.548133892335716e+03 -1.425481874389326e-27  4.485595752585898e-17  1.939095635599017e-04 -0.000000000000000e+00 
 3.630780547700973e+03 -1.491516214250103e-27  4.383491127690500e-17  1.939095704015704e-04 -0.000000000000000e+00 
 3.715352290971684e+03 -1.560662387544595e-27  4.283710687813367e-17  1.939095775656739e-04 -0.000000000000000e+00 
 3.801893963205570e+03 -1.633067546665357e-27  4.186201528044530e-17  1.939095850674076e-04 -0.000000000000000e+00 
 3.890451449942763e+03 -1.708885025106951e-27  4.090911947736789e-17  1.939095929226834e-04  4.000000000000000e+00 
 3.981071705534928e+03 -1.788275637560320e-27  3.997791423093363e-17  1.939096011481625e-04  4.000000000000000e+00 
 4.073802778041082e+03 -1.871407777393112e-27  3.906790580379489e-17  1.939096097612918e-04 -0.000000000000000e+00 
 4.168693834703307e+03 -1.958457773794060e-27  3.817861169743820e-17  1.939096187803400e-04 -0.000000000000000e+00 
 4.265795188015879e+03 -2.049610265746405e-27  3.730956039635718e-17  1.939096282244370e-04 -0.000000000000000e+00 
 4.365158322401610e+03 -2.145058593623198e-27  3.646029111804874e-17  1.939096381136140e-04 -0.000000000000000e+00 
 4.466835921509581e+03 -2.245004965625410e-27  3.563035356870012e-17  1.939096484688465e-04 -0.000000000000000e+00 
 4.570881896148699e+03 -2.349661861585616e-27  3.481930770443714e-17  1.939096593120980e-04 -0.000000000000000e+00 
 4.677351412871929e+03 -2.459251020919652e-27  3.402672349800708e-17  1.939096706663675e-04 -0.000000000000000e+00 
 4.786300923226329e+03 -2.574004887842228e-27  3.325218071077264e-17  1.939096825557375e-04 -0.000000000000000e+00 
 4.897788193684407e+03 -2.694166860727938e-27  3.249526866989571e-17  1.939096950054255e-04 -0.000000000000000e+00 
 5.011872336272666e+03 -2.819991564684770e-27  3.175558605059335e-17  1.939097080418375e-04 -0.000000000000000e+00 
 5.128613839913590e+03 -2.951746366558217e-27  3.103274066334991e-17  1.939097216926236e-04 -0.000000000000000e+00 
 5.248074602497666e+03 -3.089710479191643e-27  3.032634924597309e-17  1.939097359867370e-04 -0.000000000000000e+00 
 5.370317963702466e+03 -3.234176528559720e-27  2.963603726038321e-17  1.939097509544954e-04 -0.000000000000000e+00 
 5.495408738576182e+03 -3.385450930725320e-27  2.896143869402816e-17  1.939097666276450e-04 -0.000000000000000e+00 
 5.623413251903426e+03 -3.543854419835260e-27  2.830219586581870e-17  1.939097830394281e-04 -0.000000000000000e+00 
 5.754399373371502e+03 -3.709723215826936e-27  2.765795923648119e-17  1.939098002246536e-04 -0.000000000000000e+00 
 5.888436553555821e+03 -3.883409006006837e-27  2.702838722322728e-17  1.939098182197703e-04 -0.000000000000000e+00 
 6.025595860743507e+03 -4.065279934728979e-27  2.641314601864219e-17  1.939098370629449e-04 -0.000000000000000e+00 
 6.165950018614749e+03 -4.255722237381022e-27  2.581190941369555e-17  1.939098567941425e-04 -0.000000000000000e+00 
 6.309573444801857e+03 -4.455139596504025e-27  2.522435862478114e-17  1.939098774552116e-04 -0.000000000000000e+00 
 6.456542290346478e+03 -4.663954851097689e-27  2.465018212469351e-17  1.939098990899722e-04 -0.000000000000000e+00 
 6.606934480075881e+03 -4.882611137199788e-27  2.408907547745220e-17  1.939099217443097e-04 -0.000000000000000e+00 
 6.760829753919737e+03 -5.111572096054051e-27  2.354074117688572e-17  1.939099454662713e-04 -0.000000000000000e+00 
 6.918309709189281e+03 -5.351323101146679e-27  2.300488848888986e-17  1.939099703061682e-04 -0.000000000000000e+00 
 7.079457843841294e+03 -5.602373140810374e-27  2.248123329727659e-17  1.939099963166825e-04 -0.000000000000000e+00 
 7.244359600749813e+03 -5.865254190699708e-27  2.196949795313195e-17  1.939100235529784e-04 -0.000000000000000e+00 
 7.413102413009085e+03 -6.140524292270655e-27  2.146941112760284e-17  1.939100520728194e-04 -0.000000000000000e+00 
 7.585775750291745e+03 -6.428767029177834e-27  2.098070766803495e-17  1.939100819366910e-04 -0.000000000000000e+00 
 7.762471166286822e+03 -6.730593496197308e-27  2.050312845738527e-17  1.939101132079283e-04 -0.000000000000000e+00 
 7.943282347242717e+03 -7.046644326571857e-27  2.003642027683481e-17  1.939101459528507e-04 -0.000000000000000e+00 
 8.128305161640892e+03 -7.377589343287882e-27  1.958033567152864e-17  1.939101802409024e-04 -0.000000000000000e+00 
 8.317637711026608e+03 -7.724130686231798e-27  1.913463281937205e-17  1.939102161447995e-04 -0.000000000000000e+00 
 8.511380382023659e+03 -8.087003569189316e-27  1.869907540281326e-17  1.939102537406841e-04 -0.000000000000000e+00 
 8.709635899560699e+03 -8.466977228667378e-27  1.827343248354472e-17  1.939102931082857e-04 -0.000000000000000e+00 
 8.912509381337344e+03 -8.864857774159535e-27  1.785747838005661e-17  1.939103343310901e-04  8.000000000000000e+00 
 9.120108393558983e+03 -9.281488555945847e-27  1.745099254797749e-17  1.939103774965168e-04 -0.000000000000000e+00 
 9.332543007969793e+03 -9.717753660267964e-27  1.705375946313870e-17  1.939104226961031e-04 -0.000000000000000e+00 
 9.549925860214238e+03 -1.017457831990210e-26  1.666556850730068e-17  1.939104700256993e-04 -0.000000000000000e+00 
 9.772372209557981e+03 -1.065293136297105e-26  1.628621385648035e-17  1.939105195856711e-04 -0.000000000000000e+00 
 9.999999999999871e+03 -1.115382690089156e-26  1.591549437182051e-17  1.939105714811123e-04 -0.000000000000000e+00 
 1.023292992280741e+04 -1.167832745393834e-26  1.555321349294335e-17  1.939106258220676e-04 -0.000000000000000e+00 
 1.047128548050886e+04 -1.222754547149196e-26  1.519917913373156e-17  1.939106827237655e-04 -0.000000000000000e+00 
 1.071519305237592e+04 -1.280264544577854e-26  1.485320358048172e-17  1.939107423068628e-04 -0.000000000000000e+00 
 1.096478196143171e+04 -1.340484711196490e-26  1.451510339237596e-17  1.939108046976993e-04  8.000000000000000e+00 
 1.122018454301949e+04 -1.403542754532860e-26  1.418469930421932e-17  1.939108700285664e-04  8.000000000000000e+00 
 1.148153621496868e+04 -1.469572398966877e-26  1.386181613139087e-17  1.939109384379865e-04 -0.000000000000000e+00 
 1.174897554939514e+04 -1.538713681315782e-26  1.354628267695851e-17  1.939110100710068e-04 -0.000000000000000e+00 
 1.202264434617397e+04 -1.611113198782174e-26  1.323793164090817e-17  1.939110850795060e-04 -0.000000000000000e+00 
 1.230268770812365e+04 -1.686924480621032e-26  1.293659953143906e-17  1.939111636225161e-04 -0.000000000000000e+00 
 1.258925411794151e+04 -1.766308313464478e-26  1.264212657827817e-17  1.939112458665590e-04 -0.000000000000000e+00 
 1.288249551693117e+04 -1.849433020962758e-26  1.235435664796796e-17  1.939113319859990e-04 -0.000000000000000e+00 
 1.318256738556390e+04 -1.936474857024464e-26  1.207313716108232e-17  1.939114221634120e-04  1.600000000000000e+01 
 1.348962882591636e+04 -2.027618415855046e-26  1.179831901132699e-17  1.939115165899715e-04 -0.000000000000000e+00 
 1.380384264602866e+04 -2.123056925363208e-26  1.152975648648135e-17  1.939116154658534e-04 -0.000000000000000e+00 
 1.412537544622735e+04 -2.222992815175414e-26  1.126730719113994e-17  1.939117190006596e-04 -0.000000000000000e+00 
 1.445439770745908e+04 -2.327637925665384e-26  1.101083197121249e-17  1.939118274138612e-04 -0.000000000000000e+00 
 1.479108388168187e+04 -2.437214139801552e-26  1.076019484014259e-17  1.939119409352629e-04 -0.000000000000000e+00 
 1.513561248436188e+04 -2.551953840903671e-26  1.051526290680584e-17  1.939120598054890e-04 -0.000000000000000e+00 
 1.548816618912460e+04 -2.672100270414423e-26  1.027590630504919e-17  1.939121842764925e-04 -0.000000000000000e+00 
 1.584893192461092e+04 -2.797908177329728e-26  1.004199812483420e-17  1.939123146120872e-04 -0.000000000000000e+00 
 1.621810097358908e+04 -2.929644308777481e-26  9.813414344947642e-18  1.939124510885060e-04 -0.000000000000000e+00 
 1.659586907437538e+04 -3.067587950347469e-26  9.590033767243845e-18  1.939125939949847e-04  1.600000000000000e+01 
 1.698243652461721e+04 -3.212031517378916e-26  9.371737952383806e-18  1.939127436343731e-04 -0.000000000000000e+00 
 1.737800828749351e+04 -3.363281308415028e-26  9.158411157037076e-18  1.939129003237752e-04  1.600000000000000e+01 
 1.778279410038898e+04 -3.521657896899917e-26  8.949940272513159e-18  1.939130643952189e-04 -0.000000000000000e+00 
 1.819700858609958e+04 -3.687497115214516e-26  8.746214764789733e-18  1.939132361963572e-04 -0.000000000000000e+00 
 1.862087136662842e+04 -3.861150410909694e-26  8.547126615906094e-18  1.939134160912033e-04 -0.000000000000000e+00 
 1.905460717963221e+04 -4.042985981624031e-26  8.352570266690573e-18  1.939136044608978e-04 -0.000000000000000e+00 
 1.949844599758018e+04 -4.233389236235742e-26  8.162442560791693e-18  1.939138017045146e-04  1.600000000000000e+01 
 1.995262314968852e+04 -4.432763805844699e-26  7.976642689983280e-18  1.939140082399023e-04  1.600000000000000e+01 
 2.041737944669501e+04 -4.641532226341161e-26  7.795072140714630e-18  1.939142245045665e-04 -0.000000000000000e+00 
 2.089296130854010e+04 -4.860137040078212e-26  7.617634641877297e-18  1.939144509565922e-04 -0.000000000000000e+00 
 2.137962089502202e+04 -5.089041560447377e-26  7.444236113760912e-18  1.939146880756104e-04 -0.000000000000000e+00 
 2.187761623949522e+04 -5.328730888207809e-26  7.274784618170835e-18  1.939149363638089e-04  1.600000000000000e+01 
 2.238721138568308e+04 -5.579713059512183e-26  7.109190309681352e-18  1.939151963469913e-04 -0.000000000000000e+00 
 2.290867652767740e+04 -5.842519923874676e-26  6.947365387998396e-18  1.939154685756848e-04 -0.000000000000000e+00 
 2.344228815319889e+04 -6.117708427384476e-26  6.789224051406716e-18  1.939157536262998e-04 -0.000000000000000e+00 
 2.398832919019456e+04 -6.405861679356117e-26  6.634682451276633e-18  1.939160521023441e-04 -0.000000000000000e+00 
 2.454708915684995e+04 -6.707590257782130e-26  6.483658647606412e-18  1.939163646356935e-04 -0.000000000000000e+00 
 2.511886431509544e+04 -7.023533474584521e-26  6.336072565576582e-18  1.939166918879212e-04 -0.000000000000000e+00 
 2.570395782768826e+04 -7.354360750299932e-26  6.191845953093209e-18  1.939170345516898e-04 -0.000000000000000e+00 
 2.630267991895344e+04 -7.700772953933724e-26  6.050902339297600e-18  1.939173933522080e-04 -0.000000000000000e+00 
 2.691534803926876e+04 -8.063503956088308e-26  5.913166994020447e-18  1.939177690487552e-04 -0.000000000000000e+00 
 2.754228703338126e+04 -8.443322165584332e-26  5.778566888158893e-18  1.939181624362764e-04 -0.000000000000000e+00 
 2.818382931264412e+04 -8.841032113987761e-26  5.647030654955553e-18  1.939185743470527e-04  3.200000000000000e+01 
 2.884031503126564e+04 -9.257476226449895e-26  5.518488552158909e-18  1.939190056524477e-04 -0.000000000000000e+00 
 2.951209226666342e+04 -9.693536426335209e-26  5.392872425045036e-18  1.939194572647365e-04  3.200000000000000e+01 
 3.019951720401971e+04 -1.015013628960876e-25  5.270115670281087e-18  1.939199301390188e-04 -0.000000000000000e+00 
 3.090295432513544e+04 -1.062824270884925e-25  5.150153200611311e-18  1.939204252752212e-04 -0.000000000000000e+00 
 3.162277660168332e+04 -1.112886805348598e-25  5.032921410346938e-18  1.939209437201919e-04  3.200000000000000e+01 
 3.235936569296234e+04 -1.165307229008064e-25  4.918358141641605e-18  1.939214865698927e-04  3.200000000000000e+01 
 3.311311214825861e+04 -1.220196525136839e-25  4.806402651534443e-18  1.939220549716925e-04 -0.000000000000000e+00 
 3.388441561391974e+04 -1.277670889863803e-25  4.696995579743349e-18  1.939226501267670e-04  3.200000000000000e+01 
 3.467368504525264e+04 -1.337851982843304e-25  4.590078917191404e-18  1.939232732926089e-04  3.200000000000000e+01 
 3.548133892335701e+04 -1.400867178237369e-25  4.485595975249675e-18  1.939239257856539e-04  3.200000000000000e+01 
 3.630780547700958e+04 -1.466849835006957e-25  4.383491355680169e-18  1.939246089840287e-04  3.200000000000000e+01 
 3.715352290971669e+04 -1.535939582149669e-25  4.283710921262951e-18  1.939253243304247e-04  3.200000000000000e+01 
 3.801893963205554e+04 -1.608282598457408e-25  4.186201767091884e-18  1.939260733351045e-04 -0.000000000000000e+00 
 3.890451449942747e+04 -1.684031938016682e-25  4.090912192523741e-18  1.939268575790462e-04  3.200000000000000e+01 
 3.981071705534912e+04 -1.763347831678469e-25  3.997791673765865e-18  1.939276787172325e-04 -0.000000000000000e+00 
 4.073802778041065e+04 -1.846398042997038e-25  3.906790837087763e-18  1.939285384820908e-04 -0.000000000000000e+00 
 4.168693834703290e+04 -1.933358201425234e-25  3.817861432642531e-18  1.939294386870903e-04 -0.000000000000000e+00 
 4.265795188015862e+04 -2.024412182749002e-25  3.730956308884139e-18  1.939303812305044e-04 -0.000000000000000e+00 
 4.365158322401593e+04 -2.119752491731575e-25  3.646029387567064e-18  1.939313680993446e-04 -0.000000000000000e+00 
 4.466835921509562e+04 -2.219580663815743e-25  3.563035639315007e-18  1.939324013734737e-04 -0.000000000000000e+00 
 4.570881896148680e+04 -2.324107681722928e-25  3.481931059745722e-18  1.939334832299075e-04 -0.000000000000000e+00 
 4.677351412871909e+04 -2.433554428937043e-25  3.402672646139323e-18  1.939346159473107e-04 -0.000000000000000e+00 
 4.786300923226309e+04 -2.548152136196539e-25  3.325218374637679e-18  1.939358019106982e-04 -0.000000000000000e+00 
 4.897788193684386e+04 -2.668142876628617e-25  3.249527177962818e-18  1.939370436163490e-04 -0.000000000000000e+00 
 5.011872336272644e+04 -2.793780068206292e-25  3.175558923642517e-18  1.939383436769426e-04 -0.000000000000000e+00 
 5.128613839913568e+04 -2.925328988167817e-25  3.103274392731560e-18  1.939397048269279e-04 -0.000000000000000e+00 
 5.248074602497643e+04 -3.063067351690306e-25  3.032635259017319e-18  1.939411299281334e-04 -0.000000000000000e+00 
 5.370317963702443e+04 -3.207285862192644e-25  2.963604068698725e-18  1.939426219756309e-04 -0.000000000000000e+00 
 5.495408738576159e+04 -3.358288834381852e-25  2.896144220527766e-18  1.939441841038614e-04 -0.000000000000000e+00 
 5.623413251903402e+04 -3.516394817448556e-25  2.830219946403039e-18  1.939458195930369e-04 -0.000000000000000e+00 
 5.754399373371479e+04 -3.681937263455917e-25  2.765796292405041e-18  1.939475318758271e-04 -0.000000000000000e+00 
 5.888436553555797e+04 -3.855265205781915e-25  2.702839100263159e-18  1.939493245443451e-04 -0.000000000000000e+00 
 6.025595860743483e+04 -4.036743992946640e-25  2.641314989244511e-18  1.939512013574444e-04 -0.000000000000000e+00 
 6.165950018614724e+04 -4.226756041502391e-25  2.581191338455062e-18  1.939531662483379e-04 -0.000000000000000e+00 
 6.309573444801832e+04 -4.425701621946672e-25  2.522436269543619e-18  1.939552233325566e-04 -0.000000000000000e+00 
 6.456542290346453e+04 -4.633999689292904e-25  2.465018629799511e-18  1.939573769162575e-04 -0.000000000000000e+00 
 6.606934480075855e+04 -4.852088739600589e-25  2.408907975635051e-18  1.939596315048979e-04 -0.000000000000000e+00 
 6.760829753919710e+04 -5.080427719429623e-25  2.354074556443952e-18  1.939619918122905e-04 -0.000000000000000e+00 
 6.918309709189254e+04 -5.319496965805104e-25  2.300489298827189e-18  1.939644627700536e-04 -0.000000000000000e+00 
 7.079457843841266e+04 -5.569799180847380e-25  2.248123791177934e-18  1.939670495374738e-04 -0.000000000000000e+00 
 7.244359600749785e+04 -5.831860481253915e-25  2.196950268617362e-18  1.939697575117964e-04 -0.000000000000000e+00 
 7.413102413009056e+04 -6.106231452929112e-25  2.146941598273383e-18  1.939725923389612e-04 -0.000000000000000e+00 
 7.585775750291716e+04 -6.393488290717871e-25  2.098071264894461e-18  1.939755599248008e-04  6.400000000000000e+01 
 7.762471166286792e+04 -6.694233958619368e-25  2.050313356790922e-18  1.939786664467197e-04 -0.000000000000000e+00 
 7.943282347242687e+04 -7.009099414828312e-25  2.003642552096258e-18  1.939819183658715e-04 -0.000000000000000e+00 
 8.128305161640861e+04 -7.338744911779697e-25  1.958034105341188e-18  1.939853224398554e-04 -0.000000000000000e+00 
 8.317637711026576e+04 -7.683861302081462e-25  1.913463834333321e-18  1.939888857359489e-04 -0.000000000000000e+00 
 8.511380382023628e+04 -8.045171451042695e-25  1.869908107335483e-18  1.939926156448987e-04  6.400000000000000e+01 
 8.709635899560666e+04 -8.423431693514520e-25  1.827343830535914e-18  1.939965198952893e-04 -0.000000000000000e+00 
 8.912509381337311e+04 -8.819433338438366e-25  1.785748435803661e-18  1.940006065685100e-04 -0.000000000000000e+00 
 9.120108393558950e+04 -9.234004270820429e-25  1.745099868722731e-18  1.940048841143425e-04 -0.000000000000000e+00 
 9.332543007969759e+04 -9.668010593423930e-25  1.705376576898592e-18  1.940093613671903e-04 -0.000000000000000e+00 
 9.549925860214204e+04 -1.012235835939086e-24  1.666557498530884e-18  1.940140475629715e-04 -0.000000000000000e+00 
 9.772372209557948e+04 -1.059799535755182e-24  1.628622051246238e-18  1.940189523566985e-04 -0.000000000000000e+00 
 9.999999999999837e+04 -1.109591300768425e-24  1.591550121185304e-18  1.940240858407677e-04 -0.000000000000000e+00 
 1.023292992280737e+05 -1.161714830341661e-24  1.555322052338195e-18  1.940294585639797e-04 -0.000000000000000e+00 
 1.047128548050882e+05 -1.216278583997033e-24  1.519918636122697e-18  1.940350815513160e-04 -0.000000000000000e+00 
 1.071519305237589e+05 -1.273395995970271e-24  1.485321101199714e-18  1.940409663244946e-04 -0.000000000000000e+00 
 1.096478196143167e+05 -1.333185694563308e-24  1.451511103520553e-18  1.940471249233263e-04 -0.000000000000000e+00 
 1.122018454301945e+05 -1.395771733067264e-24  1.418470716600768e-18  1.940535699278977e-04 -0.000000000000000e+00 
 1.148153621496864e+05 -1.461283829191550e-24  1.386182422015418e-18  1.940603144816005e-04 -0.000000000000000e+00 
 1.174897554939510e+05 -1.529857615085365e-24  1.354629100110676e-18  1.940673723150339e-04 -0.000000000000000e+00 
 1.202264434617393e+05 -1.601634895500142e-24  1.323794020926897e-18  1.940747577707977e-04 -0.000000000000000e+00 
 1.230268770812361e+05 -1.676763919818970e-24  1.293660835328303e-18  1.940824858292021e-04 -0.000000000000000e+00 
 1.258925411794146e+05 -1.755399661049106e-24  1.264213566334600e-18  1.940905721349121e-04 -0.000000000000000e+00 
 1.288249551693113e+05 -1.837704108202896e-24  1.235436600649930e-18  1.940990330245478e-04 -0.000000000000000e+00 
 1.318256738556385e+05 -1.923846568606979e-24  1.207314680384659e-18  1.941078855552584e-04 -0.000000000000000e+00 
 1.348962882591631e+05 -2.014003984138967e-24  1.179832894965614e-18  1.941171475342887e-04 -0.000000000000000e+00 
 1.380384264602862e+05 -2.108361256415488e-24  1.152976673230498e-18  1.941268375495518e-04 -0.000000000000000e+00 
 1.412537544622731e+05 -2.207111585619499e-24  1.126731775702263e-18  1.941369750012227e-04 -0.000000000000000e+00 
 1.445439770745904e+05 -2.310456822725347e-24  1.101084287039370e-18  1.941475801343647e-04  1.280000000000000e+02 
 1.479108388168183e+05 -2.418607833348312e-24  1.076020608657917e-18  1.941586740725958e-04 -0.000000000000000e+00 
 1.513561248436183e+05 -2.531784874002265e-24  1.051527451521743e-18  1.941702788528025e-04  1.280000000000000e+02 
 1.548816618912456e+05 -2.650217984595590e-24  1.027591829096661e-18  1.941824174609023e-04 -0.000000000000000e+00 
 1.584893192461087e+05 -2.774147388973110e-24  1.004201050465112e-18  1.941951138686542e-04  1.280000000000000e+02 
 1.621810097358903e+05 -2.903823916010649e-24  9.813427135975704e-19  1.942083930715129e-04 -0.000000000000000e+00 
 1.659586907437533e+05 -3.039509428894930e-24  9.590046987771397e-19  1.942222811275137e-04  1.280000000000000e+02 
 1.698243652461716e+05 -3.181477269566209e-24  9.371751621738691e-19  1.942368051971775e-04 -0.000000000000000e+00 
 1.737800828749346e+05 -3.330012719740268e-24  9.158425295653495e-19  1.942519935844115e-04 -0.000000000000000e+00 
 1.778279410038893e+05 -3.485413472260701e-24  8.949954902003049e-19  1.942678757783825e-04 -0.000000000000000e+00 
 1.819700858609953e+05 -3.647990118159579e-24  8.746229908018919e-19  1.942844824963280e-04  1.280000000000000e+02 
 1.862087136662836e+05 -3.818066647466444e-24  8.547142297075498e-19  1.943018457272686e-04 -0.000000000000000e+00 
 1.905460717963215e+05 -3.995980963068695e-24  8.352586511422796e-19  1.943199987765721e-04 -0.000000000000000e+00 
 1.949844599758012e+05 -4.182085407976491e-24  8.162459396223386e-19  1.943389763113203e-04 -0.000000000000000e+00 
 1.995262314968846e+05 -4.376747305799982e-24  7.976660144863639e-19  1.943588144064125e-04 -0.000000000000000e+00 
 2.041737944669495e+05 -4.580349511728625e-24  7.795090245510415e-19  1.943795505913418e-04 -0.000000000000000e+00 
 2.089296130854004e+05 -4.793290979751091e-24  7.617653428884761e-19  1.944012238975637e-04 -0.000000000000000e+00 
 2.137962089502196e+05 -5.015987334562954e-24  7.444255617225154e-19  1.944238749063758e-04 -0.000000000000000e+00 
 2.187761623949515e+05 -5.248871460065986e-24  7.274804874412979e-19  1.944475457972145e-04 -0.000000000000000e+00 
 2.238721138568301e+05 -5.492394092488525e-24  7.109211357234055e-19  1.944722803962718e-04 -0.000000000000000e+00 
 2.290867652767734e+05 -5.747024422979954e-24  6.947387267750281e-19  1.944981242253250e-04 -0.000000000000000e+00 
 2.344228815319882e+05 -6.013250707681365e-24  6.789246806756148e-19  1.945251245506693e-04 -0.000000000000000e+00 
 2.398832919019449e+05 -6.291580880672623e-24  6.634706128295568e-19  1.945533304320350e-04 -0.000000000000000e+00 
 2.454708915684988e+05 -6.582543172031154e-24  6.483683295214795e-19  1.945827927713721e-04  2.560000000000000e+02 
 2.511886431509537e+05 -6.886686725344919e-24  6.336098235728048e-19  1.946135643613772e-04 -0.000000000000000e+00 
 2.570395782768819e+05 -7.204582214148946e-24  6.191872700972685e-19  1.946456999336406e-04 -0.000000000000000e+00 
 2.630267991895336e+05 -7.536822455892423e-24  6.050930223531538e-19  1.946792562062925e-04 -0.000000000000000e+00 
 2.691534803926869e+05 -7.884023015570730e-24  5.913196076900466e-19  1.947142919310308e-04 -0.000000000000000e+00 
 2.754228703338119e+05 -8.246822801263314e-24  5.778597235879591e-19  1.947508679394163e-04 -0.000000000000000e+00 
 2.818382931264405e+05 -8.625884645748521e-24  5.647062337867234e-19  1.947890471883361e-04 -0.000000000000000e+00 
 2.884031503126556e+05 -9.021895868520225e-24  5.518521645036160e-19  1.948288948045434e-04 -0.000000000000000e+00 
 2.951209226666334e+05 -9.435568813441262e-24  5.392907007372062e-19  1.948704781281977e-04  2.560000000000000e+02 
 3.019951720401964e+05 -9.867641363327887e-24  5.270151826554549e-19  1.949138667553532e-04  2.560000000000000e+02 
 3.090295432513537e+05 -1.031887741518872e-23  5.150191020661831e-19  1.949591325793619e-04 -0.000000000000000e+00 
 3.162277660168324e+05 -1.079006732112780e-23  5.032960989680061e-19  1.950063498311875e-04 -0.000000000000000e+00 
 3.235936569296226e+05 -1.128202827736725e-23  4.918399581799418e-19  1.950555951186589e-04 -0.000000000000000e+00 
 3.311311214825853e+05 -1.179560466504404e-23  4.806446060478725e-19  1.951069474647282e-04 -0.000000000000000e+00 
 3.388441561391967e+05 -1.233166832770920e-23  4.697041072261406e-19  1.951604883448404e-04 -0.000000000000000e+00 
 3.467368504525256e+05 -1.289111877861224e-23  4.590126615325644e-19  1.952163017235691e-04  2.560000000000000e+02 
 3.548133892335693e+05 -1.347488332913170e-23  4.485646008752101e-19  1.952744740907240e-04  2.560000000000000e+02 
 3.630780547700950e+05 -1.408391712885638e-23  4.383543862492837e-19  1.953350944971954e-04 -0.000000000000000e+00 
 3.715352290971660e+05 -1.471920310835670e-23  4.283766048025527e-19  1.953982545908624e-04 -0.000000000000000e+00 
 3.801893963205545e+05 -1.538175181173804e-23  4.186259669677432e-19  1.954640486529621e-04 -0.000000000000000e+00 
 3.890451449942738e+05 -1.607260110193228e-23  4.090973036603997e-19  1.955325736353912e-04 -0.000000000000000e+00 
 3.981071705534903e+05 -1.679281573839034e-23  3.997855635406929e-19  1.956039291994903e-04 -0.000000000000000e+00 
 4.073802778041056e+05 -1.754348680375066e-23  3.906858103377426e-19  1.956782177569506e-04 -0.000000000000000e+00 
 4.168693834703281e+05 -1.832573096997686e-23  3.817932202350233e-19  1.957555445135705e-04 -0.000000000000000e+00 
 4.265795188015852e+05 -1.914068958771715e-23  3.731030793154631e-19  1.958360175166871e-04 -0.000000000000000e+00 
 4.365158322401583e+05 -1.998952758482567e-23  3.646107810648720e-19  1.959197477072105e-04 -0.000000000000000e+00 
 4.466835921509552e+05 -2.087343216190758e-23  3.563118239323598e-19  1.960068489772931e-04 -0.000000000000000e+00 
 4.570881896148669e+05 -2.179361126125265e-23  3.482018089464574e-19  1.960974382347736e-04 -0.000000000000000e+00 
 4.677351412871899e+05 -2.275129180171335e-23  3.402764373856451e-19  1.961916354756513e-04  5.120000000000000e+02 
 4.786300923226299e+05 -2.374771765792745e-23  3.325315085020519e-19  1.962895638659581e-04 -0.000000000000000e+00 
 4.897788193684375e+05 -2.478414736864121e-23  3.249629172970989e-19  1.963913498345079e-04 -0.000000000000000e+00 
 5.011872336272634e+05 -2.586185156269157e-23  3.175666523478816e-19  1.964971231781232e-04 -0.000000000000000e+00 
 5.128613839913558e+05 -2.698211008021097e-23  3.103387936831308e-19  1.966070171810438e-04 -0.000000000000000e+00 
 5.248074602497633e+05 -2.814620877614286e-23  3.032755107076019e-19  1.967211687503356e-04 -0.000000000000000e+00 
 5.370317963702432e+05 -2.935543600150942e-23  2.963730601737406e-19  1.968397185692143e-04 -0.000000000000000e+00 
 5.495408738576148e+05 -3.061107873206576e-23  2.896277841995686e-19  1.969628112702992e-04  5.120000000000000e+02 
 5.623413251903391e+05 -3.191441835190609e-23  2.830361083316591e-19  1.970905956308900e-04  5.120000000000000e+02 
 5.754399373371467e+05 -3.326672606758195e-23  2.765945396521798e-19  1.972232247924335e-04 -0.000000000000000e+00 
 5.888436553555785e+05 -3.466925794984984e-23  2.702996649289541e-19  1.973608565064055e-04  5.120000000000000e+02 
 6.025595860743470e+05 -3.612324961587779e-23  2.641481488074843e-19  1.975036534088721e-04 -0.000000000000000e+00 
 6.165950018614712e+05 -3.762991051165496e-23  2.581367320440213e-19  1.976517833260126e-04 -0.000000000000000e+00 
 6.309573444801820e+05 -3.919041784144811e-23  2.522622297786069e-19  1.978054196128951e-04 -0.000000000000000e+00 
 6.456542290346441e+05 -4.080591011066123e-23  2.465215298472129e-19  1.979647415277642e-04  5.120000000000000e+02 
 6.606934480075843e+05 -4.247748032389690e-23  2.409115911319683e-19  1.981299346440642e-04 -0.000000000000000e+00 
 6.760829753919698e+05 -4.420616883402579e-23  2.354294419485946e-19  1.983011913023458e-04 -0.000000000000000e+00 
 6.918309709189242e+05 -4.599295585406318e-23  2.300721784701636e-19  1.984787111041155e-04 -0.000000000000000e+00 
 7.079457843841253e+05 -4.783875368975948e-23  2.248369631862258e-19  1.986627014495648e-04 -0.000000000000000e+00 
 7.244359600749771e+05 -4.974439869150252e-23  2.197210233965132e-19  1.988533781209820e-04  5.120000000000000e+02 
 7.413102413009043e+05 -5.171064296861015e-23  2.147216497383591e-19  1.990509659134821e-04 -0.000000000000000e+00 
 7.585775750291703e+05 -5.373814592257158e-23  2.098361947469819e-19  1.992556993145148e-04 -0.000000000000000e+00 
 7.762471166286779e+05 -5.582746563193507e-23  2.050620714478632e-19  1.994678232334117e-04 -0.000000000000000e+00 
 7.943282347242674e+05 -5.797905015510666e-23  2.003967519804146e-19  1.996875937820291e-04 -0.000000000000000e+00 
 8.128305161640848e+05 -6.019322880939068e-23  1.958377662521771e-19  1.999152791073230e-04 -0.000000000000000e+00 
 8.317637711026561e+05 -6.247020348710588e-23  1.913827006228255e-19  2.001511602764809e-04 -0.000000000000000e+00 
 8.511380382023612e+05 -6.481004009111604e-23  1.870291966172421e-19  2.003955322150141e-04 -0.000000000000000e+00 
 8.709635899560649e+05 -6.721266016088983e-23  1.827749496669755e-19  2.006487046980094e-04  1.024000000000000e+03 
 8.912509381337294e+05 -6.967783278625949e-23  1.786177078793909e-19  2.009110033945472e-04 -0.000000000000000e+00 
 9.120108393558932e+05 -7.220516686631615e-23  1.745552708339103e-19  2.011827709651137e-04  1.024000000000000e+03 
 9.332543007969741e+05 -7.479410384283869e-23  1.705854884046532e-19  2.014643682116936e-04 -0.000000000000000e+00 
 9.549925860214186e+05 -7.744391095865308e-23  1.667062596089454e-19  2.017561752801029e-04 -0.000000000000000e+00 
 9.772372209557928e+05 -8.015367517549657e-23  1.629155314810538e-19  2.020585929140453e-04 -0.000000000000000e+00 
 9.999999999999817e+05 -8.292229780461887e-23  1.592112979706593e-19  2.023720437603254e-04 -0.000000000000000e+00 
 1.023292992280735e+06 -8.574848996449315e-23  1.555915988655026e-19  2.026969737246538e-04 -0.000000000000000e+00 
 1.047128548050880e+06 -8.863076894823491e-23  1.520545187377115e-19  2.030338533775190e-04 -0.000000000000000e+00 
 1.071519305237587e+06 -9.156745558069603e-23  1.485981859133364e-19  2.033831794096941e-04 -0.000000000000000e+00 
 1.096478196143165e+06 -9.455667262943781e-23  1.452207714646568e-19  2.037454761370790e-04  1.024000000000000e+03 
 1.122018454301943e+06 -9.759634436887761e-23  1.419204882247847e-19  2.041212970547641e-04  1.024000000000000e+03 
 1.148153621496861e+06 -1.006841973032780e-22  1.386955898242296e-19  2.045112264404315e-04 -0.000000000000000e+00 
 1.174897554939508e+06 -1.038177621558423e-22  1.355443697489548e-19  2.049158810074752e-04 -0.000000000000000e+00 
 1.202264434617390e+06 -1.069943771086470e-22  1.324651604196248e-19  2.053359116085422e-04 -0.000000000000000e+00 
 1.230268770812358e+06 -1.102111923364593e-22  1.294563322916611e-19  2.057720049905354e-04  1.024000000000000e+03 
 1.258925411794143e+06 -1.134651758302932e-22  1.265162929757840e-19  2.062248856025029e-04 -0.000000000000000e+00 
 1.288249551693110e+06 -1.167531205203960e-22  1.236434863786948e-19  2.066953174582426e-04  1.024000000000000e+03 
 1.318256738556382e+06 -1.200716526300360e-22  1.208363918636386e-19  2.071841060558784e-04 -0.000000000000000e+00 
 1.348962882591628e+06 -1.234172412705772e-22  1.180935234304806e-19  2.076921003571083e-04 -0.000000000000000e+00 
 1.380384264602859e+06 -1.267862091598756e-22  1.154134289150714e-19  2.082201948292778e-04 -0.000000000000000e+00 
 1.412537544622727e+06 -1.301747444527288e-22  1.127946892075325e-19  2.087693315538945e-04 -0.000000000000000e+00 
 1.445439770745900e+06 -1.335789135367240e-22  1.102359174892388e-19  2.093405024056612e-04 -0.000000000000000e+00 
 1.479108388168179e+06 -1.369946747065567e-22  1.077357584881834e-19  2.099347513065620e-04 -0.000000000000000e+00 
 1.513561248436179e+06 -1.404178926030505e-22  1.052928877524251e-19  2.105531765599898e-04 -0.000000000000000e+00 
 1.548816618912452e+06 -1.438443533054845e-22  1.029060109413042e-19  2.111969332703466e-04 -0.000000000000000e+00 
 1.584893192461083e+06 -1.472697798782915e-22  1.005738631341790e-19  2.118672358539734e-04 -0.000000000000000e+00 
 1.621810097358899e+06 -1.506898482971298e-22  9.829520815629829e-20  2.125653606476880e-04 -0.000000000000000e+00 
 1.659586907437529e+06 -1.541002035318562e-22  9.606883792155443e-20  2.132926486216053e-04 -0.000000000000000e+00 
 1.698243652461712e+06 -1.574964756970572e-22  9.389357179172259e-20  2.140505082033008e-04 -0.000000000000000e+00 
 1.737800828749342e+06 -1.608742960357060e-22  9.176825595191386e-20  2.148404182207486e-04 -0.000000000000000e+00 
 1.778279410038889e+06 -1.642293126872420e-22  8.969176280179407e-20  2.156639309718178e-04 -0.000000000000000e+00 
 1.819700858609949e+06 -1.675572059454049e-22  8.766299036233273e-20  2.165226754284579e-04 -0.000000000000000e+00 
 1.862087136662832e+06 -1.708537029975396e-22  8.568086169758772e-20  2.174183605840283e-04 -0.000000000000000e+00 
 1.905460717963211e+06 -1.741145919364563e-22  8.374432435120946e-20  2.183527789525562e-04  2.048000000000000e+03 
 1.949844599758008e+06 -1.773357349225797e-22  8.185234979727177e-20  2.193278102290171e-04  2.048000000000000e+03 
 1.995262314968841e+06 -1.805130803824360e-22  8.000393290503211e-20  2.203454251200505e-04 -0.000000000000000e+00 
 2.041737944669490e+06 -1.836426741738450e-22  7.819809141719915e-20  2.214076893548300e-04 -0.000000000000000e+00 
 2.089296130853999e+06 -1.867206695832187e-22  7.643386544134381e-20  2.225167678861270e-04 -0.000000000000000e+00 
 2.137962089502191e+06 -1.897433361213259e-22  7.471031695402168e-20  2.236749292919267e-04 -0.000000000000000e+00 
 2.187761623949510e+06 -1.927070670208020e-22  7.302652931723770e-20  2.248845503882860e-04 -0.000000000000000e+00 
 2.238721138568296e+06 -1.956083854648919e-22  7.138160680680531e-20  2.261481210644649e-04 -0.000000000000000e+00 
 2.290867652767729e+06 -1.984439494099531e-22  6.977467415228940e-20  2.274682493517254e-04 -0.000000000000000e+00 
 2.344228815319877e+06 -2.012105551143132e-22  6.820487608806163e-20  2.288476667375637e-04 -0.000000000000000e+00 
 2.398832919019444e+06 -2.039051393002241e-22  6.667137691514979e-20  2.302892337375478e-04 -0.000000000000000e+00 
 2.454708915684983e+06 -2.065247800103116e-22  6.517336007348685e-20  2.317959457373452e-04 -0.000000000000000e+00 
 2.511886431509531e+06 -2.090666960806217e-22  6.371002772427511e-20  2.333709391179886e-04  2.048000000000000e+03 
 2.570395782768813e+06 -2.115282455192893e-22  6.228060034197282e-20  2.350174976778924e-04 -0.000000000000000e+00 
 2.630267991895330e+06 -2.139069225249122e-22  6.088431631577469e-20  2.367390593656541e-04  2.048000000000000e+03 
 2.691534803926863e+06 -2.162003534688653e-22  5.952043156011397e-20  2.385392233382167e-04 -0.000000000000000e+00 
 2.754228703338112e+06 -2.184062917453216e-22  5.818821913398877e-20  2.404217573595427e-04  2.048000000000000e+03 
 2.818382931264398e+06 -2.205226116634620e-22  5.688696886877420e-20  2.423906055555833e-04  2.048000000000000e+03 
 2.884031503126549e+06 -2.225473013840671e-22  5.561598700429789e-20  2.444498965419695e-04 -0.000000000000000e+00 
 2.951209226666328e+06 -2.244784550540292e-22  5.437459583289011e-20  2.466039519415717e-04 -0.000000000000000e+00 
 3.019951720401957e+06 -2.263142641188793e-22  5.316213335122795e-20  2.488572953098080e-04 -0.000000000000000e+00 
 3.090295432513529e+06 -2.280530080337705e-22  5.197795291968207e-20  2.512146614863851e-04 -0.000000000000000e+00 
 3.162277660168317e+06 -2.296930442856034e-22  5.082142292904641e-20  2.536810063929980e-04 -0.000000000000000e+00 
 3.235936569296218e+06 -2.312327979809955e-22  4.969192647437104e-20  2.562615172974170e-04 -0.000000000000000e+00 
 3.311311214825845e+06 -2.326707509013951e-22  4.858886103580380e-20  2.589616235653312e-04 -0.000000000000000e+00 
 3.388441561391958e+06 -2.340054302581581e-22  4.751163816619655e-20  2.617870079223513e-04 -0.000000000000000e+00 
 3.467368504525247e+06 -2.352353970675592e-22  4.645968318538825e-20  2.647436182496252e-04 -0.000000000000000e+00 
 3.548133892335684e+06 -2.363592342938881e-22  4.543243488097726e-20  2.678376799376792e-04  4.096000000000000e+03 
 3.630780547700941e+06 -2.373755348647475e-22  4.442934521542902e-20  2.710757088242972e-04 -0.000000000000000e+00 
 3.715352290971651e+06 -2.382828893770644e-22  4.344987903948437e-20  2.744645247435432e-04 -0.000000000000000e+00 
 3.801893963205536e+06 -2.390798738809365e-22  4.249351381160683e-20  2.780112657143920e-04  4.096000000000000e+03 
 3.890451449942728e+06 -2.397650374819436e-22  4.155973932347553e-20  2.817234027988931e-04 -0.000000000000000e+00 
 3.981071705534893e+06 -2.403368899117239e-22  4.064805743136486e-20  2.856087556613352e-04 -0.000000000000000e+00 
 4.073802778041046e+06 -2.407938891253359e-22  3.975798179329557e-20  2.896755088615267e-04 -0.000000000000000e+00 
 4.168693834703270e+06 -2.411344289232638e-22  3.888903761186763e-20  2.939322289170619e-04 -0.000000000000000e+00 
 4.265795188015841e+06 -2.413568265055758e-22  3.804076138271468e-20  2.983878821713207e-04 -0.000000000000000e+00 
 4.365158322401572e+06 -2.414593101439957e-22  3.721270064842499e-20  3.030518535059549e-04 -0.000000000000000e+00 
 4.466835921509542e+06 -2.414400068437051e-22  3.640441375788448e-20  3.079339659387472e-04 -0.000000000000000e+00 
 4.570881896148658e+06 -2.412969300558284e-22  3.561546963093261e-20  3.130445011500421e-04  4.096000000000000e+03 
 4.677351412871888e+06 -2.410279673838894e-22  3.484544752826044e-20  3.183942209834087e-04  4.096000000000000e+03 
 4.786300923226287e+06 -2.406308683410178e-22  3.409393682644469e-20  3.239943899688505e-04 -0.000000000000000e+00 
 4.897788193684363e+06 -2.401032320654403e-22  3.336053679805805e-20  3.298567989197255e-04 -0.000000000000000e+00 
 5.011872336272622e+06 -2.394424950781979e-22  3.264485639674296e-20  3.359937896576300e-04  4.096000000000000e+03 
 5.128613839913545e+06 -2.386459189070725e-22  3.194651404721051e-20  3.424182809228147e-04 -0.000000000000000e+00 
 5.248074602497620e+06 -2.377105777438455e-22  3.126513744002915e-20  3.491437955313400e-04  4.096000000000000e+03 
 5.370317963702418e+06 -2.366333459385241e-22  3.060036333116950e-20  3.561844888439902e-04  4.096000000000000e+03 
 5.495408738576134e+06 -2.354108853816593e-22  2.995183734620133e-20  3.635551786163146e-04  4.096000000000000e+03 
 5.623413251903377e+06 -2.340396327558609e-22  2.931921378906044e-20  3.712713763036581e-04 -0.000000000000000e+00 
 5.754399373371452e+06 -2.325157865642831e-22  2.870215545531978e-20  3.793493199001207e-04 -0.000000000000000e+00 
 5.888436553555770e+06 -2.308352939181590e-22  2.810033344988018e-20  3.878060083957843e-04 -0.000000000000000e+00 
 6.025595860743455e+06 -2.289938370846963e-22  2.751342700899257e-20  3.966592379425464e-04 -0.000000000000000e+00 
 6.165950018614695e+06 -2.269868196636342e-22  2.694112332655339e-20  4.059276398253360e-04 -0.000000000000000e+00 
 6.309573444801803e+06 -2.248093524846533e-22  2.638311738456609e-20  4.156307203426523e-04 -0.000000000000000e+00 
 6.456542290346422e+06 -2.224562389604356e-22  2.583911178773633e-20  4.257889027080549e-04 -0.000000000000000e+00 
 6.606934480075824e+06 -2.199219601328079e-22  2.530881660206603e-20  4.364235710928140e-04 -0.000000000000000e+00 
 6.760829753919679e+06 -2.172006590549068e-22  2.479194919743025e-20  4.475571169392237e-04 -0.000000000000000e+00 
 6.918309709189222e+06 -2.142861247100340e-22  2.428823409401170e-20  4.592129876842012e-04 -0.000000000000000e+00 
 7.079457843841233e+06 -2.111717752101985e-22  2.379740281255465e-20  4.714157380441478e-04 -0.000000000000000e+00 
 7.244359600749752e+06 -2.078506403655157e-22  2.331919372833604e-20  4.841910840241445e-04 -0.000000000000000e+00 
 7.413102413009022e+06 -2.043153434605193e-22  2.285335192879715e-20  4.975659598281403e-04 -0.000000000000000e+00 
 7.585775750291681e+06 -2.005580821764141e-22  2.239962907475945e-20  5.115685778614656e-04  8.192000000000000e+03 
 7.762471166286756e+06 -1.965706086091428e-22  2.195778326514681e-20  5.262284920330836e-04 -0.000000000000000e+00 
 7.943282347242650e+06 -1.923442083390562e-22  2.152757890513616e-20  5.415766645828615e-04 -0.000000000000000e+00 
 8.128305161640823e+06 -1.878696783641315e-22  2.110878657767746e-20  5.576455366783612e-04 -0.000000000000000e+00 
 8.317637711026536e+06 -1.831373038624220e-22  2.070118291829949e-20  5.744691030468990e-04  8.192000000000000e+03 
 8.511380382023586e+06 -1.781368337656852e-22  2.030455049311752e-20  5.920829909316445e-04 -0.000000000000000e+00 
 8.709635899560623e+06 -1.728574548328967e-22  1.991867767999151e-20  6.105245436859878e-04 -0.000000000000000e+00 
 8.912509381337266e+06 -1.672877643327337e-22  1.954335855272984e-20  6.298329093476280e-04 -0.000000000000000e+00 
 9.120108393558905e+06 -1.614157410691731e-22  1.917839276827528e-20  6.500491345640193e-04 -0.000000000000000e+00 
 9.332543007969713e+06 -1.552287146724472e-22  1.882358545678367e-20  6.712162642732749e-04 -0.000000000000000e+00 
 9.549925860214157e+06 -1.487133329754009e-22  1.847874711451119e-20  6.933794475795719e-04 -0.000000000000000e+00 
 9.772372209557900e+06 -1.418555273980827e-22  1.814369349941157e-20  7.165860503007618e-04 -0.000000000000000e+00 
 9.999999999999788e+06 -1.346404760629812e-22  1.781824552935472e-20  7.408857747065199e-04 -0.000000000000000e+00 
 1.023292992280732e+07 -1.270525645603053e-22  1.750222918285279e-20  7.663307870096797e-04 -0.000000000000000e+00 
 1.047128548050877e+07 -1.190753441020043e-22  1.719547540218500e-20  7.929758532213999e-04  8.192000000000000e+03 
 1.071519305237583e+07 -1.106914868914820e-22  1.689781999879369e-20  8.208784840308660e-04 -0.000000000000000e+00 
 1.096478196143162e+07 -1.018827384565308e-22  1.660910356081573e-20  8.500990894243878e-04  8.192000000000000e+03 
 1.122018454301939e+07 -9.262986674935545e-23  1.632917136259531e-20  8.807011438172574e-04 -0.000000000000000e+00 
 1.148153621496858e+07 -8.291260766964266e-23  1.605787327601265e-20  9.127513625302424e-04 -0.000000000000000e+00 
 1.174897554939504e+07 -7.270960682852559e-23  1.579506368343476e-20  9.463198905084205e-04 -0.000000000000000e+00 
 1.202264434617387e+07 -6.199835710176560e-23  1.554060139208117e-20  9.814805042451724e-04 -0.000000000000000e+00 
 1.230268770812355e+07 -5.075513189490501e-23  1.529434954955607e-20  1.018310827943347e-03 -0.000000000000000e+00 
 1.258925411794140e+07 -3.895491347126260e-23  1.505617556028650e-20  1.056892565017795e-03 -0.000000000000000e+00 
 1.288249551693106e+07 -2.657131621108435e-23  1.482595100255189e-20  1.097311746113580e-03 -0.000000000000000e+00 
 1.318256738556379e+07 -1.357650433552318e-23  1.460355154576127e-20  1.139658994890007e-03 -0.000000000000000e+00 
 1.348962882591625e+07  5.889639931011997e-26  1.438885686758504e-20  1.184029812890926e-03 -0.000000000000000e+00 
 1.380384264602855e+07  1.436589332459347e-23  1.418175057049329e-20  1.230524884895669e-03 -0.000000000000000e+00 
 1.412537544622724e+07  2.937722836490096e-23  1.398212009719741e-20  1.279250406209494e-03  1.638400000000000e+04 
 1.445439770745896e+07  4.512748688629629e-23  1.378985664442146e-20  1.330318433420778e-03 -0.000000000000000e+00 
 1.479108388168175e+07  6.165321430792943e-23  1.360485507435750e-20  1.383847260203660e-03  1.638400000000000e+04 
 1.513561248436175e+07  7.899304110163549e-23  1.342701382307264e-20  1.439961819796740e-03 -0.000000000000000e+00 
 1.548816618912448e+07  9.718781660103847e-23  1.325623480504395e-20  1.498794115819895e-03  1.638400000000000e+04 
 1.584893192461079e+07  1.162807521769257e-22  1.309242331289239e-20  1.560483683111784e-03 -0.000000000000000e+00 
 1.621810097358895e+07  1.363175743538548e-22  1.293548791126937e-20  1.625178080269110e-03  1.638400000000000e+04 
 1.659586907437524e+07  1.573466882429153e-22  1.278534032372844e-20  1.693033415543528e-03 -0.000000000000000e+00 
 1.698243652461707e+07  1.794193519965977e-22  1.264189531126175e-20  1.764214907694897e-03 -0.000000000000000e+00 
 1.737800828749337e+07  2.025898625504729e-22  1.250507054104141e-20  1.838897483307537e-03 -0.000000000000000e+00 
 1.778279410038884e+07  2.269157532333692e-22  1.237478644372232e-20  1.917266411935651e-03 -0.000000000000000e+00 
 1.819700858609944e+07  2.524580034652304e-22  1.225096605749373e-20  1.999517980261474e-03 -0.000000000000000e+00 
 1.862087136662827e+07  2.792812610326732e-22  1.213353485684635e-20  2.085860206186437e-03  1.638400000000000e+04 
 1.905460717963205e+07  3.074540768731138e-22  1.202242056383397e-20  2.176513593456551e-03  1.638400000000000e+04 
 1.949844599758003e+07  3.370491526710496e-22  1.191755293934436e-20  2.271711927006036e-03 -0.000000000000000e+00 
 1.995262314968836e+07  3.681436009854288e-22  1.181886355167352e-20  2.371703108687245e-03 -0.000000000000000e+00 
 2.041737944669485e+07  4.008192176770710e-22  1.172628551941790e-20  2.476750032422349e-03 -0.000000000000000e+00 
 2.089296130853994e+07  4.351627661306621e-22  1.163975322542110e-20  2.587131497040785e-03 -0.000000000000000e+00 
 2.137962089502185e+07  4.712662723217785e-22  1.155920199823703e-20  2.703143154135373e-03 -0.000000000000000e+00 
 2.187761623949505e+07  5.092273296823328e-22  1.148456775724735e-20  2.825098487165923e-03 -0.000000000000000e+00 
 2.238721138568290e+07  5.491494120862529e-22  1.141578661728752e-20  2.953329816711127e-03  1.638400000000000e+04 
 2.290867652767723e+07  5.911421929346605e-22  1.135279444831343e-20  3.088189325226595e-03 -0.000000000000000e+00 
 2.344228815319870e+07  6.353218676172618e-22  1.129552638535861e-20  3.230050092835123e-03  1.638400000000000e+04 
 2.398832919019438e+07  6.818114761753330e-22  1.124391628371921e-20  3.379307133564065e-03 -0.000000000000000e+00 
 2.454708915684976e+07  7.307412219815171e-22  1.119789611407609e-20  3.536378418983874e-03 -0.000000000000000e+00 
 2.511886431509525e+07  7.822487814972741e-22  1.115739529203293e-20  3.701705873372599e-03  3.276800000000000e+04 
 2.570395782768807e+07  8.364795992368912e-22  1.112233993637552e-20  3.875756321296663e-03 -0.000000000000000e+00 
 2.630267991895324e+07  8.935871607554961e-22  1.109265205030131e-20  4.059022364829129e-03 -0.000000000000000e+00 
 2.691534803926856e+07  9.537332351944067e-22  1.106824861990128e-20  4.252023163455639e-03  3.276800000000000e+04 
 2.754228703338105e+07  1.017088077766225e-21  1.104904062428316e-20  4.455305085104404e-03 -0.000000000000000e+00 
 2.818382931264391e+07  1.083830580411530e-21  1.103493195216704e-20  4.669442191499173e-03 -0.000000000000000e+00 
 2.884031503126542e+07  1.154148357616458e-21  1.102581822024449e-20  4.895036515444728e-03 -0.000000000000000e+00 
 2.951209226666320e+07  1.228237752151194e-21  1.102158548948351e-20  5.132718081354152e-03 -0.000000000000000e+00 
 3.019951720401949e+07  1.306303743455731e-21  1.102210887670815e-20  5.383144613778547e-03 -0.000000000000000e+00 
 3.090295432513522e+07  1.388559739302701e-21  1.102725106031750e-20  5.647000871580359e-03 -0.000000000000000e+00 
 3.162277660168309e+07  1.475227228947401e-21  1.103686068105809e-20  5.924997538129259e-03 -0.000000000000000e+00 
 3.235936569296210e+07  1.566535273899427e-21  1.105077064126330e-20  6.217869590490571e-03 -0.000000000000000e+00 
 3.311311214825837e+07  1.662719809775780e-21  1.106879630925249e-20  6.526374063323999e-03 -0.000000000000000e+00 
 3.388441561391950e+07  1.764022731125924e-21  1.109073363933090e-20  6.851287116404107e-03 -0.000000000000000e+00 
 3.467368504525239e+07  1.870690728822021e-21  1.111635722259546e-20  7.193400308749378e-03  3.276800000000000e+04 
 3.548133892335676e+07  1.982973848384853e-21  1.114541828918752e-20  7.553515977847222e-03 -0.000000000000000e+00 
 3.630780547700933e+07  2.101123736783462e-21  1.117764268905679e-20  7.932441619808472e-03 -0.000000000000000e+00 
 3.715352290971643e+07  2.225391545466482e-21  1.121272888548969e-20  8.330983166702074e-03  3.276800000000000e+04 
 3.801893963205528e+07  2.356025458219335e-21  1.125034600398230e-20  8.749937060952130e-03 -0.000000000000000e+00 
 3.890451449942719e+07  2.493267815584652e-21  1.129013198779707e-20  9.190081035332618e-03 -0.000000000000000e+00 
 3.981071705534884e+07  2.637351811571603e-21  1.133169192128688e-20  9.652163521163087e-03 -0.000000000000000e+00 
 4.073802778041036e+07  2.788497745115129e-21  1.137459659201505e-20  1.013689162829622e-02 -0.000000000000000e+00 
 4.168693834703261e+07  2.946908817871087e-21  1.141838137269455e-20  1.064491766940252e-02 -0.000000000000000e+00 
 4.265795188015831e+07  3.112766481441854e-21  1.146254551363605e-20  1.117682423909239e-02 -0.000000000000000e+00 
 4.365158322401562e+07  3.286225352405899e-21  1.150655194488266e-20  1.173310790593673e-02  3.276800000000000e+04 
 4.466835921509531e+07  3.467407731357925e-21  1.154982769391885e-20  1.231416163380624e-02 -0.000000000000000e+00 
 4.570881896148648e+07  3.656397783577358e-21  1.159176502890706e-20  1.292025611718363e-02 -0.000000000000000e+00 
 4.677351412871877e+07  3.853235463358208e-21  1.163172343767624e-20  1.355152029324270e-02 -0.000000000000000e+00 
 4.786300923226276e+07  4.057910290941508e-21  1.166903254797703e-20  1.420792137990683e-02 -0.000000000000000e+00 
 4.897788193684352e+07  4.270355119361584e-21  1.170299608443273e-20  1.488924488054546e-02 -0.000000000000000e+00 
 5.011872336272611e+07  4.490440058064141e-21  1.173289693980204e-20  1.559507508974337e-02 -0.000000000000000e+00 
 5.128613839913534e+07  4.717966747791516e-21  1.175800341339708e-20  1.632477672454967e-02 -0.000000000000000e+00 
 5.248074602497608e+07  4.952663206768021e-21  1.177757663587534e-20  1.707747838617909e-02 -0.000000000000000e+00 
 5.370317963702407e+07  5.194179487616182e-21  1.179087915801585e-20  1.785205862064710e-02 -0.000000000000000e+00 
 5.495408738576122e+07  5.442084396668112e-21  1.179718463197096e-20  1.864713538522734e-02 -0.000000000000000e+00 
 5.623413251903364e+07  5.695863528763098e-21  1.179578845756742e-20  1.946105973277271e-02 -0.000000000000000e+00 
 5.754399373371439e+07  5.954918859552869e-21  1.178601920687111e-20  2.029191449019029e-02 -0.000000000000000e+00 
 5.888436553555757e+07  6.218570111344770e-21  1.176725057931359e-20  2.113751862426112e-02 -0.000000000000000e+00 
 6.025595860743441e+07  6.486058066777979e-21  1.173891358208181e-20  2.199543785430909e-02 -0.000000000000000e+00 
 6.165950018614683e+07  6.756549946882102e-21  1.170050857951141e-20  2.286300188586620e-02 -0.000000000000000e+00 
 6.309573444801790e+07  7.029146897604696e-21  1.165161681663489e-20  2.373732840699625e-02 -0.000000000000000e+00 
 6.456542290346409e+07  7.302893543937202e-21  1.159191099956280e-20  2.461535371711247e-02  6.553600000000000e+04 
 6.606934480075811e+07  7.576789478236535e-21  1.152116451340114e-20  2.549386956065924e-02 -0.000000000000000e+00 
 6.760829753919666e+07  7.849802453706186e-21  1.143925887906805e-20  2.636956543177689e-02 -0.000000000000000e+00 
 6.918309709189209e+07  8.120882962428404e-21  1.134618909579862e-20  2.723907532189160e-02 -0.000000000000000e+00 
 7.079457843841220e+07  8.388979795714670e-21  1.124206658428589e-20  2.809902762083581e-02 -0.000000000000000e+00 
 7.244359600749739e+07  8.653056120510081e-21  1.112711953481186e-20  2.894609667623459e-02 -0.000000000000000e+00 
 7.413102413009009e+07  8.912105563928208e-21  1.100169056941750e-20  2.977705438212978e-02 -0.000000000000000e+00 
 7.585775750291668e+07  9.165167782471693e-21  1.086623174066011e-20  3.058882011831449e-02 -0.000000000000000e+00 
 7.762471166286743e+07  9.411343007255934e-21  1.072129700619723e-20  3.137850740853886e-02  6.553600000000000e+04 
 7.943282347242635e+07  9.649805097479209e-21  1.056753242629562e-20  3.214346579719687e-02  6.553600000000000e+04 
 8.128305161640808e+07  9.879812703129070e-21  1.040566442806979e-20  3.288131666446002e-02 -0.000000000000000e+00 
 8.317637711026521e+07  1.010071822560065e-20  1.023648655421891e-20  3.358998198062465e-02 -0.000000000000000e+00 
 8.511380382023571e+07  1.031197436780643e-20  1.006084516504237e-20  3.426770533097691e-02 -0.000000000000000e+00 
 8.709635899560608e+07  1.051313817506069e-20  9.879624585335176e-21  3.491306489367961e-02 -0.000000000000000e+00 
 8.912509381337252e+07  1.070387257578164e-20  9.693732183302217e-21  3.552497839937644e-02 -0.000000000000000e+00 
 9.120108393558890e+07  1.088394553320290e-20  9.504083839857902e-21  3.610270042816434e-02  6.553600000000000e+04 
 9.332543007969697e+07  1.105322700478190e-20  9.311590215506651e-21  3.664581267469161e-02  6.553600000000000e+04 
 9.549925860214141e+07  1.121168397666609e-20  9.117144155907533e-21  3.715420803805172e-02 -0.000000000000000e+00 
 9.772372209557883e+07  1.135937388848568e-20  8.921609500199435e-21  3.762806954758761e-02 -0.000000000000000e+00 
 9.999999999999771e+07  1.149643679217681e-20  8.725811475017088e-21  3.806784522634202e-02 -0.000000000000000e+00 
