 frequency              v(minus)               v(minus)               v(fb)                  v(fb)                  v(drv)                 v(drv)                 v(row)                 v(row)                
 1.000000000000000e+00  2.389513456227939e-07  6.049921051138008e-07 -9.999997610486544e-01  6.049921051138008e-07 -5.999998564494802e+00  9.454780973933494e-05 -9.999997607423151e-01  1.628156593037338e-05 
 1.047226143855281e+00  2.389522578930290e-07  6.335635446380885e-07 -9.999997610477421e-01  6.335635446380885e-07 -5.999998564322723e+00  9.901293817201609e-05 -9.999997607129381e-01  1.705048149996526e-05 
 1.096682596374001e+00  2.389532575378146e-07  6.634843031696451e-07 -9.999997610467425e-01  6.634843031696451e-07 -5.999998564134013e+00  1.036889374024678e-04 -9.999997606807211e-01  1.785570998686999e-05 
 1.148474686433942e+00  2.389543539940449e-07  6.948181037470324e-07 -9.999997610456460e-01  6.948181037470324e-07 -5.999998563927058e+00  1.085857660446780e-04 -9.999997606453894e-01  1.869896631003703e-05 
 1.202712717189619e+00  2.389555559214609e-07  7.276316789919949e-07 -9.999997610444441e-01  7.276316789919949e-07 -5.999998563700097e+00  1.137138530206995e-04 -9.999997606066422e-01  1.958204637761279e-05 
 1.259512200988192e+00  2.389568739782010e-07  7.619949130455472e-07 -9.999997610431260e-01  7.619949130455472e-07 -5.999998563451194e+00  1.190841197703151e-04 -9.999997605641492e-01  2.050683091155294e-05 
 1.318994105379541e+00  2.389583191554736e-07  7.979809903007232e-07 -9.999997610416809e-01  7.979809903007232e-07 -5.999998563178228e+00  1.247080035101407e-04 -9.999997605175482e-01  2.147528945294987e-05 
 1.381285110744463e+00  2.389599039988002e-07  8.356665511715295e-07 -9.999997610400960e-01  8.356665511715295e-07 -5.999998562878872e+00  1.305974815912391e-04 -9.999997604664416e-01  2.248948455652842e-05 
 1.446517880089638e+00  2.389616411647215e-07  8.751318561072933e-07 -9.999997610383589e-01  8.751318561072933e-07 -5.999998562550577e+00  1.367650970123833e-04 -9.999997604103946e-01  2.355157618412052e-05 
 1.514831341583986e+00  2.389635467514710e-07  9.164609551079849e-07 -9.999997610364533e-01  9.164609551079849e-07 -5.999998562190539e+00  1.432239851247434e-04 -9.999997603489282e-01  2.466382630338166e-05 
 1.586370984438120e+00  2.389656366352383e-07  9.597418684134124e-07 -9.999997610343634e-01  9.597418684134124e-07 -5.999998561795691e+00  1.499879016167441e-04 -9.999997602815193e-01  2.582860370685557e-05 
 1.661289168757037e+00  2.389679283575456e-07  1.005066772355985e-06 -9.999997610320717e-01  1.005066772355985e-06 -5.999998561362671e+00  1.570712518003183e-04 -9.999997602075933e-01  2.704838905525457e-05 
 1.739745450025977e+00  2.389704414583194e-07  1.052532196795005e-06 -9.999997610295586e-01  1.052532196795005e-06 -5.999998560887783e+00  1.644891212970651e-04 -9.999997601265200e-01  2.832578016171929e-05 
 1.821906918920473e+00  2.389731965877044e-07  1.102239230344077e-06 -9.999997610268034e-01  1.102239230344077e-06 -5.999998560366991e+00  1.722573081644095e-04 -9.999997600376096e-01  2.966349752410229e-05 
 1.907948557164342e+00  2.389762185036764e-07  1.154293735530579e-06 -9.999997610237815e-01  1.154293735530579e-06 -5.999998559795844e+00  1.803923565403962e-04 -9.999997599401025e-01  3.106439011876010e-05 
 1.998053610193461e+00  2.389795325193181e-07  1.208806574317402e-06 -9.999997610204675e-01  1.208806574317402e-06 -5.999998559169479e+00  1.889115918786034e-04 -9.999997598331684e-01  3.253144146816470e-05 
 2.092413977419020e+00  2.389831671673612e-07  1.265893844440530e-06 -9.999997610168329e-01  1.265893844440530e-06 -5.999998558482550e+00  1.978331578480557e-04 -9.999997597158949e-01  3.406777599522982e-05 
 2.191230620921410e+00  2.389871523128039e-07  1.325677126212087e-06 -9.999997610128477e-01  1.325677126212087e-06 -5.999998557729216e+00  2.071760549716034e-04 -9.999997595872847e-01  3.567666567703196e-05 
 2.294713993445140e+00  2.389915238158490e-07  1.388283741894181e-06 -9.999997610084762e-01  1.388283741894181e-06 -5.999998556903043e+00  2.169601810945304e-04 -9.999997594462389e-01  3.736153701367546e-05 
 2.403084486606306e+00  2.389963168705656e-07  1.453847026773459e-06 -9.999997610036832e-01  1.453847026773459e-06 -5.999998555996995e+00  2.272063737610499e-04 -9.999997592915572e-01  3.912597832572209e-05 
 2.516572900267168e+00  2.390015737764500e-07  1.522506612800970e-06 -9.999997609984262e-01  1.522506612800970e-06 -5.999998555003350e+00  2.379364545906545e-04 -9.999997591219203e-01  4.097374739601266e-05 
 2.635420934077486e+00  2.390073384983322e-07  1.594408726328085e-06 -9.999997609926615e-01  1.594408726328085e-06 -5.999998553913636e+00  2.491732757543952e-04 -9.999997589358829e-01  4.290877947308347e-05 
 2.759881702229447e+00  2.390136605521581e-07  1.669706499487842e-06 -9.999997609863395e-01  1.669706499487842e-06 -5.999998552718568e+00  2.609407686435598e-04 -9.999997587318589e-01  4.493519565213696e-05 
 2.890220272522491e+00  2.390205938947660e-07  1.748560296139857e-06 -9.999997609794061e-01  1.748560296139857e-06 -5.999998551407955e+00  2.732639948359331e-04 -9.999997585081090e-01  4.705731165167138e-05 
 3.026714230886087e+00  2.390281974789957e-07  1.831138053508184e-06 -9.999997609718025e-01  1.831138053508184e-06 -5.999998549970628e+00  2.861691994707923e-04 -9.999997582627264e-01  4.927964700489602e-05 
 3.169654272562738e+00  2.390365362528937e-07  1.917615640032570e-06 -9.999997609634638e-01  1.917615640032570e-06 -5.999998548394340e+00  2.996838671450705e-04 -9.999997579936201e-01  5.160693468530040e-05 
 3.319344821210291e+00  2.390456809376632e-07  2.008177229336040e-06 -9.999997609543191e-01  2.008177229336040e-06 -5.999998546665654e+00  3.138367804445718e-04 -9.999997576984958e-01  5.404413118601703e-05 
 3.476104677242048e+00  2.390557101370940e-07  2.103015693318035e-06 -9.999997609442899e-01  2.103015693318035e-06 -5.999998544769828e+00  3.286580812481770e-04 -9.999997573748377e-01  5.659642707665822e-05 
 3.640267696785495e+00  2.390667084501780e-07  2.202333012219689e-06 -9.999997609332916e-01  2.202333012219689e-06 -5.999998542690715e+00  3.441793349176512e-04 -9.999997570198883e-01  5.926925805711827e-05 
 3.812183502705617e+00  2.390787706899581e-07  2.306340705012476e-06 -9.999997609212293e-01  2.306340705012476e-06 -5.999998540410583e+00  3.604335975246247e-04 -9.999997566306206e-01  6.206831653436025e-05 
 3.992218229207120e+00  2.390919989969505e-07  2.415260279941002e-06 -9.999997609080010e-01  2.415260279941002e-06 -5.999998537910006e+00  3.774554862514167e-04 -9.999997562037182e-01  6.499956374575813e-05 
 4.180755301601329e+00  2.391065052816331e-07  2.529323706260315e-06 -9.999997608934947e-01  2.529323706260315e-06 -5.999998535167668e+00  3.952812531161059e-04 -9.999997557355420e-01  6.806924245489240e-05 
 4.378196252898481e+00  2.391224152212497e-07  2.648773908192419e-06 -9.999997608775848e-01  2.648773908192419e-06 -5.999998532160190e+00  4.139488621789941e-04 -9.999997552221005e-01  7.128389024685943e-05 
 4.584961578964514e+00  2.391398624866479e-07  2.773865282356338e-06 -9.999997608601375e-01  2.773865282356338e-06 -5.999998528861943e+00  4.334980703960965e-04 -9.999997546590189e-01  7.465035345161072e-05 
 4.801491634063627e+00  2.391589971799771e-07  2.904864239460204e-06 -9.999997608410028e-01  2.904864239460204e-06 -5.999998525244814e+00  4.539705122899743e-04 -9.999997540414968e-01  7.817580172466173e-05 
 5.028247568693842e+00  2.391799820599282e-07  3.042049771901064e-06 -9.999997608200180e-01  3.042049771901064e-06 -5.999998521277967e+00  4.754097886211827e-04 -9.999997533642706e-01  8.186774331671465e-05 
 5.265712311712941e+00  2.392029953172923e-07  3.185714047656494e-06 -9.999997607970047e-01  3.185714047656494e-06 -5.999998516927601e+00  4.978615592442389e-04 -9.999997526215691e-01  8.573404106389090e-05 
 5.514391598846418e+00  2.392282334615398e-07  3.336163032772223e-06 -9.999997607717666e-01  3.336163032772223e-06 -5.999998512156627e+00  5.213736403520844e-04 -9.999997518070611e-01  8.978292913366529e-05 
 5.774815049767891e+00  2.392559116538868e-07  3.493717142828036e-06 -9.999997607440884e-01  3.493717142828036e-06 -5.999998506924386e+00  5.459961063105034e-04 -9.999997509138048e-01  9.402303056122471e-05 
 6.047537296045868e+00  2.392862659277425e-07  3.658711925357338e-06 -9.999997607137341e-01  3.658711925357338e-06 -5.999998501186277e+00  5.717813963028790e-04 -9.999997499341859e-01  9.846337561418361e-05 
 6.333139162359105e+00  2.393195554091536e-07  3.831498774569975e-06 -9.999997606804446e-01  3.831498774569975e-06 -5.999998494893389e+00  5.987844260118023e-04 -9.999997488598544e-01  1.031134210246656e-04 
 6.632228903496187e+00  2.393560623168071e-07  4.012445679599179e-06 -9.999997606439377e-01  4.012445679599179e-06 -5.999998487992096e+00  6.270627045735671e-04 -9.999997476816549e-01  1.079830701294081e-04 
 6.945443499773847e+00  2.393960996225630e-07  4.201938008338552e-06 -9.999997606039004e-01  4.201938008338552e-06 -5.999998480423565e+00  6.566764570574486e-04 -9.999997463895434e-01  1.130826939612518e-04 
 7.273450013632890e+00  2.394400078318162e-07  4.400379328010052e-06 -9.999997605599922e-01  4.400379328010052e-06 -5.999998472123284e+00  6.876887527274600e-04 -9.999997449725065e-01  1.184231533364086e-04 
 7.616947010300909e+00  2.394881615338037e-07  4.608192264791816e-06 -9.999997605118385e-01  4.608192264791816e-06 -5.999998463020514e+00  7.201656393632114e-04 -9.999997434184673e-01  1.240158219851250e-04 
 7.976666045547429e+00  2.395409697346794e-07  4.825819403852654e-06 -9.999997604590303e-01  4.825819403852654e-06 -5.999998453037667e+00  7.541762839230250e-04 -9.999997417141802e-01  1.298726107745172e-04 
 8.353373223699984e+00  2.395988841841776e-07  5.053724231896195e-06 -9.999997604011158e-01  5.053724231896195e-06 -5.999998442089650e+00  7.897931198500053e-04 -9.999997398451177e-01  1.360059930753536e-04 
 8.747870829239288e+00  2.396623975992655e-07  5.292392124313194e-06 -9.999997603376024e-01  5.292392124313194e-06 -5.999998430083151e+00  8.270920013353004e-04 -9.999997377953493e-01  1.424290313268948e-04 
 9.160999035448356e+00  2.397320521018310e-07  5.542331378856762e-06 -9.999997602679479e-01  5.542331378856762e-06 -5.999998416915831e+00  8.661523648659696e-04 -9.999997355474042e-01  1.491554048561785e-04 
 9.593637693754527e+00  2.398084406619765e-07  5.804074298148532e-06 -9.999997601915593e-01  5.804074298148532e-06 -5.999998402475462e+00  9.070573984021254e-04 -9.999997330821220e-01  1.561994390111015e-04 
 1.004670820757522e+01  2.398922148695767e-07  6.078178323406239e-06 -9.999997601077851e-01  6.078178323406239e-06 -5.999998386638963e+00  9.498942185441526e-04 -9.999997303784901e-01  1.635761356694256e-04 
 1.052117549465819e+01  2.399840885980202e-07  6.365227221571037e-06 -9.999997600159114e-01  6.365227221571037e-06 -5.999998369271348e+00  9.947540560658718e-04 -9.999997274134635e-01  1.713012051884426e-04 
 1.101805004209558e+01  2.400848449986071e-07  6.665832328618399e-06 -9.999997599151550e-01  6.665832328618399e-06 -5.999998350224584e+00  1.041732450210311e-03 -9.999997241617705e-01  1.793910998635974e-04 
 1.153839005838826e+01  2.401953426067793e-07  6.980633851429246e-06 -9.999997598046574e-01  6.980633851429246e-06 -5.999998329336333e+00  1.090929452160217e-03 -9.999997205956958e-01  1.878630489670477e-04 
 1.208330372714404e+01  2.403165233357265e-07  7.310302231357773e-06 -9.999997596834767e-01  7.310302231357773e-06 -5.999998306428552e+00  1.142449838118787e-03 -9.999997166848437e-01  1.967350954411424e-04 
 1.265395156720920e+01  2.404494200259018e-07  7.655539571990163e-06 -9.999997595505800e-01  7.655539571990163e-06 -5.999998281305986e+00  1.196403332451957e-03 -9.999997123958801e-01  2.060261343245523e-04 
 1.325154890425997e+01  2.405951659929390e-07  8.017081134487029e-06 -9.999997594048340e-01  8.017081134487029e-06 -5.999998253754507e+00  1.252904841369527e-03 -9.999997076922486e-01  2.157559529932328e-04 
 1.387736845911784e+01  2.407550022441017e-07  8.395696903402985e-06 -9.999997592449977e-01  8.395696903402985e-06 -5.999998223539280e+00  1.312074697641016e-03 -9.999997025338582e-01  2.259452733016226e-04 
 1.453274305830087e+01  2.409302923552751e-07  8.792193226567022e-06 -9.999997590697076e-01  8.792193226567022e-06 -5.999998190402767e+00  1.374038916868868e-03 -9.999996968767410e-01  2.366157957140682e-04 
 1.521906847258402e+01  2.411225297984310e-07  9.207414532325078e-06 -9.999997588774702e-01  9.207414532325078e-06 -5.999998154062532e+00  1.438929465863590e-03 -9.999996906726794e-01  2.477902455202599e-04 
 1.593780638961363e+01  2.413333531516891e-07  9.642245127943680e-06 -9.999997586666468e-01  9.642245127943680e-06 -5.999998114208831e+00  1.506884543693160e-03 -9.999996838687932e-01  2.594924212332352e-04 
 1.669048752690714e+01  2.415645600881254e-07  1.009761108291058e-05 -9.999997584354399e-01  1.009761108291058e-05 -5.999998070501962e+00  1.578048876004636e-03 -9.999996764070886e-01  2.717472452729163e-04 
 1.747871489186762e+01  2.418181201433316e-07  1.057448220110531e-05 -9.999997581818798e-01  1.057448220110531e-05 -5.999998022569409e+00  1.652574023244469e-03 -9.999996682239684e-01  2.845808170430727e-04 
 1.830416719575640e+01  2.420961951435260e-07  1.107387408627577e-05 -9.999997579038049e-01  1.107387408627577e-05 -5.999997970002609e+00  1.730618703435207e-03 -9.999996592496826e-01  2.980204685149582e-04 
 1.916860242889430e+01  2.424011551927602e-07  1.159685030486267e-05 -9.999997575988449e-01  1.159685030486267e-05 -5.999997912353519e+00  1.812349130193848e-03 -9.999996494077398e-01  3.120948224356348e-04 
 2.007386160470594e+01  2.427355994340877e-07  1.214452465106300e-05 -9.999997572644006e-01  1.214452465106300e-05 -5.999997849130764e+00  1.897939366713187e-03 -9.999996386142527e-01  3.268338532851983e-04 
 2.102187268058077e+01  2.431023781430065e-07  1.271806351886529e-05 -9.999997568976219e-01  1.271806351886529e-05 -5.999997779795475e+00  1.987571696459427e-03 -9.999996267772242e-01  3.422689511126229e-04 
 2.201465466390128e+01  2.435046182625826e-07  1.331868838605549e-05 -9.999997564953818e-01  1.331868838605549e-05 -5.999997703756671e+00  2.081437011374969e-03 -9.999996137957611e-01  3.584329883860815e-04 
 2.305432191198300e+01  2.439457479393828e-07  1.394767841551201e-05 -9.999997560542521e-01  1.394767841551201e-05 -5.999997620366240e+00  2.179735218413147e-03 -9.999995995592168e-01  3.753603900001141e-04 
 2.414308863508425e+01  2.444295269435806e-07  1.460637317941827e-05 -9.999997555704730e-01  1.460637317941827e-05 -5.999997528913412e+00  2.282675665270976e-03 -9.999995839462473e-01  3.930872065887839e-04 
 2.528327361207553e+01  2.449600787544052e-07  1.529617551200629e-05 -9.999997550399212e-01  1.529617551200629e-05 -5.999997428618691e+00  2.390477586225207e-03 -9.999995668237762e-01  4.116511913007226e-04 
 2.647730512881183e+01  2.455419257542057e-07  1.601855449711132e-05 -9.999997544580742e-01  1.601855449711132e-05 -5.999997318627221e+00  2.503370569022108e-03 -9.999995480458612e-01  4.310918801997244e-04 
 2.772772614972526e+01  2.461800267539928e-07  1.677504859673182e-05 -9.999997538199732e-01  1.677504859673182e-05 -5.999997198001496e+00  2.621595043813920e-03 -9.999995274524494e-01  4.514506764618868e-04 
 2.903719973365201e+01  2.468798209582664e-07  1.756726892736305e-05 -9.999997531201791e-01  1.756726892736305e-05 -5.999997065713370e+00  2.745402795183520e-03 -9.999995048680144e-01  4.727709385486518e-04 
 3.040851470542797e+01  2.476472730400691e-07  1.839690269100660e-05 -9.999997523527270e-01  1.839690269100660e-05 -5.999996920635297e+00  2.875057498346807e-03 -9.999994801000595e-01  4.950980725433685e-04 
 3.184459159533192e+01  2.484889237671590e-07  1.926571676821614e-05 -9.999997515110762e-01  1.926571676821614e-05 -5.999996761530709e+00  3.010835280674509e-03 -9.999994529374764e-01  5.184796288479855e-04 
 3.334848885902573e+01  2.494119467343988e-07  2.017556148075263e-05 -9.999997505880532e-01  2.017556148075263e-05 -5.999996587043493e+00  3.153025309728259e-03 -9.999994231487467e-01  5.429654034456302e-04 
 3.492340939123830e+01  2.504242099811371e-07  2.112837453199117e-05 -9.999997495757900e-01  2.112837453199117e-05 -5.999996395686411e+00  3.301930409063215e-03 -9.999993904799673e-01  5.686075439447260e-04 
 3.657270734706578e+01  2.515343404951590e-07  2.212618513324356e-05 -9.999997484656595e-01  2.212618513324356e-05 -5.999996185828455e+00  3.457867703106624e-03 -9.999993546526900e-01  5.954606606301331e-04 
 3.829989528541539e+01  2.527518012621701e-07  2.317111832507620e-05 -9.999997472481987e-01  2.317111832507620e-05 -5.999995955680906e+00  3.621169292486370e-03 -9.999993153615416e-01  6.235819427579280e-04 
 4.010865164980660e+01  2.540869677601507e-07  2.426539950250409e-05 -9.999997459130322e-01  2.426539950250409e-05 -5.999995703282127e+00  3.792182961244874e-03 -9.999992722716285e-01  6.530312803410080e-04 
 4.200282860246170e+01  2.555512204409419e-07  2.541135915391768e-05 -9.999997444487796e-01  2.541135915391768e-05 -5.999995426480815e+00  3.971272917444413e-03 -9.999992250156772e-01  6.838713916848649e-04 
 4.398646022837025e+01  2.571570396543041e-07  2.661143782374085e-05 -9.999997428429603e-01  2.661143782374085e-05 -5.999995122917670e+00  4.158820568739154e-03 -9.999991731909038e-01  7.161679569448132e-04 
 4.606377112679984e+01  2.589181121183028e-07  2.786819130934257e-05 -9.999997410818878e-01  2.786819130934257e-05 -5.999994790005309e+00  4.355225334563716e-03 -9.999991163555861e-01  7.499897579887749e-04 
 4.823918540855080e+01  2.608494480478395e-07  2.918429610332716e-05 -9.999997391505520e-01  2.918429610332716e-05 -5.999994424906173e+00  4.560905496666258e-03 -9.999990540252923e-01  7.854088248631977e-04 
 5.051733611811657e+01  2.629675086082473e-07  3.056255509273802e-05 -9.999997370324913e-01  3.056255509273802e-05 -5.999994024508378e+00  4.776299089821984e-03 -9.999989856687566e-01  8.225005891779634e-04 
 5.290307510081631e+01  2.652903453593015e-07  3.200590352726035e-05 -9.999997347096546e-01  3.200590352726035e-05 -5.999993585399176e+00  5.001864834460907e-03 -9.999989107033488e-01  8.613440447106170e-04 
 5.540148333591417e+01  2.678377575738164e-07  3.351741526921065e-05 -9.999997321622425e-01  3.351741526921065e-05 -5.999993103835857e+00  5.238083113590830e-03 -9.999988284901076e-01  9.020219156355974e-04 
 5.801788175773198e+01  2.706314555514475e-07  3.510030933848598e-05 -9.999997293685444e-01  3.510030933848598e-05 -5.999992575713879e+00  5.485456995566459e-03 -9.999987383282998e-01  9.446208326512874e-04 
 6.075784258780129e+01  2.736952507998947e-07  3.675795676644358e-05 -9.999997263047492e-01  3.675795676644358e-05 -5.999991996531849e+00  5.744513305270134e-03 -9.999986394494398e-01  9.892315174424083e-04 
 6.362720120218929e+01  2.770552573183235e-07  3.849388777328699e-05 -9.999997229447427e-01  3.849388777328699e-05 -5.999991361353176e+00  6.015803745825731e-03 -9.999985310107457e-01  1.035948975844806e-03 
 6.663206855927277e+01  2.807401107553960e-07  4.031179928414725e-05 -9.999997192598893e-01  4.031179928414725e-05 -5.999990664764005e+00  6.299906073254603e-03 -9.999984120879550e-01  1.084872700127174e-03 
 6.977884421442791e+01  2.847812168771647e-07  4.221556279988695e-05 -9.999997152187832e-01  4.221556279988695e-05 -5.999989900827051e+00  6.597425326587994e-03 -9.999982816674459e-01  1.136106880822523e-03 
 7.307422994935369e+01  2.892130189087792e-07  4.420923263929004e-05 -9.999997107869811e-01  4.420923263929004e-05 -5.999989063031004e+00  6.908995115937806e-03 -9.999981386375969e-01  1.189760628541441e-03 
 7.652524404505573e+01  2.940732868585938e-07  4.629705457015172e-05 -9.999997059267132e-01  4.629705457015172e-05 -5.999988144235046e+00  7.235278971535214e-03 -9.999979817793163e-01  1.245948206282433e-03 
 8.013923622888798e+01  2.994034435906627e-07  4.848347484761055e-05 -9.999997005965564e-01  4.848347484761055e-05 -5.999987136607982e+00  7.576971756238033e-03 -9.999978097556501e-01  1.304789272673967e-03 
 8.392390332748576e+01  3.052489176536108e-07  5.077314967881906e-05 -9.999996947510823e-01  5.077314967881906e-05 -5.999986031561464e+00  7.934801144796288e-03 -9.999976211003825e-01  1.366409136711518e-03 
 8.788730565892627e+01  3.116595265296047e-07  5.317095513410938e-05 -9.999996883404735e-01  5.317095513410938e-05 -5.999984819676856e+00  8.309529172774603e-03 -9.999974142055487e-01  1.430939024491425e-03 
 9.203788419902773e+01  3.186899067347507e-07  5.568199752561732e-05 -9.999996813100933e-01  5.568199752561732e-05 -5.999983490624893e+00  8.701953858762983e-03 -9.999971873077202e-01  1.498516358563130e-03 
 9.638447855834667e+01  3.263999726742499e-07  5.831162427534122e-05 -9.999996736000273e-01  5.831162427534122e-05 -5.999982033077707e+00  9.112910902929729e-03 -9.999969384729860e-01  1.569285050429950e-03 
 1.009363458081594e+02  3.348554308976955e-07  6.106543529567217e-05 -9.999996651445691e-01  6.106543529567217e-05 -5.999980434612251e+00  9.543275465534446e-03 -9.999966655804635e-01  1.643395806821184e-03 
 1.057031801955218e+02  3.441283438703075e-07  6.394929490646678e-05 -9.999996558716562e-01  6.394929490646678e-05 -5.999978681604398e+00  9.993964029796184e-03 -9.999963663042204e-01  1.721006450485617e-03 
 1.106951337893962e+02  3.542977357106006e-07  6.696934431387699e-05 -9.999996457022643e-01  6.696934431387699e-05 -5.999976759112879e+00  1.046593635207841e-02 -9.999960380934593e-01  1.802282256027170e-03 
 1.159228381018138e+02  3.654502693153873e-07  7.013201467730729e-05 -9.999996345497307e-01  7.013201467730729e-05 -5.999974650751914e+00  1.096019750426173e-02 -9.999956781507744e-01  1.887396301613405e-03 
 1.213974267301224e+02  3.776809855462504e-07  7.344404079208757e-05 -9.999996223190144e-01  7.344404079208757e-05 -5.999972338551574e+00  1.147780001232526e-02 -9.999952834083102e-01  1.976529837252603e-03 
 1.271305590685401e+02  3.910941113608592e-07  7.691247541675007e-05 -9.999996089058887e-01  7.691247541675007e-05 -5.999969802804631e+00  1.201984609577073e-02 -9.999948505016178e-01  2.069872670436197e-03 
 1.331344451395132e+02  4.058039465480796e-07  8.054470427512504e-05 -9.999995941960534e-01  8.054470427512504e-05 -5.999967021898612e+00  1.258749001224818e-02 -9.999943757409815e-01  2.167623569901304e-03 
 1.394218715977648e+02  4.219358399470479e-07  8.434846176483243e-05 -9.999995780641601e-01  8.434846176483243e-05 -5.999963972131619e+00  1.318194051311581e-02 -9.999938550799753e-01  2.269990688491967e-03 
 1.460062289624133e+02  4.396272533738758e-07  8.833184740523380e-05 -9.999995603727466e-01  8.833184740523380e-05 -5.999960627510331e+00  1.380446341434660e-02 -9.999932840809773e-01  2.377192005887419e-03 
 1.529015401351592e+02  4.590289351273491e-07  9.250334305945028e-05 -9.999995409710649e-01  9.250334305945028e-05 -5.999956959528499e+00  1.445638428829375e-02 -9.999926578773553e-01  2.489455792145553e-03 
 1.601224902652762e+02  4.803062016303588e-07  9.687183096654548e-05 -9.999995196937984e-01  9.687183096654548e-05 -5.999952936924026e+00  1.513909128242846e-02 -9.999919711319937e-01  2.607021093109561e-03 
 1.676844580250099e+02  5.036403433052784e-07  1.014466126217165e-04 -9.999994963596567e-01  1.014466126217165e-04 -5.999948525412567e+00  1.585403807080352e-02 -9.999912179918139e-01  2.730138238670445e-03 
 1.756035483619938e+02  5.292301728909522e-07  1.062374285439754e-04 -9.999994707698271e-01  1.062374285439754e-04 -5.999943687395377e+00  1.660274694348338e-02 -9.999903920378971e-01  2.859069374798380e-03 
 1.838966267984351e+02  5.572937103171181e-07  1.112544789726906e-04 -9.999994427062897e-01  1.112544789726906e-04 -5.999938381638933e+00  1.738681204252264e-02 -9.999894862307889e-01  2.994089020797903e-03 
 1.925813553501188e+02  5.880700446593848e-07  1.165084455361001e-04 -9.999994119299553e-01  1.165084455361001e-04 -5.999932562923581e+00  1.820790274889119e-02 -9.999884928505165e-01  3.135484652570355e-03 
 2.016762301417284e+02  6.218213645150563e-07  1.220105139369337e-04 -9.999993781786355e-01  1.220105139369337e-04 -5.999926181658228e+00  1.906776722900718e-02 -9.999874034308068e-01  3.283557313357910e-03 
 2.112006207985924e+02  6.588351869978327e-07  1.277723977023200e-04 -9.999993411648130e-01  1.277723977023200e-04 -5.999919183457835e+00  1.996823614744150e-02 -9.999862086869564e-01  3.438622253108737e-03 
 2.211748116987512e+02  6.994268083330308e-07  1.338063630470909e-04 -9.999993005731916e-01  1.338063630470909e-04 -5.999911508680019e+00  2.091122655410505e-02 -9.999848984367191e-01  3.601009597888308e-03 
 2.316200451732010e+02  7.439419802721606e-07  1.401252549020327e-04 -9.999992560580198e-01  1.401252549020327e-04 -5.999903091916924e+00  2.189874595346521e-02 -9.999834615135564e-01  3.771065050642359e-03 
 2.425585667463172e+02  7.927598515177264e-07  1.467425241606138e-04 -9.999992072401485e-01  1.467425241606138e-04 -5.999893861437997e+00  2.293289656451177e-02 -9.999818856715081e-01  3.949150624810202e-03 
 2.540136725128094e+02  8.462961914777428e-07  1.536722562002891e-04 -9.999991537038085e-01  1.536722562002891e-04 -5.999883738578880e+00  2.401587977988137e-02 -9.999801574808630e-01  4.135645412240982e-03 
 2.660097587521075e+02  9.050069199976985e-07  1.609292007367435e-04 -9.999990949930800e-01  1.609292007367435e-04 -5.999872637071351e+00  2.515000083391783e-02 -9.999782622137623e-01  4.330946387090458e-03 
 2.785723738858430e+02  9.693919845923328e-07  1.685288030720629e-04 -9.999990306080154e-01  1.685288030720629e-04 -5.999860462308409e+00  2.633767368860611e-02 -9.999761837187378e-01  4.535469247244783e-03 
 2.917282728890829e+02  1.039999604273025e-06  1.764872368003207e-04 -9.999989600003957e-01  1.764872368003207e-04 -5.999847110538503e+00  2.758142614755842e-02 -9.999739042831451e-01  4.749649295022467e-03 
 3.055054742711952e+02  1.117430925601002e-06  1.848214380368485e-04 -9.999988825690744e-01  1.848214380368485e-04 -5.999832467981824e+00  2.888390520907263e-02 -9.999714044822974e-01  4.973942359046112e-03 
 3.199333197477024e+02  1.202345122940749e-06  1.935491412400875e-04 -9.999987976548771e-01  1.935491412400875e-04 -5.999816409861342e+00  3.024788266647188e-02 -9.999686630140404e-01  5.208825758726999e-03 
 3.350425367302049e+02  1.295464994761071e-06  2.026889166979188e-04 -9.999987045350053e-01  2.026889166979188e-04 -5.999798799340171e+00  3.167626097226783e-02 -9.999656565173376e-01  5.454799314154587e-03 
 3.508653037674636e+02  1.397583091510910e-06  2.122602097531401e-04 -9.999986024169085e-01  2.122602097531401e-04 -5.999779486356421e+00  3.317207937108437e-02 -9.999623593733540e-01  5.712386402316410e-03 
 3.674353190770126e+02  1.509568436132203e-06  2.222833818458266e-04 -9.999984904315639e-01  2.222833818458266e-04 -5.999758306345508e+00  3.473852031931493e-02 -9.999587434873246e-01  5.982135062681608e-03 
 3.847878723132545e+02  1.632373889834353e-06  2.327797534534013e-04 -9.999983676261102e-01  2.327797534534013e-04 -5.999735078839112e+00  3.637891620050631e-02 -9.999547780493648e-01  6.264619153738426e-03 
 4.029599197248876e+02  1.767044221972103e-06  2.437716490122451e-04 -9.999982329557781e-01  2.437716490122451e-04 -5.999709605928956e+00  3.809675635158948e-02 -9.999504292722049e-01  6.560439563069773e-03 
 4.219901628617275e+02  1.914724958411800e-06  2.552824439080378e-04 -9.999980852750416e-01  2.552824439080378e-04 -5.999681670582262e+00  3.989569441269939e-02 -9.999456601035978e-01  6.870225473172907e-03 
 4.419191309985487e+02  2.076672074666313e-06  2.673366136250544e-04 -9.999979233279254e-01  2.673366136250544e-04 -5.999651034794725e+00  4.177955601402940e-02 -9.999404299109913e-01  7.194635685348602e-03 
 4.627892674514867e+02  2.254262621062169e-06  2.799597851480124e-04 -9.999977457373790e-01  2.799597851480124e-04 -5.999617437565263e+00  4.375234681649670e-02 -9.999346941357705e-01  7.534360004527956e-03 
 4.846450199708305e+02  2.449006362095395e-06  2.931787907133299e-04 -9.999975509936379e-01  2.931787907133299e-04 -5.999580592675454e+00  4.581826091856146e-02 -9.999284039141578e-01  7.890120687195828e-03 
 5.075329354027183e+02  2.662558537556663e-06  3.070217240098445e-04 -9.999973374414625e-01  3.070217240098445e-04 -5.999540186254773e+00  4.798168964724124e-02 -9.999215056615418e-01  8.262673955494711e-03 
 5.315017588213399e+02  2.896733836019959e-06  3.215179989323929e-04 -9.999971032661640e-01  3.215179989323929e-04 -5.999495874111181e+00  5.024723074692639e-02 -9.999139406167480e-01  8.652811579883193e-03 
 5.566025373427711e+02  3.153521713366409e-06  3.366984109946432e-04 -9.999968464782867e-01  3.366984109946432e-04 -5.999447278804360e+00  5.261969798394499e-02 -9.999056443423716e-01  9.061362533429205e-03 
 5.828887288415350e+02  3.435103171584391e-06  3.525952015109573e-04 -9.999965648968284e-01  3.525952015109573e-04 -5.999393986436935e+00  5.510413118574325e-02 -9.998965461769640e-01  9.489194720971617e-03 
 6.104163158014270e+02  3.743869145838710e-06  3.692421246596438e-04 -9.999962561308542e-01  3.692421246596438e-04 -5.999335543136608e+00  5.770580672573507e-02 -9.998865686344506e-01  9.937216785129157e-03 
 6.392439245430755e+02  4.082440646136170e-06  3.866745175430131e-04 -9.999959175593539e-01  3.866745175430131e-04 -5.999271451199542e+00  6.043024847837734e-02 -9.998756267457158e-01  1.040637999331820e-02 
 6.694329500821609e+02  4.453690824006801e-06  4.049293733619467e-04 -9.999955463091760e-01  4.049293733619467e-04 -5.999201164862437e+00  6.328323925884716e-02 -9.998636273367968e-01  1.089768020830358e-02 
 7.010476868842059e+02  4.860769152383543e-06  4.240454178248765e-04 -9.999951392308476e-01  4.240454178248765e-04 -5.999124085667830e+00  6.627083276599056e-02 -9.998504682376275e-01  1.141215994550319e-02 
 7.341554657944110e+02  5.307127905863970e-06  4.440631889129198e-04 -9.999946928720941e-01  4.440631889129198e-04 -5.999039557383580e+00  6.939936604681718e-02 -9.998360374146763e-01  1.195091052020665e-02 
 7.688267974341584e+02  5.796551183382671e-06  4.650251201236857e-04 -9.999942034488166e-01  4.650251201236857e-04 -5.998946860433921e+00  7.267547250066327e-02 -9.998202120201904e-01  1.251507428784618e-02 
 8.051355223695786e+02  6.333186689232661e-06  4.869756273172534e-04 -9.999936668133108e-01  4.869756273172534e-04 -5.998845205795370e+00  7.610609544399762e-02 -9.998028573500817e-01  1.310584698091989e-02 
 8.431589683720007e+02  6.921580558318261e-06  5.099611992867443e-04 -9.999930784194416e-01  5.099611992867443e-04 -5.998733728306499e+00  7.969850224758554e-02 -9.997838257017403e-01  1.372448014467396e-02 
 8.829781151052067e+02  7.566715502306959e-06  5.340304921750157e-04 -9.999924332844977e-01  5.340304921750157e-04 -5.998611479335431e+00  8.346029907522573e-02 -9.997629551221995e-01  1.437228367647218e-02 
 9.246777665902297e+02  8.274052600421385e-06  5.592344278558664e-04 -9.999917259473996e-01  5.592344278558664e-04 -5.998477418744333e+00  8.739944622363087e-02 -9.997400680362757e-01  1.505062846899704e-02 
 9.683467318149994e+02  9.049577076597892e-06  5.856262963937178e-04 -9.999909504229234e-01  5.856262963937178e-04 -5.998330406083489e+00  9.152427410092057e-02 -9.997149697431811e-01  1.576094916353401e-02 
 1.014078013873485e+03  9.899848443596339e-06  6.132618626901321e-04 -9.999901001515564e-01  6.132618626901321e-04 -5.998169190942294e+00  9.584349984320861e-02 -9.996874467691990e-01  1.650474701345694e-02 
 1.061969008037152e+03  1.083205543272604e-05  6.421994774163729e-04 -9.999891679445673e-01  6.421994774163729e-04 -5.997992402377112e+00  1.003662445866452e-01 -9.996572650627550e-01  1.728359286090589e-02 
 1.112121709180564e+03  1.185407615305513e-05  6.725001923211926e-04 -9.999881459238470e-01  6.725001923211926e-04 -5.997798537328513e+00  1.051020514151172e-01 -9.996241680169519e-01  1.809913023009333e-02 
 1.164642929002906e+03  1.297454397903745e-05  7.042278799888530e-04 -9.999870254560209e-01  7.042278799888530e-04 -5.997585947932885e+00  1.100609039812128e-01 -9.995878743033411e-01  1.895307853701322e-02 
 1.219644523508032e+03  1.420291970046337e-05  7.374493581054300e-04 -9.999857970802996e-01  7.374493581054300e-04 -5.997352827623989e+00  1.152532458200897e-01 -9.995480754991066e-01  1.984723641885865e-02 
 1.277243631227528e+03  1.554957051882262e-05  7.722345182709835e-04 -9.999844504294811e-01  7.722345182709835e-04 -5.997097195911262e+00  1.206900003474557e-01 -9.995044334883336e-01  2.078348518184141e-02 
 1.337562922694120e+03  1.702585652190728e-05  8.086564593702552e-04 -9.999829741434781e-01  8.086564593702552e-04 -5.996816881710403e+00  1.263825915599133e-01 -9.994565776161123e-01  2.176379237043417e-02 
 1.400730861696762e+03  1.864422532121826e-05  8.467916254846224e-04 -9.999813557746787e-01  8.467916254846224e-04 -5.996509505092373e+00  1.323429654048906e-01 -9.994041015726191e-01  2.279021545278617e-02 
 1.466881978873784e+03  2.041831559336019e-05  8.867199482940449e-04 -9.999795816844066e-01  8.867199482940449e-04 -5.996172457302382e+00  1.385836118440165e-01 -9.993465599818367e-01  2.386490562614751e-02 
 1.536157158226796e+03  2.236307033644269e-05  9.285249938769580e-04 -9.999776369296636e-01  9.285249938769580e-04 -5.995802878889953e+00  1.451175875656189e-01 -9.992834646677786e-01  2.499011173508309e-02 
 1.608703937165534e+03  2.449486068292590e-05  9.722941137689688e-04 -9.999755051393171e-01  9.722941137689688e-04 -5.995397635775745e+00  1.519585393313749e-01 -9.992142805684553e-01  2.616818429992094e-02 
 1.684676820722669e+03  2.683162122325799e-05  1.018118600087752e-03 -9.999731683787767e-01  1.018118600087752e-03 -5.994953293065718e+00  1.591207279269855e-01 -9.991384212652427e-01  2.740157965035273e-02 
 1.764237610607775e+03  2.939299782140885e-05  1.066093844469543e-03 -9.999706070021785e-01  1.066093844469543e-03 -5.994466086407797e+00  1.666190526642983e-01 -9.990552440926778e-01  2.869286415538664e-02 
 1.847555749801234e+03  3.220050900332385e-05  1.116319500490502e-03 -9.999677994909967e-01  1.116319500490502e-03 -5.993931890668195e+00  1.744690763807227e-01 -9.989640447906287e-01  3.004471854048400e-02 
 1.934808683421998e+03  3.527772206338189e-05  1.168899649166811e-03 -9.999647222779366e-01  1.168899649166811e-03 -5.993346185686257e+00  1.826870508634763e-01 -9.988640516576697e-01  3.145994227962522e-02 
 2.026182236637731e+03  3.865044512375854e-05  1.223942967032131e-03 -9.999613495548763e-01  1.223942967032131e-03 -5.992704018847234e+00  1.912899426042052e-01 -9.987544191611611e-01  3.294145804634815e-02 
 2.121871010422199e+03  4.234693644920815e-05  1.281562896185406e-03 -9.999576530635508e-01  1.281562896185406e-03 -5.991999964190751e+00  2.002954587818928e-01 -9.986342209558465e-01  3.449231620639041e-02 
 2.222078796002747e+03  4.639813242858024e-05  1.341877815580672e-03 -9.999536018675714e-01  1.341877815580672e-03 -5.991228077751383e+00  2.097220733350029e-01 -9.985024422591214e-01  3.611569932839558e-02 
 2.327019008880541e+03  5.083789570144298e-05  1.405011212689400e-03 -9.999491621042985e-01  1.405011212689400e-03 -5.990381848804156e+00  2.195890529644817e-01 -9.983579715271107e-01  3.781492668578444e-02 
 2.436915143347906e+03  5.570328501643376e-05  1.471091854508540e-03 -9.999442967149835e-01  1.471091854508540e-03 -5.989454146663514e+00  2.299164828778840e-01 -9.981995913715273e-01  3.959345871755519e-02 
 2.552001248470766e+03  6.103484847434762e-05  1.540253956704496e-03 -9.999389651515257e-01  1.540253956704496e-03 -5.988437162658832e+00  2.407252920519018e-01 -9.980259686529612e-01  4.145490141013323e-02 
 2.672522426549902e+03  6.687694192354951e-05  1.612637349478194e-03 -9.999331230580765e-01  1.612637349478194e-03 -5.987322346884419e+00  2.520372777405958e-01 -9.978356436819219e-01  4.340301055396087e-02 
 2.798735355122611e+03  7.327807433491568e-05  1.688387638501966e-03 -9.999267219256651e-01  1.688387638501966e-03 -5.986100339294143e+00  2.638751289268527e-01 -9.976270184542353e-01  4.544169582328922e-02 
 2.930908833616491e+03  8.029128205689449e-05  1.767656359015908e-03 -9.999197087179431e-01  1.767656359015908e-03 -5.984760894685692e+00  2.762624483454870e-01 -9.973983438430803e-01  4.757502461600324e-02 
 3.069324355819576e+03  8.797453394264916e-05  1.850601120875100e-03 -9.999120254660574e-01  1.850601120875100e-03 -5.983292801093127e+00  2.892237726465484e-01 -9.971477056654571e-01  4.980722558010151e-02 
 3.214276709386028e+03  9.639116933869082e-05  1.937385742007049e-03 -9.999036088306613e-01  1.937385742007049e-03 -5.981683791078756e+00  3.027845902253845e-01 -9.968730095361588e-01  5.214269174604317e-02 
 3.366074603654170e+03  1.056103710124509e-04  2.028180367370415e-03 -9.998943896289876e-01  2.028180367370415e-03 -5.979920445394634e+00  3.169713561309596e-01 -9.965719644187633e-01  5.458598316490029e-02 
 3.525041327113949e+03  1.157076750377337e-04  2.123161570097817e-03 -9.998842923249622e-01  2.123161570097817e-03 -5.977988088461500e+00  3.318115033946383e-01 -9.962420647793173e-01  5.714182894026246e-02 
 3.691515435924041e+03  1.267655196684250e-04  2.222512431054661e-03 -9.998732344803316e-01  2.222512431054661e-03 -5.975870675095382e+00  3.473334500181447e-01 -9.958805712453718e-01  5.981512852422506e-02 
 3.865851474944979e+03  1.388738351514508e-04  2.326422592551944e-03 -9.998611261648486e-01  2.326422592551944e-03 -5.973550667896966e+00  3.635666007678767e-01 -9.954844896704482e-01  6.261095213198679e-02 
 4.048420732823879e+03  1.521306763128536e-04  2.435088281414457e-03 -9.998478693236872e-01  2.435088281414457e-03 -5.971008904717867e+00  3.805413427517964e-01 -9.950505485038065e-01  6.553454010084232e-02 
 4.239612032738920e+03  1.666428995712173e-04  2.548712296023216e-03 -9.998333571004288e-01  2.548712296023216e-03 -5.968224455617473e+00  3.982890336443891e-01 -9.945751743653072e-01  6.859130100018113e-02 
 4.439832560487626e+03  1.825268858332777e-04  2.667503951320298e-03 -9.998174731141667e-01  2.667503951320298e-03 -5.965174468734014e+00  4.168419812883613e-01 -9.940544657268746e-01  7.178680827556796e-02 
 4.649508731682574e+03  1.999093103751692e-04  2.791678975096332e-03 -9.998000906896248e-01  2.791678975096332e-03 -5.961834004529400e+00  4.362334131670164e-01 -9.934841646081047e-01  7.512679517049338e-02 
 4.869087099901398e+03  2.189279604540438e-04  2.921459348166565e-03 -9.997810720395459e-01  2.921459348166565e-03 -5.958175857906716e+00  4.564974340892569e-01 -9.928596262003244e-01  7.861714764305772e-02 
 5.099035307725232e+03  2.397326008936481e-04  3.057073080283770e-03 -9.997602673991064e-01  3.057073080283770e-03 -5.954170367762964e+00  4.776689702297738e-01 -9.921757863442193e-01  8.226389496069475e-02 
 5.339843082691019e+03  2.624858872687101e-04  3.198753912856810e-03 -9.997375141127313e-01  3.198753912856810e-03 -5.949785213642576e+00  4.997836973665605e-01 -9.914271268036886e-01  8.607319760540993e-02 
 5.592023280278810e+03  2.873643256143312e-04  3.346740938716473e-03 -9.997126356743856e-01  3.346740938716473e-03 -5.944985199268961e+00  5.228779509828997e-01 -9.906076382976428e-01  9.005133209139035e-02 
 5.856112976155335e+03  3.145592767083881e-04  3.501278128334948e-03 -9.996854407232916e-01  3.501278128334948e-03 -5.939732022902453e+00  5.469886155692369e-01 -9.897107812806231e-01  9.420467224077134e-02 
 6.132674610000022e+03  3.442780019418871e-04  3.662613751046939e-03 -9.996557219980581e-01  3.662613751046939e-03 -5.933984034680339e+00  5.721529901749213e-01 -9.887294444984494e-01  9.853966641454553e-02 
 6.422297183349509e+03  3.767447466289230e-04  3.830999678952672e-03 -9.996232552533710e-01  3.830999678952672e-03 -5.927695981350854e+00  5.984086269752735e-01 -9.876559013888332e-01  1.030628101467793e-01 
 6.725597514011736e+03  4.122018551942485e-04  4.006690560328141e-03 -9.995877981448058e-01  4.006690560328141e-03 -5.920818739149064e+00  6.257931392398931e-01 -9.864817644541459e-01  1.077806135660298e-01 
 7.043221549721172e+03  4.509109111134846e-04  4.189942848512095e-03 -9.995490890888865e-01  4.189942848512095e-03 -5.913299035948827e+00  6.543439748163008e-01 -9.851979377994803e-01  1.126995629408492e-01 
 7.375845743832916e+03  4.931538926231587e-04  4.381013671427486e-03 -9.995068461073768e-01  4.381013671427486e-03 -5.905079164325488e+00  6.840981508324406e-01 -9.837945681144362e-01  1.178260756168768e-01 
 7.724178495985529e+03  5.392343331512986e-04  4.580159526106842e-03 -9.994607656668487e-01  4.580159526106842e-03 -5.896096687734859e+00  7.150919450489965e-01 -9.822609944745091e-01  1.231664475659275e-01 
 8.088961660800805e+03  5.894784729916948e-04  4.787634781875596e-03 -9.994105215270083e-01  4.787634781875596e-03 -5.886284142718448e+00  7.473605389398411e-01 -9.805856974580835e-01  1.287267927076824e-01 
 8.470972127833633e+03  6.442363860379998e-04  5.003689975210238e-03 -9.993557636139619e-01  5.003689975210238e-03 -5.875568740863627e+00  7.809376073150816e-01 -9.787562482147243e-01  1.345129731194325e-01 
 8.871023476136776e+03  7.038830622261450e-04  5.228569878763206e-03 -9.992961169377739e-01  5.228569878763206e-03 -5.863872075204577e+00  8.158548490939128e-01 -9.767592582837618e-01  1.405305192138277e-01 
 9.289967706964382e+03  7.688194227103406e-04  5.462511326705742e-03 -9.992311805772897e-01  5.462511326705742e-03 -5.851109836879814e+00  8.521414536427961e-01 -9.745803311548860e-01  1.467845389324121e-01 
 9.728697058304393e+03  8.394732406953214e-04  5.705740778395961e-03 -9.991605267593047e-01  5.705740778395961e-03 -5.837191549111969e+00  8.898234971710206e-01 -9.722040167758167e-01  1.532796150148401e-01 
 1.018814590510432e+04  9.162999359656220e-04  5.958471602624898e-03 -9.990837000640344e-01  5.958471602624898e-03 -5.822020327061124e+00  9.289232636927242e-01 -9.696137704654365e-01  1.600196894077410e-01 
 1.066929274923737e+04  9.997832057269021e-04  6.220901065346223e-03 -9.990002167942731e-01  6.220901065346223e-03 -5.805492673688471e+00  9.694584855328808e-01 -9.667919179614382e-01  1.670079339558729e-01 
 1.117316230344695e+04  1.090435447842671e-03  6.493207005218018e-03 -9.989095645521573e-01  6.493207005218018e-03 -5.787498323626188e+00  1.011441498774921e+00 -9.637196286484540e-01  1.742466065916958e-01 
 1.170082767370794e+04  1.188797925516952e-03  6.775544183497736e-03 -9.988112020744830e-01  6.775544183497736e-03 -5.767920148921696e+00  1.054878310212064e+00 -9.603768993324278e-01  1.817368924358101e-01 
 1.225341264465232e+04  1.295440613981975e-03  7.068040298497706e-03 -9.987045593860180e-01  7.068040298497706e-03 -5.746634142709281e+00  1.099767573414593e+00 -9.567425512992660e-01  1.894787294026318e-01 
 1.283209407292678e+04  1.410961660857029e-03  7.370791659969364e-03 -9.985890383391429e-01  7.370791659969364e-03 -5.723509498947426e+00  1.146099473563717e+00 -9.527942437519661e-01  1.974706182511235e-01 
 1.343810439357931e+04  1.535986381738095e-03  7.683858526300480e-03 -9.984640136182619e-01  7.683858526300480e-03 -5.698408808618517e+00  1.193854522890579e+00 -9.485085071053340e-01  2.057094173954850e-01 
 1.407273424481277e+04  1.671165702182531e-03  8.007260117594155e-03 -9.983288342978175e-01  8.007260117594155e-03 -5.671188394889851e+00  1.243002271623109e+00 -9.438607999760660e-01  2.141901233130251e-01 
 1.473733521669543e+04  1.817173946844798e-03  8.340969331221037e-03 -9.981828260531552e-01  8.340969331221037e-03 -5.641698811631738e+00  1.293499943128488e+00 -9.388255940295789e-01  2.229056380317897e-01 
 1.543332272968258e+04  1.974705866451611e-03  8.684907204050718e-03 -9.980252941335483e-01  8.684907204050718e-03 -5.609785531323439e+00  1.345291006324306e+00 -9.333764911234053e-01  2.318465259303603e-01 
 1.616217904907954e+04  2.144472785410654e-03  9.038937187403747e-03 -9.978555272145894e-01  9.038937187403747e-03 -5.575289849270931e+00  1.398303704030000e+00 -9.274863773396518e-01  2.410007630351823e-01 
 1.692545644186617e+04  2.327197747116620e-03  9.402859327745318e-03 -9.976728022528834e-01  9.402859327745318e-03 -5.538050031390254e+00  1.452449561905646e+00 -9.211276185544243e-01  2.503534830230623e-01 
 1.772478048260602e+04  2.523609533340681e-03  9.776404477709916e-03 -9.974763904666594e-01  9.776404477709916e-03 -5.497902731831976e+00  1.507621909864090e+00 -9.142723020253469e-01  2.598867253695561e-01 
 1.856185351548085e+04  2.734435439209409e-03  1.015922869837744e-02 -9.972655645607906e-01  1.015922869837744e-02 -5.454684704484063e+00  1.563694455508851e+00 -9.068925280958904e-01  2.695791923928837e-01 
 1.943845827982359e+04  2.960392698570514e-03  1.055090805376251e-02 -9.970396073014295e-01  1.055090805376251e-02 -5.408234828394631e+00  1.620519957391422e+00 -8.989607554330055e-01  2.794060233492590e-01 
 2.035646170687141e+04  3.202178478053749e-03  1.095093404074852e-02 -9.967978215219463e-01  1.095093404074852e-02 -5.358396461042682e+00  1.677929054397241e+00 -8.904502021712618e-01  2.893385951877185e-01 
 2.131781889582462e+04  3.460458393358715e-03  1.135870994019121e-02 -9.965395416066413e-01  1.135870994019121e-02 -5.305020124962152e+00  1.735729315748546e+00 -8.813353038990320e-01  2.993443609684284e-01 
 2.232457727767966e+04  3.735853549812916e-03  1.177354841471563e-02 -9.962641464501871e-01  1.177354841471563e-02 -5.247966522193881e+00  1.793704583505008e+00 -8.715922275395273e-01  3.093867382101526e-01 
 2.337888097570369e+04  4.028926172494842e-03  1.219467071170277e-02 -9.959710738275052e-01  1.219467071170277e-02 -5.187109857059554e+00  1.851614685579444e+00 -8.611994377944583e-01  3.194250604768998e-01 
 2.448297537183775e+04  4.340163967355491e-03  1.262120785323497e-02 -9.956598360326445e-01  1.262120785323497e-02 -5.122341431499797e+00  1.909195600545917e+00 -8.501383100432615e-01  3.294146060740792e-01 
 2.563921188875345e+04  4.669963445404470e-03  1.305220420146338e-02 -9.953300365545955e-01  1.305220420146338e-02 -5.053573457904132e+00  1.966160156292629e+00 -8.383937802964647e-01  3.393067178515487e-01 
 2.685005299774774e+04  5.018612541453494e-03  1.348662377548326e-02 -9.949813874585465e-01  1.348662377548326e-02 -4.980743013642262e+00  2.022199340496550e+00 -8.259550192652941e-01  3.490490274183137e-01 
 2.811807746314128e+04  5.386272964743788e-03  1.392335965849062e-02 -9.946137270352562e-01  1.392335965849062e-02 -4.903816039559688e+00  2.076984291973414e+00 -8.128161138643586e-01  3.585857955508734e-01 
 2.944598583434951e+04  5.772962825119807e-03  1.436124676771123e-02 -9.942270371748801e-01  1.436124676771123e-02 -4.822791262687388e+00  2.130169027348738e+00 -7.989767357087764e-01  3.678583780816797e-01 
 3.083660619732306e+04  6.178540176292116e-03  1.479907816330393e-02 -9.938214598237078e-01  1.479907816330393e-02 -4.737703903425929e+00  2.181393936188814e+00 -7.844427727553148e-01  3.768058229199934e-01 
 3.229290019760647e+04  6.602688199131176e-03  1.523562494533972e-02 -9.933973118008689e-01  1.523562494533972e-02 -4.648629011065060e+00  2.230290050014989e+00 -7.692268974375404e-01  3.853655991297237e-01 
 3.381796934784285e+04  7.044902804497523e-03  1.566965963044405e-02 -9.929550971955025e-01  1.566965963044405e-02 -4.555684260104817e+00  2.276484057366249e+00 -7.533490427024611e-01  3.934744533082837e-01 
 3.541506163315755e+04  7.504483453861319e-03  1.609998272109400e-02 -9.924955165461387e-01  1.609998272109400e-02 -4.459032036919642e+00  2.319603998242219e+00 -7.368367568542192e-01  4.010693818893546e-01 
 3.708757842848868e+04  7.980527971843451e-03  1.652545198538431e-02 -9.920194720281565e-01  1.652545198538431e-02 -4.358880652184782e+00  2.359285529932159e+00 -7.197254091140064e-01  4.080887009372499e-01 
 3.883908174259649e+04  8.471932049086733e-03  1.694501376753002e-02 -9.915280679509133e-01  1.694501376753002e-02 -4.255484531487018e+00  2.395178614114708e+00 -7.020582207058542e-01  4.144731878130565e-01 
 4.067330180417935e+04  8.977394003801768e-03  1.735773546384573e-02 -9.910226059961982e-01  1.735773546384573e-02 -4.149143265236066e+00  2.426954435458314e+00 -6.838861011724202e-01  4.201672623273098e-01 
 4.259414500625277e+04  9.495425188581782e-03  1.776283813878511e-02 -9.905045748114182e-01  1.776283813878511e-02 -4.040199438437309e+00  2.454312328538121e+00 -6.652672763570685e-01  4.251201692869305e-01 
 4.460570222571074e+04  1.002436619838239e-02  1.815972814359654e-02 -9.899756338016176e-01  1.815972814359654e-02 -3.929035211472524e+00  2.476986465284731e+00 -6.462667031142066e-01  4.292871201544084e-01 
 4.671225753578796e+04  1.056240877423149e-02  1.854802653878761e-02 -9.894375912257685e-01  1.854802653878761e-02 -3.816067679127185e+00  2.494752044080695e+00 -6.269552753872876e-01  4.326303496291461e-01 
 4.891829732997800e+04  1.110762301281387e-02  1.892759513840282e-02 -9.888923769871861e-01  1.892759513840282e-02 -3.701743097413198e+00  2.507430724326550e+00 -6.074088369172639e-01  4.351200434345712e-01 
 5.122851987683892e+04  1.165798921411484e-02  1.929855807729417e-02 -9.883420107858851e-01  1.929855807729417e-02 -3.586530127445723e+00  2.514895070161059e+00 -5.877070260377176e-01  4.367350969717540e-01 
 5.364784532603562e+04  1.221143344276129e-02  1.966131796424349e-02 -9.877885665572387e-01  1.966131796424349e-02 -3.470912301330236e+00  2.517071802286032e+00 -5.679319875140514e-01  4.374636705189569e-01 
 5.618142618692882e+04  1.276586566760785e-02  2.001656591279471e-02 -9.872341343323922e-01  2.001656591279471e-02 -3.355379960984705e+00  2.513943706504025e+00 -5.481669942236371e-01  4.373035151320925e-01 
 5.883465830202754e+04  1.331921919915556e-02  2.036528501537297e-02 -9.866807808008444e-01  2.036528501537297e-02 -3.240421951597962e+00  2.505550108719511e+00 -5.284950267311304e-01  4.362620538213479e-01 
 6.161319233867537e+04  1.386949007364696e-02  2.070874713946688e-02 -9.861305099263531e-01  2.070874713946688e-02 -3.126517367162016e+00  2.491985893625619e+00 -5.089973614918019e-01  4.343562140978109e-01 
 6.452294582344472e+04  1.441477504751611e-02  2.104850323961448e-02 -9.855852249524839e-01  2.104850323961448e-02 -3.014127641902279e+00  2.473399113851444e+00 -4.897522178018753e-01  4.316120198436765e-01 
 6.757011574486920e+04  1.495330696172511e-02  2.138636768000964e-02 -9.850466930382749e-01  2.138636768000964e-02 -2.903689260577855e+00  2.449987302181817e+00 -4.708335100555433e-01  4.280639616912861e-01 
 7.076119175135434e+04  1.548348640487474e-02  2.172439732164156e-02 -9.845165135951253e-01  2.172439732164156e-02 -2.795607323450174e+00  2.421992656913204e+00 -4.523097455281270e-01  4.237541748917502e-01 
 7.410296997237489e+04  1.600390882999279e-02  2.206486633543578e-02 -9.839960911700072e-01  2.206486633543578e-02 -2.690250152910638e+00  2.389696315394517e+00 -4.342430995711626e-01  4.187314613325421e-01 
 7.760256749239381e+04  1.651338654517618e-02  2.241023782960803e-02 -9.834866134548238e-01  2.241023782960803e-02 -2.587945070029681e+00  2.353411960819410e+00 -4.166886900945178e-01  4.130501974688416e-01 
 8.126743750832872e+04  1.701096527726371e-02  2.276313344386129e-02 -9.829890347227362e-01  2.276313344386129e-02 -2.488975408978652e+00  2.313479021013957e+00 -3.996940629118982e-01  4.067691722728187e-01 
 8.510538520284707e+04  1.749593528215811e-02  2.312630204140260e-02 -9.825040647178419e-01  2.312630204140260e-02 -2.393578776290664e+00  2.270255715840964e+00 -3.832988891302844e-01  3.999503989270723e-01 
 8.912458436729580e+04  1.796783722334314e-02  2.350258855138838e-02 -9.820321627766568e-01  2.350258855138838e-02 -2.301946507495399e+00  2.224112193490368e+00 -3.675348664740698e-01  3.926579411975671e-01 
 9.333359480966780e+04  1.842646324811339e-02  2.389490387781861e-02 -9.815735367518866e-01  2.389490387781861e-02 -2.214224226985857e+00  2.175423968085215e+00 -3.524258084755771e-01  3.849567906618485e-01 
 9.774138058467965e+04  1.887185384792151e-02  2.430619661409463e-02 -9.811281461520784e-01  2.430619661409463e-02 -2.130513380706956e+00  2.124565834906512e+00 -3.379878992844125e-01  3.769118247920110e-01 
 1.023573290847855e+05  1.930429119059259e-02  2.473942711193884e-02 -9.806957088094074e-01  2.473942711193884e-02 -2.050873587361346e+00  2.071906398810205e+00 -3.242300877707432e-01  3.685868689410776e-01 
 1.071912710327858e+05  1.972428965783674e-02  2.519754424728372e-02 -9.802757103421632e-01  2.519754424728372e-02 -1.975325640254319e+00  2.017803309169295e+00 -3.111545922961800e-01  3.600438780584473e-01 
 1.122535014186105e+05  2.013258431536124e-02  2.568346503409151e-02 -9.798674156846388e-01  2.568346503409151e-02 -1.903854989495595e+00  1.962599254013297e+00 -2.987574871236517e-01  3.513422470157082e-01 
 1.175548014248648e+05  2.053011799214135e-02  2.620005706417299e-02 -9.794698820078587e-01  2.620005706417299e-02 -1.836415540578412e+00  1.906618729156614e+00 -2.870293425244262e-01  3.425382521232389e-01 
 1.231064613878344e+05  2.091802755819135e-02  2.675012360285367e-02 -9.790819724418086e-01  2.675012360285367e-02 -1.772933618292615e+00  1.850165566493798e+00 -2.759558928659239e-01  3.336846210118777e-01 
 1.289203048428508e+05  2.129762987643291e-02  2.733639105894375e-02 -9.787023701235671e-01  2.733639105894375e-02 -1.713311963041498e+00  1.793521180297116e+00 -2.655187100711102e-01  3.248302237230046e-01 
 1.350087137052259e+05  2.167040777339383e-02  2.796149847249252e-02 -9.783295922266062e-01  2.796149847249252e-02 -1.657433647575112e+00  1.736943471479501e+00 -2.556958634334925e-01  3.160198746241961e-01 
 1.413846546403853e+05  2.203799623364917e-02  2.862798862273905e-02 -9.779620037663508e-01  2.862798862273905e-02 -1.605165823978886e+00  1.680666317061564e+00 -2.464625505235123e-01  3.072942325878301e-01 
 1.480617066793613e+05  2.240216888347611e-02  2.933830035944882e-02 -9.775978311165239e-01  2.933830035944882e-02 -1.556363232654945e+00  1.624899565085948e+00 -2.377916876832288e-01  2.986897856762775e-01 
 1.550540901384591e+05  2.276482469585632e-02  3.009476179108472e-02 -9.772351753041437e-01  3.009476179108472e-02 -1.510871425142793e+00  1.569829452901584e+00 -2.296544520729433e-01  2.902389061773847e-01 
 1.623766969046876e+05  2.312797473017524e-02  3.089958403190340e-02 -9.768720252698248e-01  3.089958403190340e-02 -1.468529670985028e+00  1.515619368398459e+00 -2.220207703979929e-01  2.819699621235784e-01 
 1.700451221514537e+05  2.349372862018988e-02  3.175485530273223e-02 -9.765062713798102e-01  3.175485530273223e-02 -1.429173534274451e+00  1.462410878226072e+00 -2.148597521196678e-01  2.739074721925775e-01 
 1.780756975520670e+05  2.386428045151463e-02  3.266253530615517e-02 -9.761357195484853e-01  3.266253530615517e-02 -1.392637118631131e+00  1.410324953657981e+00 -2.081400672284577e-01  2.660722920381517e-01 
 1.864855260617904e+05  2.424189362735487e-02  3.362444993146044e-02 -9.757581063726452e-01  3.362444993146044e-02 -1.358754989087880e+00  1.359463332390376e+00 -2.018302703733631e-01  2.584818214128678e-01 
 1.952925183425122e+05  2.462888432059911e-02  3.464228651235279e-02 -9.753711156794009e-01  3.464228651235279e-02 -1.327363787498696e+00  1.309909963138334e+00 -1.958990745644691e-01  2.511502229489457e-01 
 2.045154309076157e+05  2.502760314951327e-02  3.571759001517737e-02 -9.749723968504868e-01  3.571759001517737e-02 -1.298303562924750e+00  1.261732488155984e+00 -1.903155785528403e-01  2.440886449016394e-01 
 2.141739060682834e+05  2.544041480490612e-02  3.685176070223584e-02 -9.745595851950939e-01  3.685176070223584e-02 -1.271418842130730e+00  1.214983727062157e+00 -1.850494526614383e-01  2.373054416247684e-01 
 2.242885137663115e+05  2.586967549554125e-02  3.804605395451634e-02 -9.741303245044588e-01  3.804605395451634e-02 -1.246559466857709e+00  1.169703132822133e+00 -1.800710881566248e-01  2.308063868793014e-01 
 2.348807953825264e+05  2.631770826998770e-02  3.930158305815046e-02 -9.736822917300123e-01  3.930158305815046e-02 -1.223581225246662e+00  1.125918197647617e+00 -1.753517154084415e-01  2.245948763372920e-01 
 2.459733096141043e+05  2.678677650478268e-02  4.061932581384857e-02 -9.732132234952173e-01  4.061932581384857e-02 -1.202346303815823e+00  1.083645792354064e+00 -1.708634959761607e-01  2.186721167077353e-01 
 2.575896805184995e+05  2.727905612003679e-02  4.200013584305926e-02 -9.727209438799632e-01  4.200013584305926e-02 -1.182723585580648e+00  1.042893427998809e+00 -1.665795936359372e-01  2.130372999306039e-01 
 2.697546478263019e+05  2.779660736673730e-02  4.344475938019481e-02 -9.722033926332627e-01  4.344475938019481e-02 -1.164588817798042e+00  1.003660432714304e+00 -1.624742290415877e-01  2.076877616969338e-01 
 2.824941196301774e+05  2.834134731030091e-02  4.495385818023553e-02 -9.716586526896991e-01  4.495385818023553e-02 -1.147824670877595e+00  9.659390401433613e-01 -1.585227223838654e-01  2.026191242928450e-01 
 2.958352275621030e+05  2.891502438114831e-02  4.652803891738892e-02 -9.710849756188517e-01  4.652803891738892e-02 -1.132320707793975e+00  9.297153886001034e-01 -1.547015280264094e-01  1.978254243885999e-01 
 3.098063845764106e+05  2.951919654589004e-02  4.816788911336741e-02 -9.704808034541099e-01  4.816788911336741e-02 -1.117973281120461e+00  8.949704321695638e-01 -1.509882646825587e-01  1.932992269292637e-01 
 3.244373454617005e+05  3.015521474139579e-02  4.987401922577619e-02 -9.698447852586042e-01  4.987401922577619e-02 -1.104685372561265e+00  8.616807664616439e-01 -1.473617442503976e-01  1.890317267330224e-01 
 3.397592702105002e+05  3.082421318901083e-02  5.164711009185904e-02 -9.691757868109891e-01  5.164711009185904e-02 -1.092366388041957e+00  8.298193729315024e-01 -1.438020019945511e-01  1.850128398252907e-01 
 3.558047903816264e+05  3.152710804327061e-02  5.348796446753738e-02 -9.684728919567294e-01  5.348796446753738e-02 -1.080931919289888e+00  7.993562862964061e-01 -1.402903302518579e-01  1.812312868523277e-01 
 3.726080785965871e+05  3.226460553928567e-02  5.539756100998272e-02 -9.677353944607143e-01  5.539756100998272e-02 -1.070303481433227e+00  7.702591901827912e-01 -1.368093173644184e-01  1.776746712498745e-01 
 3.902049213180292e+05  3.303722038769331e-02  5.737710873037648e-02 -9.669627796123067e-01  5.737710873037648e-02 -1.060408234513764e+00  7.424939463489990e-01 -1.333428929778325e-01  1.743295550786980e-01 
 4.086327950652328e+05  3.384530466227524e-02  5.942809975421256e-02 -9.661546953377248e-01  5.942809975421256e-02 -1.051178695522794e+00  7.160250629862787e-01 -1.298763802494871e-01  1.711815356394013e-01 
 4.279309462289689e+05  3.468908687418627e-02  6.155235819069598e-02 -9.653109131258137e-01  6.155235819069598e-02 -1.042552446419344e+00  6.908161076584124e-01 -1.263965548594631e-01  1.682153261058014e-01 
 4.481404746557045e+05  3.556872037742489e-02  6.375208303597842e-02 -9.644312796225751e-01  6.375208303597842e-02 -1.034471842444291e+00  6.668300703702223e-01 -1.228917099929012e-01  1.654148434318957e-01 
 4.693044211791685e+05  3.648433976122746e-02  6.602988332271438e-02 -9.635156602387726e-01  6.602988332271438e-02 -1.026883724122116e+00  6.440296821898794e-01 -1.193517257026678e-01  1.627633066935381e-01 
 4.914678592856951e+05  3.743612349971304e-02  6.838880414008248e-02 -9.625638765002870e-01  6.838880414008248e-02 -1.019739135343121e+00  6.223776946451239e-01 -1.157681402535917e-01  1.602433487552578e-01 
 5.146779911085682e+05  3.842436088932537e-02  7.083234265598844e-02 -9.615756391106747e-01  7.083234265598844e-02 -1.012993049083848e+00  6.018371248840110e-01 -1.121342202554766e-01  1.578371437076195e-01 
 5.389842479558082e+05  3.944952122493395e-02  7.336445381121111e-02 -9.605504787750661e-01  7.336445381121111e-02 -1.006604101421059e+00  5.823714712011913e-01 -1.084450256354490e-01  1.555265518489152e-01 
 5.644383955854994e+05  4.051232325590892e-02  7.598954589051497e-02 -9.594876767440911e-01  7.598954589051497e-02 -1.000534333871839e+00  5.639449031434898e-01 -1.046974648732370e-01  1.532932831227090e-01 
 5.910946444528640e+05  4.161380318849975e-02  7.871246661728649e-02 -9.583861968115003e-01  7.871246661728649e-02 -9.947489431822875e-01  5.465224297020487e-01 -1.008903354405537e-01  1.511190788006132e-01 
 6.190097651638808e+05  4.275537985788518e-02  8.153848079418728e-02 -9.572446201421149e-01  8.153848079418728e-02 -9.892160374985867e-01  5.300700486045808e-01 -9.702434420621392e-02  1.489859099841996e-01 
 6.482432093813337e+05  4.393891609415633e-02  8.447324069847732e-02 -9.560610839058437e-01  8.447324069847732e-02 -9.839063970453881e-01  5.145548787160343e-01 -9.310210263805699e-02  1.468761900633392e-01 
 6.788572364407853e+05  4.516677576188667e-02  8.752275055277454e-02 -9.548332242381133e-01  8.752275055277454e-02 -9.787932377189966e-01  4.999452769919578e-01 -8.912809214242792e-02  1.447729969252284e-01 
 7.109170459461361e+05  4.644187634994475e-02  9.069332629314170e-02 -9.535581236500552e-01  9.069332629314170e-02 -9.738519755191350e-01  4.862109403191726e-01 -8.510859570610900e-02  1.426602993053854e-01 
 7.444909166271595e+05  4.776773736146287e-02  9.399155171715370e-02 -9.522322626385371e-01  9.399155171715370e-02 -9.690599903986931e-01  4.733229920325533e-01 -8.105159328406682e-02  1.405231805887876e-01 
 7.796503517547434e+05  4.914852501725019e-02  9.742423182082466e-02 -9.508514749827498e-01  9.742423182082466e-02 -9.643963883367673e-01  4.612540521069752e-01 -7.696661994348875e-02  1.383480525087244e-01 
 8.164702314235329e+05  5.058909394962881e-02  1.009983438127869e-01 -9.494109060503712e-01  1.009983438127869e-01 -9.598417609402701e-01  4.499782894440089e-01 -7.286458760700178e-02  1.361228507602578e-01 
 8.550289720262949e+05  5.209502663911535e-02  1.047209859845521e-01 -9.479049733608846e-01  1.047209859845521e-01 -9.553779427884417e-01  4.394714544629141e-01 -6.875757321791173e-02  1.338372046495697e-01 
 8.954086932596414e+05  5.367267130909272e-02  1.085993242862983e-01 -9.463273286909073e-01  1.085993242862983e-01 -9.509877673590010e-01  4.297108900211722e-01 -6.465857809473749e-02  1.314825734916135e-01 
 9.376953930167900e+05  5.532917888145114e-02  1.126405361767007e-01 -9.446708211185488e-01  1.126405361767007e-01 -9.466548231445218e-01  4.206755188216721e-01 -6.058126502410931e-02  1.290523436081457e-01 
 9.819791305398348e+05  5.707253942063371e-02  1.168517510837564e-01 -9.429274605793663e-01  1.168517510837564e-01 -9.423632122474986e-01  4.123458057983864e-01 -5.653968109489445e-02  1.265418813837021e-01 
 1.028354218221592e+06  5.891161827104553e-02  1.212399866337734e-01 -9.410883817289545e-01  1.212399866337734e-01 -9.380973142393576e-01  4.047036944489746e-01 -5.254797527125118e-02  1.239485397966914e-01 
 1.076919422465510e+06  6.085619185518196e-02  1.258120797020592e-01 -9.391438081448180e-01  1.258120797020592e-01 -9.338415585313099e-01  3.977325167664273e-01 -4.862012015192507e-02  1.212716180365390e-01 
 1.127778174031412e+06  6.291698282973017e-02  1.305746112522947e-01 -9.370830171702699e-01  1.305746112522947e-01 -9.295802084769160e-01  3.914168769766519e-01 -4.476964721350631e-02  1.185122760194769e-01 
 1.181038788315065e+06  6.510569405873255e-02  1.355338239489294e-01 -9.348943059412674e-01  1.355338239489294e-01 -9.252971606463550e-01  3.857425101136828e-01 -4.100940412021171e-02  1.156734077498654e-01 
 1.236814696030698e+06  6.743504058634447e-02  1.406955315114655e-01 -9.325649594136556e-01  1.406955315114655e-01 -9.209757622170796e-01  3.806961168748719e-01 -3.735134144450057e-02  1.127594792529070e-01 
 1.295224684787769e+06  6.991877856654626e-02  1.460650188754023e-01 -9.300812214334537e-01  1.460650188754023e-01 -9.165986493806512e-01  3.762651768676187e-01 -3.380633451759770e-02  1.097763382478938e-01 
 1.356393152076467e+06  7.257172984268945e-02  1.516469322796963e-01 -9.274282701573106e-01  1.516469322796963e-01 -9.121476090416357e-01  3.724377425627095e-01 -3.038404423696482e-02  1.067310036156128e-01 
 1.420450370200748e+06  7.540980062113160e-02  1.574451585156920e-01 -9.245901993788684e-01  1.574451585156920e-01 -9.076034656918440e-01  3.692022164798755e-01 -2.709281866960835e-02  1.036314431036031e-01 
 1.487532763723135e+06  7.844999243354139e-02  1.634626927278157e-01 -9.215500075664587e-01  1.634626927278157e-01 -9.029459950231067e-01  3.665471142321953e-01 -2.393963534856847e-02  1.004863475939887e-01 
 1.557783200012167e+06  8.171040330982809e-02  1.697014943314535e-01 -9.182895966901718e-01  1.697014943314535e-01 -8.981538654781841e-01  3.644608159635779e-01 -2.093008239757127e-02  9.730490966954974e-02 
 1.631351293511280e+06  8.521021678464143e-02  1.761623308173904e-01 -9.147897832153585e-01  1.761623308173904e-01 -8.932046086050870e-01  3.629313084834282e-01 -1.806837514092309e-02  9.409661325165974e-02 
 1.708393724377142e+06  8.896967610274631e-02  1.828446095545177e-01 -9.110303238972537e-01  1.828446095545177e-01 -8.880746192768497e-01  3.619459204461802e-01 -1.535740372073666e-02  9.087103990845323e-02 
 1.789074572166035e+06  9.301004065544895e-02  1.897461980100646e-01 -9.069899593445511e-01  1.897461980100646e-01 -8.827391865696901e-01  3.614910525691046e-01 -1.279880648822126e-02  8.763769604648386e-02 
 1.873565665278973e+06  9.735352144688553e-02  1.968632333357724e-01 -9.026464785531145e-01  1.968632333357724e-01 -8.771725565988985e-01  3.615519051049859e-01 -1.039306354192213e-02  8.440586384879049e-02 
 1.962046946909752e+06  1.020231920933375e-01  2.041899227640963e-01 -8.979768079066626e-01  2.041899227640963e-01 -8.713480285122153e-01  3.621122046226293e-01 -8.139604736892313e-03  8.118447745430042e-02 
 2.054706858275326e+06  1.070428717188753e-01  2.117183370106792e-01 -8.929571282811246e-01  2.117183370106792e-01 -8.652380854393480e-01  3.631539326614525e-01 -6.036926712131061e-03  7.798202469978957e-02 
 2.151742739944668e+06  1.124369759835578e-01  2.194381996398253e-01 -8.875630240164422e-01  2.194381996398253e-01 -8.588145622401845e-01  3.646570591132605e-01 -4.082713936497687e-03  7.480647369135042e-02 
 2.253361252120851e+06  1.182303325362733e-01  2.273366763057082e-01 -8.817696674637268e-01  2.273366763057082e-01 -8.520488521923497e-01  3.665992839319424e-01 -2.273959374272278e-03  7.166522265193932e-02 
 2.359778814771425e+06  1.244479573913128e-01  2.353981688143632e-01 -8.755520426086871e-01  2.353981688143632e-01 -8.449121547494803e-01  3.689557915818830e-01 -6.070810678463013e-04  6.856507086198521e-02 
 2.471222068544464e+06  1.311147891594576e-01  2.436041200771635e-01 -8.688852108405425e-01  2.436041200771635e-01 -8.373757663032446e-01  3.716990236242308e-01  9.219683308580241e-04  6.551220808161531e-02 
 2.587928357451889e+06  1.382553787749668e-01  2.519328372139503e-01 -8.617446212250331e-01  2.519328372139503e-01 -8.294114154367017e-01  3.747984759759084e-01  2.317601321617181e-03  6.251221959594087e-02 
 2.710146234348072e+06  1.458935333928507e-01  2.603593412530683e-01 -8.541064666071493e-01  2.603593412530683e-01 -8.209916433719232e-01  3.782205285721922e-01  3.584506163062141e-03  5.957010392981864e-02 
 2.838135990280241e+06  1.540519144951488e-01  2.688552529621966e-01 -8.459480855048512e-01  2.688552529621966e-01 -8.120902290506385e-01  3.819283162336924e-01  4.727569247303358e-03  5.669030030101516e-02 
 2.972170208838065e+06  1.627515920238720e-01  2.773887253023086e-01 -8.372484079761280e-01  2.773887253023086e-01 -8.026826567251283e-01  3.858816505920297e-01  5.751809608534947e-03  5.387672300947457e-02 
 3.112534346683031e+06  1.720115585206625e-01  2.859244336693230e-01 -8.279884414793375e-01  2.859244336693230e-01 -7.927466218985555e-01  3.900370036865387e-01  6.662325452463225e-03  5.113280015634154e-02 
 3.259527341493986e+06  1.818482097590081e-01  2.944236353357271e-01 -8.181517902409918e-01  2.944236353357271e-01 -7.822625689479542e-01  3.943475641312920e-01  7.464252186395366e-03  4.846151432920496e-02 
 3.413462248623601e+06  1.922748012190177e-01  3.028443092661166e-01 -8.077251987809823e-01  3.028443092661166e-01 -7.712142510442525e-01  3.987633766558943e-01  8.162731100386119e-03  4.586544317614144e-02 
 3.574666907821668e+06  2.033008927689688e-01  3.111413865142211e-01 -7.966991072310312e-01  3.111413865142211e-01 -7.595892998693683e-01  4.032315748589060e-01  8.762887578813317e-03  4.334679808937505e-02 
 3.743484641445166e+06  2.149317970539076e-01  3.192670797161981e-01 -7.850682029460925e-01  3.192670797161981e-01 -7.473797895915560e-01  4.076967154390429e-01  9.269817518593635e-03  4.090745954221333e-02 
 3.920274985642088e+06  2.271680500467196e-01  3.271713175815010e-01 -7.728319499532804e-01  3.271713175815010e-01 -7.345827765344138e-01  4.121012195625804e-01  9.688580477610767e-03  3.854900794758043e-02 
 4.105414456066279e+06  2.400049247882647e-01  3.348022867556436e-01 -7.599950752117353e-01  3.348022867556436e-01 -7.212007933491020e-01  4.163859234911785e-01  1.002419797822706e-02  3.627274923839290e-02 
 4.299297349754014e+06  2.534320112709537e-01  3.421070790299968e-01 -7.465679887290464e-01  3.421070790299968e-01 -7.072422745742994e-01  4.204907362021438e-01  1.028165534683098e-02  3.407973470584744e-02 
 4.502336584870123e+06  2.674328863872820e-01  3.490324366935182e-01 -7.325671136127180e-01  3.490324366935182e-01 -6.927218894898229e-01  4.243553965263131e-01  1.046590547937333e-02  3.197077496388583e-02 
 4.714964580112092e+06  2.819848975698921e-01  3.555255830590030e-01 -7.180151024301079e-01  3.555255830590030e-01 -6.776607584145523e-01  4.279203164793085e-01  1.058187298534043e-02  2.994644823060387e-02 
 4.937634175645018e+06  2.970590820241591e-01  3.615351192151701e-01 -7.029409179758408e-01  3.615351192151701e-01 -6.620865303901691e-01  4.311274914503728e-01  1.063445728591949e-02  2.800710342578943e-02 
 5.170819597528779e+06  3.126202400570921e-01  3.670119621895485e-01 -6.873797599429079e-01  3.670119621895485e-01 -6.460333035690987e-01  4.339214519248572e-01  1.062853341859238e-02  2.615285886184130e-02 
 5.415017467691377e+06  3.286271760484604e-01  3.719102945228755e-01 -6.713728239515396e-01  3.719102945228755e-01 -6.295413747612815e-01  4.362502262548579e-01  1.056894953803599e-02  2.438359754683344e-02 
 5.670747861599427e+06  3.450331139735937e-01  3.761884910990684e-01 -6.549668860264064e-01  3.761884910990684e-01 -6.126568111642156e-01  4.380662796437438e-01  1.046052037879538e-02  2.269896030109669e-02 
 5.938555415878346e+06  3.617862866953017e-01  3.798099866368138e-01 -6.382137133046983e-01  3.798099866368138e-01 -5.954308452986864e-01  4.393273922011991e-01  1.030801627097731e-02  2.109833801128784e-02 
 6.219010488241172e+06  3.788306895513352e-01  3.827440466887297e-01 -6.211693104486649e-01  3.827440466887297e-01 -5.779191028506728e-01  4.399974382380151e-01  1.011614763492403e-02  1.958086438566831e-02 
 6.512710372196348e+06  3.961069799711729e-01  3.849664067673194e-01 -6.038930200288271e-01  3.849664067673194e-01 -5.601806821424554e-01  4.400470308578554e-01  9.889545226353706e-03  1.814541053516373e-02 
 6.820280569121471e+06  4.135534963972184e-01  3.864597482743393e-01 -5.864465036027816e-01  3.864597482743393e-01 -5.422771125031725e-01  4.394539999915064e-01  9.632736724236647e-03  1.679058258024307e-02 
 7.142376120412176e+06  4.311073624885368e-01  3.872139861888803e-01 -5.688926375114631e-01  3.872139861888803e-01 -5.242712262729976e-01  4.382036784587664e-01  9.350120535902191e-03  1.551472328310113e-02 
 7.479683002543283e+06  4.487056369097460e-01  3.872263515545848e-01 -5.512943630902540e-01  3.872263515545848e-01 -5.062259848748378e-01  4.362889787992648e-01  9.045937910133202e-03  1.431591843939809e-02 
 7.832919588013289e+06  4.662864656756411e-01  3.865012612474200e-01 -5.337135343243589e-01  3.865012612474200e-01 -4.882033028725855e-01  4.337102533295440e-01  8.724244593409008e-03  1.319200845454457e-02 
 8.202838175283649e+06  4.837901930175967e-01  3.850499775060683e-01 -5.162098069824033e-01  3.850499775060683e-01 -4.702629148447593e-01  4.304749399404879e-01  8.388883314677615e-03  1.214060519778494e-02 
 8.590226590971181e+06  5.011603884995446e-01  3.828900696659200e-01 -4.988396115004554e-01  3.828900696659200e-01 -4.524613282116598e-01  4.265970064036516e-01  8.043458352847130e-03  1.115911389991932e-02 
 8.995909867705842e+06  5.183447521299205e-01  3.800446996061108e-01 -4.816552478700795e-01  3.800446996061108e-01 -4.348509009912227e-01  4.220962151024404e-01  7.691313321166894e-03  1.024475956066633e-02 
 9.420752001227256e+06  5.352958653830998e-01  3.765417600726450e-01 -4.647041346169002e-01  3.765417600726450e-01 -4.174790772255216e-01  4.169972379485543e-01  7.335513116982550e-03  9.394617081163341e-03 
 9.865657790462136e+06  5.519717636849834e-01  3.724129007628789e-01 -4.480282363150166e-01  3.724129007628789e-01 -4.003878050474011e-01  4.113286570863748e-01  6.978830747036037e-03  8.605644151099625e-03 
 1.033157476450147e+07  5.683363143761806e-01  3.676924805964487e-01 -4.316636856238194e-01  3.676924805964487e-01 -3.836131537138543e-01  4.051218905544901e-01  6.623739469536040e-03  7.874715807920648e-03 
 1.081949520058140e+07  5.843593929523284e-01  3.624164859443916e-01 -4.156406070476716e-01  3.624164859443916e-01 -3.671851370418017e-01  3.984100835385094e-01  6.272410420899209e-03  7.198659548239014e-03 
 1.133045823736558e+07  6.000168586807746e-01  3.566214538472274e-01 -3.999831413192254e-01  3.566214538472274e-01 -3.511277421952406e-01  3.912270050716427e-01  5.926715632487177e-03  6.574289904982818e-03 
 1.186555208802965e+07  6.152903381619103e-01  3.503434367691076e-01 -3.847096618380897e-01  3.503434367691076e-01 -3.354591551651799e-01  3.836059875413177e-01  5.588236111910390e-03  5.998441496978639e-03 
 1.242591635786127e+07  6.301668317047764e-01  3.436170416345310e-01 -3.698331682952236e-01  3.436170416345310e-01 -3.201921678777734e-01  3.755789425660321e-01  5.258274476396386e-03  5.467999696201600e-03 
 1.301274447131131e+07  6.446381621824189e-01  3.364745712024279e-01 -3.553618378175811e-01  3.364745712024279e-01 -3.053347469136368e-01  3.671754819804643e-01  4.937871486157570e-03  4.979928227192555e-03 
 1.362728621366546e+07  6.587002896468254e-01  3.289452907644487e-01 -3.412997103531746e-01  3.289452907644487e-01 -2.908907401847219e-01  3.584221676862032e-01  4.627825741539599e-03  4.531293194797030e-03 
 1.427085039274911e+07  6.723525170009950e-01  3.210548380238022e-01 -3.276474829990050e-01  3.210548380238022e-01 -2.768606957208011e-01  3.493419087560362e-01  4.328715767093714e-03  4.119283220155273e-03 
 1.494480762633427e+07  6.855966132985039e-01  3.128247892072689e-01 -3.144033867014961e-01  3.128247892072689e-01 -2.632427654457629e-01  3.399535194730255e-01  4.040923713059958e-03  3.741225534316833e-03 
 1.565059326118502e+07  6.984358814815432e-01  3.042723901020038e-01 -3.015641185184568e-01  3.042723901020038e-01 -2.500336664625549e-01  3.302714474791686e-01  3.764659942500200e-03  3.394598029807209e-03 
 1.638971042995823e+07  7.108741972104353e-01  2.954104569105383e-01 -2.891258027895647e-01  2.954104569105383e-01 -2.372296724579823e-01  3.203056773781424e-01  3.499987836856434e-03  3.077037395230246e-03 
 1.716373325246983e+07  7.229150450229080e-01  2.862474485355322e-01 -2.770849549770920e-01  2.862474485355322e-01 -2.248276081686611e-01  3.100618117983643e-01  3.246848232633530e-03  2.786343555504808e-03 
 1.797431018814463e+07  7.345605775650770e-01  2.767877090206656e-01 -2.654394224349230e-01  2.767877090206656e-01 -2.128258202362565e-01  2.995413289216454e-01  3.005082988722400e-03  2.520480711583561e-03 
 1.882316754678939e+07  7.458107233787639e-01  2.670318762195473e-01 -2.541892766212361e-01  2.670318762195473e-01 -2.012250979565002e-01  2.887420127978115e-01  2.774457272454178e-03  2.277575319600209e-03 
 1.971211316516611e+07  7.566623684412280e-01  2.569774500959945e-01 -2.433376315587720e-01  2.569774500959945e-01 -1.900295175728426e-01  2.776585498689342e-01  2.554680234518240e-03  2.055911376882520e-03 
 2.064304025719582e+07  7.671086367266982e-01  2.466195111882940e-01 -2.328913632733018e-01  2.466195111882940e-01 -1.792471836183715e-01  2.662832821859231e-01  2.345423819123355e-03  1.853923392143093e-03 
 2.161793144599249e+07  7.771382949531320e-01  2.359515764663698e-01 -2.228617050468680e-01  2.359515764663698e-01 -1.688908408037159e-01  2.546071042299902e-01  2.146339520707389e-03  1.670187417409344e-03 
 2.263886298631453e+07  7.867353064221015e-01  2.249665759325888e-01 -2.132646935778985e-01  2.249665759325888e-01 -1.589783301448631e-01  2.426204861256220e-01  1.957072954295569e-03  1.503410512159919e-03 
 2.370800918642620e+07  7.958785581247594e-01  2.136579288042867e-01 -2.041214418752406e-01  2.136579288042867e-01 -1.495328637437121e-01  2.303146012315412e-01  1.777276153717658e-03  1.352418999671714e-03 
 2.482764703878668e+07  8.045417836490795e-01  2.020206929772765e-01 -1.954582163509205e-01  2.020206929772765e-01 -1.405830943111999e-01  2.176825305874782e-01  1.606617551646153e-03  1.216145865171577e-03 
 2.600016106942855e+07  8.126937016809737e-01  1.900527558742748e-01 -1.873062983190263e-01  1.900527558742748e-01 -1.321629583987775e-01  2.047205107537705e-01  1.444789631163110e-03  1.093617635539288e-03 
 2.722804841635385e+07  8.202983855814293e-01  1.777560290098259e-01 -1.797016144185707e-01  1.777560290098259e-01 -1.243112768387307e-01  1.914291854147855e-01  1.291514272077298e-03  9.839410726346846e-04 
 2.851392414776312e+07  8.273158733972910e-01  1.651376030822649e-01 -1.726841266027090e-01  1.651376030822649e-01 -1.170711023586003e-01  1.778148152101459e-01  1.146545849276563e-03  8.862900061321145e-04 
 2.986052683144394e+07  8.337030197815674e-01  1.522108156955236e-01 -1.662969802184326e-01  1.522108156955236e-01 -1.104888126849849e-01  1.638903952969537e-01  1.009672177621974e-03  7.998926242376954e-04 
 3.127072436718018e+07  8.394145812655879e-01  1.389961805669492e-01 -1.605854187344121e-01  1.389961805669492e-01 -1.046129580555096e-01  1.496766266046822e-01  8.807134380726163e-04  7.240195324939368e-04 
 3.274752009460345e+07  8.444045149047950e-01  1.255221260023565e-01 -1.555954850952050e-01  1.255221260023565e-01 -9.949288416311437e-02  1.352026856385811e-01  7.595192649461899e-04  6.579728757382692e-04 
 3.429405918949489e+07  8.486274576222278e-01  1.118254921799493e-01 -1.513725423777722e-01  1.118254921799493e-01 -9.517716499828918e-02  1.205067395149046e-01  6.459642220827709e-04  6.010767959994309e-04 
 3.591363536215948e+07  8.520403404413210e-01  9.795174196277684e-02 -1.479596595586790e-01  9.795174196277684e-02 -9.171189395774727e-02  1.056361583437277e-01  5.399419446408931e-04  5.526694663282673e-04 
 3.760969787213891e+07  8.546040795159272e-01  8.395484884620698e-02 -1.453959204840728e-01  8.395484884620698e-02 -8.913889460535790e-02  9.064738653085555e-02  4.413582702280333e-04  5.120968937700487e-04 
 3.938585887420218e+07  8.562852751124108e-01  6.989683832194422e-02 -1.437147248875892e-01  6.989683832194422e-02 -8.749392384890241e-02  7.560544791992910e-02  3.501237230426147e-04  4.787086260524863e-04 
 4.124590111125904e+07  8.570578421632545e-01  5.584697495578490e-02 -1.429421578367455e-01  5.584697495578490e-02 -8.680494828040562e-02  6.058307667586924e-02  2.661457436592924e-04  4.518554242028445e-04 
 4.319378597058003e+07  8.569044925681950e-01  4.188060607024258e-02 -1.430955074318050e-01  4.188060607024258e-02 -8.709057807136769e-02  4.565948547610144e-02  1.893210699527854e-04  4.308888814474311e-04 
 4.523366192048085e+07  8.558179910692322e-01  2.807769284387666e-02 -1.441820089307678e-01  2.807769284387666e-02 -8.835874106620631e-02  3.091880365825087e-02  1.195286677160038e-04  4.151628811503701e-04 
 4.736987334543860e+07  8.538021136598180e-01  1.452107937138043e-02 -1.461978863401820e-01  1.452107937138043e-02 -9.060567216301725e-02  1.644823883367591e-02  5.662358041242269e-05  4.040366995414628e-04 
 4.960696979845671e+07  8.508722503428713e-01  1.294567958183147e-03 -1.491277496571287e-01  1.294567958183147e-03 -9.381527946303406e-02  2.336034272595322e-03  4.320157480997104e-07  3.968794780811181e-04 
 5.194971569038318e+07  8.470556115421777e-01 -1.151911690731491e-02 -1.529443884578223e-01 -1.151911690731491e-02 -9.795893015277529e-02 -1.133069069089807e-02 -4.925208554265060e-05  3.930757245500496e-04 
 5.440310043681815e+07  8.423910189062914e-01 -2.384038447941133e-02 -1.576089810937086e-01 -2.384038447941133e-02 -1.029956763948342e-01 -2.446812046676289e-02 -9.266884193059099e-05  3.920314551316608e-04 
 5.697234908422060e+07  8.369282846275456e-01 -3.559475930964422e-02 -1.630717153724544e-01 -3.559475930964422e-02 -1.088729167524740e-01 -3.699784346375598e-02 -1.300925262002850e-04  3.931805680218976e-04 
 5.966293343784526e+07  8.307272068264648e-01 -4.671469784140339e-02 -1.692727931735352e-01 -4.671469784140339e-02 -1.155274638800292e-01 -4.884877696172171e-02 -1.618300060958315e-04  3.959910444005484e-04 
 6.248058371520897e+07  8.238562302190423e-01 -5.714115958454101e-02 -1.761437697809577e-01 -5.714115958454101e-02 -1.228869662837742e-01 -5.995883147861794e-02 -1.882176684015537e-04  3.999706038112515e-04 
 6.543130074990533e+07  8.163908390421886e-01 -6.682486789356071e-02 -1.836091609578114e-01 -6.682486789356071e-02 -1.308716131735245e-01 -7.027624594031676e-02 -2.096170460563113e-04  4.046714963588716e-04 
 6.852136877175848e+07  8.084117619597998e-01 -7.572721499024593e-02 -1.915882380402002e-01 -7.572721499024593e-02 -1.393960379457531e-01 -7.976054571362101e-02 -2.264094303934550e-04  4.096941871456627e-04 
 7.175736879053427e+07  8.000030752722970e-01 -8.382078762544792e-02 -1.999969247277030e-01 -8.382078762544792e-02 -1.483713288711523e-01 -8.838309862348767e-02 -2.389897894856579e-04  4.146897731889518e-04 
 7.514619261171247e+07  7.912502912101143e-01 -9.108951193443393e-02 -2.087497087898857e-01 -9.108951193443393e-02 -1.577070550927820e-01 -9.612726751749479e-02 -2.477603277634105e-04  4.193610613290706e-04 
 7.869505751416983e+07  7.822385126690606e-01 -9.752843663870776e-02 -2.177614873309394e-01 -9.752843663870776e-02 -1.673132218005910e-01 -1.029881797541943e-01 -2.531240122996388e-04  4.234623204990244e-04 
 8.241152162103359e+07  7.730507254260909e-01 -1.031431913175590e-01 -2.269492745739091e-01 -1.031431913175590e-01 -1.771020793899166e-01 -1.089721525851400e-01 -2.554783606920147e-04  4.267977966547605e-04 
 8.630349999644110e+07  7.637662850027032e-01 -1.079491699371144e-01 -2.362337149972968e-01 -1.079491699371144e-01 -1.869897261118494e-01 -1.140958276482771e-01 -2.552097391358533e-04  4.292191388505577e-04 
 9.037928150248723e+07  7.544596393209904e-01 -1.119704985682416e-01 -2.455403606790096e-01 -1.119704985682416e-01 -1.968974606972770e-01 -1.183850770306416e-01 -2.526883625695724e-04  4.306219278461807e-04 
 9.464754645226058e+07  7.451993117152991e-01 -1.152388502123876e-01 -2.548006882847009e-01 -1.152388502123876e-01 -2.067528590008491e-01 -1.218737475724199e-01 -2.482641276034755e-04  4.309415231663378e-04 
 9.911738509656440e+07  7.360471529777869e-01 -1.177921692402098e-01 -2.639528470222131e-01 -1.177921692402098e-01 -2.164905655330611e-01 -1.246023096286144e-01 -2.422633485235157e-04  4.301484518354173e-04 
 1.037983169836940e+08  7.270578570390412e-01 -1.196733638610323e-01 -2.729421429609588e-01 -1.196733638610323e-01 -2.260528056534231e-01 -1.266164721607423e-01 -2.349864114179334e-04  4.282435542544086e-04 
 1.087003112335019e+08  7.182787232333382e-01 -1.209290180368912e-01 -2.817212767666618e-01 -1.209290180368912e-01 -2.353896365349476e-01 -1.279658186173301e-01 -2.267063142658673e-04  4.252530832827187e-04 
 1.138338077689291e+08  7.097496395003448e-01 -1.216081656703390e-01 -2.902503604996552e-01 -1.216081656703390e-01 -2.444589641054052e-01 -1.287025089383875e-01 -2.176680241301564e-04  4.212239245813336e-04 
 1.192097395502189e+08  7.015032549978851e-01 -1.217611600826379e-01 -2.984967450021149e-01 -1.217611600826379e-01 -2.532263593925769e-01 -1.288800826467938e-01 -2.080885559969154e-04  4.162190740568771e-04 
 1.248395558591680e+08  6.935653077344153e-01 -1.214386622621506e-01 -3.064346922655847e-01 -1.214386622621506e-01 -2.616647107250420e-01 -1.285523878649154e-01 -1.981576621468807e-04  4.103134739914290e-04 
 1.307352466830024e+08  6.859550721969484e-01 -1.206907621633884e-01 -3.140449278030516e-01 -1.206907621633884e-01 -2.697537489049562e-01 -1.277726513594915e-01 -1.880390140674727e-04  4.035902766051159e-04 
 1.369093682498095e+08  6.786858933377189e-01 -1.195662392871727e-01 -3.213141066622811e-01 -1.195662392871727e-01 -2.774794809929031e-01 -1.265926961903918e-01 -1.778717598852824e-04  3.961375737618004e-04 
 1.433750697699106e+08  6.717657760939807e-01 -1.181119620403855e-01 -3.282342239060193e-01 -1.181119620403855e-01 -2.848335653618715e-01 -1.250623064102076e-01 -1.677723471285068e-04  3.880456057248924e-04 
 1.501461214401253e+08  6.651980033450664e-01 -1.163724200637122e-01 -3.348019966549336e-01 -1.163724200637122e-01 -2.918126567213460e-01 -1.232287326335748e-01 -1.578365115234521e-04  3.794044409324533e-04 
 1.572369437705691e+08  6.589817594641870e-01 -1.143893798252461e-01 -3.410182405358130e-01 -1.143893798252461e-01 -2.984177453054312e-01 -1.211363281869649e-01 -1.481413459166002e-04  3.703021027414674e-04 
 1.646626382964426e+08  6.531127409983677e-01 -1.122016512335040e-01 -3.468872590016323e-01 -1.122016512335040e-01 -3.046535097793806e-01 -1.188263028465912e-01 -1.387473779162156e-04  3.608231077845203e-04 
 1.724390197402204e+08  6.475837402362882e-01 -1.098449515619739e-01 -3.524162597637118e-01 -1.098449515619739e-01 -3.105276989420448e-01 -1.163365796358555e-01 -1.297005992925084e-04  3.510473734672379e-04 
 1.805826496927356e+08  6.423851913165962e-01 -1.073518525048284e-01 -3.576148086834038e-01 -1.073518525048284e-01 -3.160505531766288e-01 -1.137017396519781e-01 -1.210344038764666e-04  3.410494485339871e-04 
 1.891108718848925e+08  6.375056719503925e-01 -1.047517964310349e-01 -3.624943280496075e-01 -1.047517964310349e-01 -3.212342729777615e-01 -1.109530401547897e-01 -1.127714030493552e-04  3.308980198635928e-04 
 1.980418491251260e+08  6.329323567142574e-01 -1.020711686435334e-01 -3.670676432857426e-01 -1.020711686435334e-01 -3.260925388302927e-01 -1.081184919403639e-01 -1.049250985935669e-04  3.206556500414499e-04 
 2.073946019812750e+08  6.286514202192609e-01 -9.933341357126413e-02 -3.713485797807391e-01 -9.933341357126413e-02 -3.306400842269508e-01 -1.052229832083855e-01 -9.750140163438944e-05  3.103787031386235e-04 
 2.171890492892513e+08  6.246483903082310e-01 -9.655918417304116e-02 -3.753516096917690e-01 -9.655918417304116e-02 -3.348923216566249e-01 -1.022884385660885e-01 -9.049999365581959e-05  3.001174199705926e-04 
 2.274460505747771e+08  6.209084527640802e-01 -9.376651513913586e-02 -3.790915472359198e-01 -9.376651513913586e-02 -3.388650199865618e-01 -9.933400319589666e-02 -8.391553108340989e-05  2.899161085253774e-04 
 2.381874504785369e+08  6.174167100108813e-01 -9.097101194631541e-02 -3.825832899891187e-01 -9.097101194631541e-02 -3.425740306049852e-01 -9.637624377484391e-02 -7.773869917541221e-05  2.798134197722498e-04 
 2.494361252793588e+08  6.141583968850983e-01 -8.818604906546393e-02 -3.858416031149017e-01 -8.818604906546393e-02 -3.460350590598791e-01 -9.342935904596142e-02 -7.195712380972821e-05  2.698426835762150e-04 
 2.612160316145056e+08  6.111190569222599e-01 -8.542297180263826e-02 -3.888809430777401e-01 -8.542297180263826e-02 -3.492634785418149e-01 -9.050539420022659e-02 -6.655615164398592e-05  2.600322836640745e-04 
 2.735522575008378e+08  6.082846827653866e-01 -8.269129733189540e-02 -3.917153172346134e-01 -8.269129733189540e-02 -3.522741813877128e-01 -8.761445436120924e-02 -6.151951020491843e-05  2.504060544487790e-04 
 2.864710757655091e+08  6.056418243082003e-01 -7.999891131383388e-02 -3.943581756917997e-01 -7.999891131383388e-02 -3.550814647771471e-01 -8.476491335809511e-02 -5.682985983464517e-05  2.409836859647296e-04 
 2.999999999999880e+08  6.031776681153939e-01 -7.735225729518805e-02 -3.968223318846061e-01 -7.735225729518805e-02 -3.576989468670103e-01 -8.196361481399086e-02 -5.246924939443332e-05  2.317811261513721e-04 
