 frequency              v(out)                 v(out)                 v(inp)                 v(inp)                
 1.000000000000000e+03  1.000000059267731e+00 -1.008075358619656e-04  1.000000000000000e+00  0.000000000000000e+00 
 1.023323667762513e+03  1.000000059273073e+00 -1.031585192611350e-04  1.000000000000000e+00  0.000000000000000e+00 
 1.047191329002922e+03  1.000000059282680e+00 -1.055643223540497e-04  1.000000000000000e+00  0.000000000000000e+00 
 1.071615671644370e+03  1.000000059297038e+00 -1.080262229032544e-04  1.000000000000000e+00  0.000000000000000e+00 
 1.096609679538906e+03  1.000000059316671e+00 -1.105455284259255e-04  1.000000000000000e+00  0.000000000000000e+00 
 1.122186639369627e+03  1.000000059342145e+00 -1.131235768851251e-04  1.000000000000000e+00  0.000000000000000e+00 
 1.148360147713815e+03  1.000000059374073e+00 -1.157617373969862e-04  1.000000000000000e+00  0.000000000000000e+00 
 1.175144118270802e+03  1.000000059413114e+00 -1.184614109541834e-04  1.000000000000000e+00  0.000000000000000e+00 
 1.202552789258421e+03  1.000000059459976e+00 -1.212240311660453e-04  1.000000000000000e+00  0.000000000000000e+00 
 1.230600730981967e+03  1.000000059515423e+00 -1.240510650156819e-04  1.000000000000000e+00  0.000000000000000e+00 
 1.259302853579696e+03  1.000000059580274e+00 -1.269440136344955e-04  1.000000000000000e+00  0.000000000000000e+00 
 1.288674414948973e+03  1.000000059655410e+00 -1.299044130944574e-04  1.000000000000000e+00  0.000000000000000e+00 
 1.318731028857294e+03  1.000000059741776e+00 -1.329338352185395e-04  1.000000000000000e+00  0.000000000000000e+00 
 1.349488673242478e+03  1.000000059840382e+00 -1.360338884096943e-04  1.000000000000000e+00  0.000000000000000e+00 
 1.380963698706460e+03  1.000000059952312e+00 -1.392062184987831e-04  1.000000000000000e+00  0.000000000000000e+00 
 1.413172837207180e+03  1.000000060078727e+00 -1.424525096118685e-04  1.000000000000000e+00  0.000000000000000e+00 
 1.446133210953208e+03  1.000000060220867e+00 -1.457744850572808e-04  1.000000000000000e+00  0.000000000000000e+00 
 1.479862341505817e+03  1.000000060380061e+00 -1.491739082328853e-04  1.000000000000000e+00  0.000000000000000e+00 
 1.514378159093353e+03  1.000000060557724e+00 -1.526525835539882e-04  1.000000000000000e+00  0.000000000000000e+00 
 1.549699012142852e+03  1.000000060755373e+00 -1.562123574023132e-04  1.000000000000000e+00  0.000000000000000e+00 
 1.585843677033966e+03  1.000000060974622e+00 -1.598551190965048e-04  1.000000000000000e+00  0.000000000000000e+00 
 1.622831368080388e+03  1.000000061217201e+00 -1.635828018846159e-04  1.000000000000000e+00  0.000000000000000e+00 
 1.660681747744080e+03  1.000000061484951e+00 -1.673973839590415e-04  1.000000000000000e+00  0.000000000000000e+00 
 1.699414937087731e+03  1.000000061779837e+00 -1.713008894943797e-04  1.000000000000000e+00  0.000000000000000e+00 
 1.739051526471017e+03  1.000000062103961e+00 -1.752953897087037e-04  1.000000000000000e+00  0.000000000000000e+00 
 1.779612586496318e+03  1.000000062459561e+00 -1.793830039487388e-04  1.000000000000000e+00  0.000000000000000e+00 
 1.821119679209744e+03  1.000000062849026e+00 -1.835659007994534e-04  1.000000000000000e+00  0.000000000000000e+00 
 1.863594869563406e+03  1.000000063274910e+00 -1.878462992185734e-04  1.000000000000000e+00  0.000000000000000e+00 
 1.907060737145027e+03  1.000000063739936e+00 -1.922264696965523e-04  1.000000000000000e+00  0.000000000000000e+00 
 1.951540388181130e+03  1.000000064247012e+00 -1.967087354425323e-04  1.000000000000000e+00  0.000000000000000e+00 
 1.997057467820192e+03  1.000000064799246e+00 -2.012954735968416e-04  1.000000000000000e+00  0.000000000000000e+00 
 2.043636172702275e+03  1.000000065399959e+00 -2.059891164705939e-04  1.000000000000000e+00  0.000000000000000e+00 
 2.091301263821837e+03  1.000000066052702e+00 -2.107921528129538e-04  1.000000000000000e+00  0.000000000000000e+00 
 2.140078079690540e+03  1.000000066761272e+00 -2.157071291066600e-04  1.000000000000000e+00  0.000000000000000e+00 
 2.189992549807079e+03  1.000000067529734e+00 -2.207366508923967e-04  1.000000000000000e+00  0.000000000000000e+00 
 2.241071208441158e+03  1.000000068362437e+00 -2.258833841226254e-04  1.000000000000000e+00  0.000000000000000e+00 
 2.293341208738972e+03  1.000000069264047e+00 -2.311500565454959e-04  1.000000000000000e+00  0.000000000000000e+00 
 2.346830337157679e+03  1.000000070239558e+00 -2.365394591194750e-04  1.000000000000000e+00  0.000000000000000e+00 
 2.401567028236531e+03  1.000000071294332e+00 -2.420544474593338e-04  1.000000000000000e+00  0.000000000000000e+00 
 2.457580379712525e+03  1.000000072434122e+00 -2.476979433141756e-04  1.000000000000000e+00  0.000000000000000e+00 
 2.514900167988611e+03  1.000000073665108e+00 -2.534729360781522e-04  1.000000000000000e+00  0.000000000000000e+00 
 2.573556863962664e+03  1.000000074993929e+00 -2.593824843345885e-04  1.000000000000000e+00  0.000000000000000e+00 
 2.633581649225664e+03  1.000000076427722e+00 -2.654297174342070e-04  1.000000000000000e+00  0.000000000000000e+00 
 2.695006432637654e+03  1.000000077974172e+00 -2.716178371081849e-04  1.000000000000000e+00  0.000000000000000e+00 
 2.757863867290330e+03  1.000000079641544e+00 -2.779501191167734e-04  1.000000000000000e+00  0.000000000000000e+00 
 2.822187367865248e+03  1.000000081438750e+00 -2.844299149342548e-04  1.000000000000000e+00  0.000000000000000e+00 
 2.888011128396898e+03  1.000000083375385e+00 -2.910606534709916e-04  1.000000000000000e+00  0.000000000000000e+00 
 2.955370140450067e+03  1.000000085461801e+00 -2.978458428333882e-04  1.000000000000000e+00  0.000000000000000e+00 
 3.024300211721175e+03  1.000000087709166e+00 -3.047890721225645e-04  1.000000000000000e+00  0.000000000000000e+00 
 3.094837985073457e+03  1.000000090129533e+00 -3.118940132725881e-04  1.000000000000000e+00  0.000000000000000e+00 
 3.167020958016115e+03  1.000000092735916e+00 -3.191644229291295e-04  1.000000000000000e+00  0.000000000000000e+00 
 3.240887502637798e+03  1.000000095542374e+00 -3.266041443694290e-04  1.000000000000000e+00  0.000000000000000e+00 
 3.316476886005002e+03  1.000000098564102e+00 -3.342171094644872e-04  1.000000000000000e+00  0.000000000000000e+00 
 3.393829291036236e+03  1.000000101817524e+00 -3.420073406844252e-04  1.000000000000000e+00  0.000000000000000e+00 
 3.472985837863049e+03  1.000000105320401e+00 -3.499789531480135e-04  1.000000000000000e+00  0.000000000000000e+00 
 3.553988605689279e+03  1.000000109091944e+00 -3.581361567173419e-04  1.000000000000000e+00  0.000000000000000e+00 
 3.636880655160132e+03  1.000000113152942e+00 -3.664832581387244e-04  1.000000000000000e+00  0.000000000000000e+00 
 3.721706051252997e+03  1.000000117525887e+00 -3.750246632309141e-04  1.000000000000000e+00  0.000000000000000e+00 
 3.808509886702155e+03  1.000000122235129e+00 -3.837648791217490e-04  1.000000000000000e+00  0.000000000000000e+00 
 3.897338305969842e+03  1.000000127307027e+00 -3.927085165344775e-04  1.000000000000000e+00  0.000000000000000e+00 
 3.988238529776397e+03  1.000000132770117e+00 -4.018602921249093e-04  1.000000000000000e+00  0.000000000000000e+00 
 4.081258880202554e+03  1.000000138655302e+00 -4.112250308708001e-04  1.000000000000000e+00  0.000000000000000e+00 
 4.176448806377203e+03  1.000000144996046e+00 -4.208076685147538e-04  1.000000000000000e+00  0.000000000000000e+00 
 4.273858910764288e+03  1.000000151828585e+00 -4.306132540621001e-04  1.000000000000000e+00  0.000000000000000e+00 
 4.373540976062810e+03  1.000000159192165e+00 -4.406469523353244e-04  1.000000000000000e+00  0.000000000000000e+00 
 4.475547992734235e+03  1.000000167129286e+00 -4.509140465865147e-04  1.000000000000000e+00  0.000000000000000e+00 
 4.579934187171949e+03  1.000000175685967e+00 -4.614199411696454e-04  1.000000000000000e+00  0.000000000000000e+00 
 4.686755050527721e+03  1.000000184912045e+00 -4.721701642743984e-04  1.000000000000000e+00  0.000000000000000e+00 
 4.796067368210509e+03  1.000000194861477e+00 -4.831703707234530e-04  1.000000000000000e+00  0.000000000000000e+00 
 4.907929250073280e+03  1.000000205592680e+00 -4.944263448352202e-04  1.000000000000000e+00  0.000000000000000e+00 
 5.022400161303908e+03  1.000000217168887e+00 -5.059440033541835e-04  1.000000000000000e+00  0.000000000000000e+00 
 5.139540954036552e+03  1.000000229658535e+00 -5.177293984511061e-04  1.000000000000000e+00  0.000000000000000e+00 
 5.259413899700328e+03  1.000000243135682e+00 -5.297887207954894e-04  1.000000000000000e+00  0.000000000000000e+00 
 5.382082722122481e+03  1.000000257680446e+00 -5.421283027028812e-04  1.000000000000000e+00  0.000000000000000e+00 
 5.507612631403626e+03  1.000000273379489e+00 -5.547546213597093e-04  1.000000000000000e+00  0.000000000000000e+00 
 5.636070358583103e+03  1.000000290326520e+00 -5.676743021286471e-04  1.000000000000000e+00  0.000000000000000e+00 
 5.767524191112842e+03  1.000000308622844e+00 -5.808941219375123e-04  1.000000000000000e+00  0.000000000000000e+00 
 5.902044009158614e+03  1.000000328377945e+00 -5.944210127549712e-04  1.000000000000000e+00  0.000000000000000e+00 
 6.039701322747959e+03  1.000000349710105e+00 -6.082620651566612e-04  1.000000000000000e+00  0.000000000000000e+00 
 6.180569309784541e+03  1.000000372747070e+00 -6.224245319853996e-04  1.000000000000000e+00  0.000000000000000e+00 
 6.324722854949139e+03  1.000000397626753e+00 -6.369158321093280e-04  1.000000000000000e+00  0.000000000000000e+00 
 6.472238589507944e+03  1.000000424497987e+00 -6.517435542823709e-04  1.000000000000000e+00  0.000000000000000e+00 
 6.623194932049342e+03  1.000000453521321e+00 -6.669154611112929e-04  1.000000000000000e+00  0.000000000000000e+00 
 6.777672130170819e+03  1.000000484869864e+00 -6.824394931340982e-04  1.000000000000000e+00  0.000000000000000e+00 
 6.935752303138166e+03  1.000000518730183e+00 -6.983237730147720e-04  1.000000000000000e+00  0.000000000000000e+00 
 7.097519485539644e+03  1.000000555303252e+00 -7.145766098594284e-04  1.000000000000000e+00  0.000000000000000e+00 
 7.263059671958332e+03  1.000000594805450e+00 -7.312065036595965e-04  1.000000000000000e+00  0.000000000000000e+00 
 7.432460862686394e+03  1.000000637469616e+00 -7.482221498681143e-04  1.000000000000000e+00  0.000000000000000e+00 
 7.605813110505571e+03  1.000000683546166e+00 -7.656324441139038e-04  1.000000000000000e+00  0.000000000000000e+00 
 7.783208568558767e+03  1.000000733304258e+00 -7.834464870616106e-04  1.000000000000000e+00  0.000000000000000e+00 
 7.964741539338175e+03  1.000000787033017e+00 -8.016735894230270e-04  1.000000000000000e+00  0.000000000000000e+00 
 8.150508524815984e+03  1.000000845042824e+00 -8.203232771265228e-04  1.000000000000000e+00  0.000000000000000e+00 
 8.340608277744321e+03  1.000000907666658e+00 -8.394052966519179e-04  1.000000000000000e+00  0.000000000000000e+00 
 8.535141854151694e+03  1.000000975261500e+00 -8.589296205377336e-04  1.000000000000000e+00  0.000000000000000e+00 
 8.734212667063846e+03  1.000001048209795e+00 -8.789064530682727e-04  1.000000000000000e+00  0.000000000000000e+00 
 8.937926541477575e+03  1.000001126920968e+00 -8.993462361477648e-04  1.000000000000000e+00  0.000000000000000e+00 
 9.146391770616743e+03  1.000001211833007e+00 -9.202596553694440e-04  1.000000000000000e+00  0.000000000000000e+00 
 9.359719173500389e+03  1.000001303414090e+00 -9.416576462871597e-04  1.000000000000000e+00  0.000000000000000e+00 
 9.578022153853533e+03  1.000001402164278e+00 -9.635514008970457e-04  1.000000000000000e+00  0.000000000000000e+00 
 9.801416760392001e+03  1.000001508617249e+00 -9.859523743369213e-04  1.000000000000000e+00  0.000000000000000e+00 
 1.003002174851331e+04  1.000001623342091e+00 -1.008872291811398e-03  1.000000000000000e+00  0.000000000000000e+00 
 1.026395864342641e+04  1.000001746945139e+00 -1.032323155749498e-03  1.000000000000000e+00  0.000000000000000e+00 
 1.050335180475386e+04  1.000001880071854e+00 -1.056317253202910e-03  1.000000000000000e+00  0.000000000000000e+00 
 1.074832849264073e+04  1.000002023408748e+00 -1.080867163491081e-03  1.000000000000000e+00  0.000000000000000e+00 
 1.099901893540543e+04  1.000002177685339e+00 -1.105985766100810e-03  1.000000000000000e+00  0.000000000000000e+00 
 1.125555639876841e+04  1.000002343676148e+00 -1.131686248846424e-03  1.000000000000000e+00  0.000000000000000e+00 
 1.151807725669551e+04  1.000002522202715e+00 -1.157982116296326e-03  1.000000000000000e+00  0.000000000000000e+00 
 1.178672106389364e+04  1.000002714135656e+00 -1.184887198472608e-03  1.000000000000000e+00  0.000000000000000e+00 
 1.206163062999730e+04  1.000002920396721e+00 -1.212415659828128e-03  1.000000000000000e+00  0.000000000000000e+00 
 1.234295209548551e+04  1.000003141960885e+00 -1.240582008506121e-03  1.000000000000000e+00  0.000000000000000e+00 
 1.263083500936922e+04  1.000003379858447e+00 -1.269401105887461e-03  1.000000000000000e+00  0.000000000000000e+00 
 1.292543240869087e+04  1.000003635177138e+00 -1.298888176427741e-03  1.000000000000000e+00  0.000000000000000e+00 
 1.322690089987799e+04  1.000003909064229e+00 -1.329058817790270e-03  1.000000000000000e+00  0.000000000000000e+00 
 1.353540074199442e+04  1.000004202728659e+00 -1.359929011274876e-03  1.000000000000000e+00  0.000000000000000e+00 
 1.385109593193317e+04  1.000004517443147e+00 -1.391515132548146e-03  1.000000000000000e+00  0.000000000000000e+00 
 1.417415429159627e+04  1.000004854546311e+00 -1.423833962675533e-03  1.000000000000000e+00  0.000000000000000e+00 
 1.450474755710806e+04  1.000005215444784e+00 -1.456902699458498e-03  1.000000000000000e+00  0.000000000000000e+00 
 1.484305147010917e+04  1.000005601615333e+00 -1.490738969077566e-03  1.000000000000000e+00  0.000000000000000e+00 
 1.518924587117987e+04  1.000006014606974e+00 -1.525360838045922e-03  1.000000000000000e+00  0.000000000000000e+00 
 1.554351479544239e+04  1.000006456043084e+00 -1.560786825472132e-03  1.000000000000000e+00  0.000000000000000e+00 
 1.590604657039299e+04  1.000006927623534e+00 -1.597035915637766e-03  1.000000000000000e+00  0.000000000000000e+00 
 1.627703391601589e+04  1.000007431126811e+00 -1.634127570891211e-03  1.000000000000000e+00  0.000000000000000e+00 
 1.665667404723220e+04  1.000007968412174e+00 -1.672081744862616e-03  1.000000000000000e+00  0.000000000000000e+00 
 1.704516877873832e+04  1.000008541421823e+00 -1.710918896002690e-03  1.000000000000000e+00  0.000000000000000e+00 
 1.744272463228957e+04  1.000009152183097e+00 -1.750660001452806e-03  1.000000000000000e+00  0.000000000000000e+00 
 1.784955294648609e+04  1.000009802810715e+00 -1.791326571253411e-03  1.000000000000000e+00  0.000000000000000e+00 
 1.826586998911931e+04  1.000010495509065e+00 -1.832940662897445e-03  1.000000000000000e+00  0.000000000000000e+00 
 1.869189707213878e+04  1.000011232574556e+00 -1.875524896239942e-03  1.000000000000000e+00  0.000000000000000e+00 
 1.912786066930043e+04  1.000012016398036e+00 -1.919102468776267e-03  1.000000000000000e+00  0.000000000000000e+00 
 1.957399253655883e+04  1.000012849467297e+00 -1.963697171302614e-03  1.000000000000000e+00  0.000000000000000e+00 
 2.003052983526744e+04  1.000013734369682e+00 -2.009333403972527e-03  1.000000000000000e+00  0.000000000000000e+00 
 2.049771525825232e+04  1.000014673794794e+00 -2.056036192773687e-03  1.000000000000000e+00  0.000000000000000e+00 
 2.097579715882638e+04  1.000015670537336e+00 -2.103831206437228e-03  1.000000000000000e+00  0.000000000000000e+00 
 2.146502968281271e+04  1.000016727500082e+00 -2.152744773814119e-03  1.000000000000000e+00  0.000000000000000e+00 
 2.196567290364711e+04  1.000017847696999e+00 -2.202803901732111e-03  1.000000000000000e+00  0.000000000000000e+00 
 2.247799296063181e+04  1.000019034256532e+00 -2.254036293372838e-03  1.000000000000000e+00  0.000000000000000e+00 
 2.300226220041369e+04  1.000020290425056e+00 -2.306470367193739e-03  1.000000000000000e+00  0.000000000000000e+00 
 2.353875932176234e+04  1.000021619570512e+00 -2.360135276432006e-03  1.000000000000000e+00  0.000000000000000e+00 
 2.408776952372488e+04  1.000023025186233e+00 -2.415060929225742e-03  1.000000000000000e+00  0.000000000000000e+00 
 2.464958465723622e+04  1.000024510894967e+00 -2.471278009392308e-03  1.000000000000000e+00  0.000000000000000e+00 
 2.522450338026553e+04  1.000026080453097e+00 -2.528817997905023e-03  1.000000000000000e+00  0.000000000000000e+00 
 2.581283131658123e+04  1.000027737755077e+00 -2.587713195114518e-03  1.000000000000000e+00  0.000000000000000e+00 
 2.641488121821895e+04  1.000029486838052e+00 -2.647996743758064e-03  1.000000000000000e+00  0.000000000000000e+00 
 2.703097313173893e+04  1.000031331886710e+00 -2.709702652808771e-03  1.000000000000000e+00  0.000000000000000e+00 
 2.766143456836102e+04  1.000033277238303e+00 -2.772865822217110e-03  1.000000000000000e+00  0.000000000000000e+00 
 2.830660067806796e+04  1.000035327387884e+00 -2.837522068591589e-03  1.000000000000000e+00  0.000000000000000e+00 
 2.896681442776934e+04  1.000037486993707e+00 -2.903708151884557e-03  1.000000000000000e+00  0.000000000000000e+00 
 2.964242678362099e+04  1.000039760882814e+00 -2.971461803128802e-03  1.000000000000000e+00  0.000000000000000e+00 
 3.033379689759678e+04  1.000042154056753e+00 -3.040821753295466e-03  1.000000000000000e+00  0.000000000000000e+00 
 3.104129229841187e+04  1.000044671697449e+00 -3.111827763325972e-03  1.000000000000000e+00  0.000000000000000e+00 
 3.176528908689907e+04  1.000047319173171e+00 -3.184520655406456e-03  1.000000000000000e+00  0.000000000000000e+00 
 3.250617213594208e+04  1.000050102044585e+00 -3.258942345545527e-03  1.000000000000000e+00  0.000000000000000e+00 
 3.326433529507185e+04  1.000053026070861e+00 -3.335135877526714e-03  1.000000000000000e+00  0.000000000000000e+00 
 3.404018159983493e+04  1.000056097215797e+00 -3.413145458297147e-03  1.000000000000000e+00  0.000000000000000e+00 
 3.483412348604509e+04  1.000059321653917e+00 -3.493016494869373e-03  1.000000000000000e+00  0.000000000000000e+00 
 3.564658300903194e+04  1.000062705776507e+00 -3.574795632803665e-03  1.000000000000000e+00  0.000000000000000e+00 
 3.647799206800344e+04  1.000066256197545e+00 -3.658530796343627e-03  1.000000000000000e+00  0.000000000000000e+00 
 3.732879263564113e+04  1.000069979759443e+00 -3.744271230284390e-03  1.000000000000000e+00  0.000000000000000e+00 
 3.819943699305056e+04  1.000073883538589e+00 -3.832067543643633e-03  1.000000000000000e+00  0.000000000000000e+00 
 3.909038797019151e+04  1.000077974850585e+00 -3.921971755218251e-03  1.000000000000000e+00  0.000000000000000e+00 
 4.000211919191599e+04  1.000082261255130e+00 -4.014037341104628e-03  1.000000000000000e+00  0.000000000000000e+00 
 4.093511532974468e+04  1.000086750560461e+00 -4.108319284261978e-03  1.000000000000000e+00  0.000000000000000e+00 
 4.188987235951579e+04  1.000091450827282e+00 -4.204874126204202e-03  1.000000000000000e+00  0.000000000000000e+00 
 4.286689782504321e+04  1.000096370372066e+00 -4.303760020901164e-03  1.000000000000000e+00  0.000000000000000e+00 
 4.386671110792410e+04  1.000101517769659e+00 -4.405036790971826e-03  1.000000000000000e+00  0.000000000000000e+00 
 4.488984370363945e+04  1.000106901855061e+00 -4.508765986258741e-03  1.000000000000000e+00  0.000000000000000e+00 
 4.593683950409427e+04  1.000112531724240e+00 -4.615010944867799e-03  1.000000000000000e+00  0.000000000000000e+00 
 4.700825508674764e+04  1.000118416733921e+00 -4.723836856753780e-03  1.000000000000000e+00  0.000000000000000e+00 
 4.810466001048640e+04  1.000124566500118e+00 -4.835310829944515e-03  1.000000000000000e+00  0.000000000000000e+00 
 4.922663711839962e+04  1.000130990895347e+00 -4.949501959478692e-03  1.000000000000000e+00  0.000000000000000e+00 
 5.037478284761495e+04  1.000137700044286e+00 -5.066481399146250e-03  1.000000000000000e+00  0.000000000000000e+00 
 5.154970754636145e+04  1.000144704317739e+00 -5.186322436106798e-03  1.000000000000000e+00  0.000000000000000e+00 
 5.275203579842749e+04  1.000152014324716e+00 -5.309100568462839e-03  1.000000000000000e+00  0.000000000000000e+00 
 5.398240675518620e+04  1.000159640902385e+00 -5.434893585860408e-03  1.000000000000000e+00  0.000000000000000e+00 
 5.524147447536499e+04  1.000167595103726e+00 -5.563781653181390e-03  1.000000000000000e+00  0.000000000000000e+00 
 5.652990827273973e+04  1.000175888182587e+00 -5.695847397388218e-03  1.000000000000000e+00  0.000000000000000e+00 
 5.784839307193844e+04  1.000184531575963e+00 -5.831175997570302e-03  1.000000000000000e+00  0.000000000000000e+00 
 5.919762977254358e+04  1.000193536883105e+00 -5.969855278234321e-03  1.000000000000000e+00  0.000000000000000e+00 
 6.057833562168662e+04  1.000202915841288e+00 -6.111975805865326e-03  1.000000000000000e+00  0.000000000000000e+00 
 6.199124459533284e+04  1.000212680297858e+00 -6.257630988776224e-03  1.000000000000000e+00  0.000000000000000e+00 
 6.343710778845905e+04  1.000222842178131e+00 -6.406917180237823e-03  1.000000000000000e+00  0.000000000000000e+00 
 6.491669381433178e+04  1.000233413449056e+00 -6.559933784880337e-03  1.000000000000000e+00  0.000000000000000e+00 
 6.643078921309803e+04  1.000244406077914e+00 -6.716783368310980e-03  1.000000000000000e+00  0.000000000000000e+00 
 6.798019886990586e+04  1.000255831985901e+00 -6.877571769890936e-03  1.000000000000000e+00  0.000000000000000e+00 
 6.956574644277709e+04  1.000267702996091e+00 -7.042408218574241e-03  1.000000000000000e+00  0.000000000000000e+00 
 7.118827480045964e+04  1.000280030775277e+00 -7.211405451678438e-03  1.000000000000000e+00  0.000000000000000e+00 
 7.284864647049202e+04  1.000292826769354e+00 -7.384679836436862e-03  1.000000000000000e+00  0.000000000000000e+00 
 7.454774409771853e+04  1.000306102131595e+00 -7.562351494116754e-03  1.000000000000000e+00  0.000000000000000e+00 
 7.628647091349855e+04  1.000319867643450e+00 -7.744544426472579e-03  1.000000000000000e+00  0.000000000000000e+00 
 7.806575121585958e+04  1.000334133627279e+00 -7.931386644236689e-03  1.000000000000000e+00  0.000000000000000e+00 
 7.988653086084926e+04  1.000348909850435e+00 -8.123010297292278e-03  1.000000000000000e+00  0.000000000000000e+00 
 8.174977776534743e+04  1.000364205420301e+00 -8.319551806149177e-03  1.000000000000000e+00  0.000000000000000e+00 
 8.365648242160566e+04  1.000380028669501e+00 -8.521151994220367e-03  1.000000000000000e+00  0.000000000000000e+00 
 8.560765842378768e+04  1.000396387030942e+00 -8.727956220398051e-03  1.000000000000000e+00  0.000000000000000e+00 
 8.760434300679079e+04  1.000413286901920e+00 -8.940114511283978e-03  1.000000000000000e+00  0.000000000000000e+00 
 8.964759759763439e+04  1.000430733496898e+00 -9.157781692412163e-03  1.000000000000000e+00  0.000000000000000e+00 
 9.173850837970906e+04  1.000448730460878e+00 -9.381117515545439e-03  1.000000000000000e+00  0.000000000000000e+00 
 9.387818687018589e+04  1.000467280607589e+00 -9.610286793899610e-03  1.000000000000000e+00  0.000000000000000e+00 
 9.606777051089320e+04  1.000486384370108e+00 -9.845459512652035e-03  1.000000000000000e+00  0.000000000000000e+00 
 9.830842327297460e+04  1.000506040512561e+00 -1.008681095571433e-02  1.000000000000000e+00  0.000000000000000e+00 
 1.006013362756499e+05  1.000526245691074e+00 -1.033452181630464e-02  1.000000000000000e+00  0.000000000000000e+00 
 1.029477284194080e+05  1.000546994227553e+00 -1.058877830233047e-02  1.000000000000000e+00  0.000000000000000e+00 
 1.053488470339677e+05  1.000568277869428e+00 -1.084977223336317e-02  1.000000000000000e+00  0.000000000000000e+00 
 1.078059685413517e+05  1.000590085534679e+00 -1.111770112755102e-02  1.000000000000000e+00  0.000000000000000e+00 
 1.103203991344261e+05  1.000612403042123e+00 -1.139276827687549e-02  1.000000000000000e+00  0.000000000000000e+00 
 1.128934754712653e+05  1.000635212827536e+00 -1.167518280919502e-02  1.000000000000000e+00  0.000000000000000e+00 
 1.155265653857125e+05  1.000658493645060e+00 -1.196515973500773e-02  1.000000000000000e+00  0.000000000000000e+00 
 1.182210686145131e+05  1.000682220254957e+00 -1.226291997722584e-02  1.000000000000000e+00  0.000000000000000e+00 
 1.209784175414072e+05  1.000706363097829e+00 -1.256869038179861e-02  1.000000000000000e+00  0.000000000000000e+00 
 1.238000779585775e+05  1.000730887956660e+00 -1.288270370731827e-02  1.000000000000000e+00  0.000000000000000e+00 
 1.266875498458566e+05  1.000755755607015e+00 -1.320519859117095e-02  1.000000000000000e+00  0.000000000000000e+00 
 1.296423681681081e+05  1.000780921457374e+00 -1.353641949034254e-02  1.000000000000000e+00  0.000000000000000e+00 
 1.326661036912064e+05  1.000806335180761e+00 -1.387661659448653e-02  1.000000000000000e+00  0.000000000000000e+00 
 1.357603638170472e+05  1.000831940339539e+00 -1.422604570904870e-02  1.000000000000000e+00  0.000000000000000e+00 
 1.389267934380339e+05  1.000857674006145e+00 -1.458496810656948e-02  1.000000000000000e+00  0.000000000000000e+00 
 1.421670758114939e+05  1.000883466381531e+00 -1.495365034370272e-02  1.000000000000000e+00  0.000000000000000e+00 
 1.454829334544891e+05  1.000909240414698e+00 -1.533236404222704e-02  1.000000000000000e+00  0.000000000000000e+00 
 1.488761290594974e+05  1.000934911426798e+00 -1.572138563238250e-02  1.000000000000000e+00  0.000000000000000e+00 
 1.523484664314500e+05  1.000960386743037e+00 -1.612099605673602e-02  1.000000000000000e+00  0.000000000000000e+00 
 1.559017914466255e+05  1.000985565108608e+00 -1.653148042937362e-02  1.000000000000000e+00  0.000000000000000e+00 
 1.595379930339072e+05  1.001010337259862e+00 -1.695312767265101e-02  1.000000000000000e+00  0.000000000000000e+00 
 1.632590041789281e+05  1.001034584240247e+00 -1.738623007432184e-02  1.000000000000000e+00  0.000000000000000e+00 
 1.670668029516361e+05  1.001058178018372e+00 -1.783108283929698e-02  1.000000000000000e+00  0.000000000000000e+00 
 1.709634135578253e+05  1.001080981000300e+00 -1.828798358152645e-02  1.000000000000000e+00  0.000000000000000e+00 
 1.749509074151931e+05  1.001102845806510e+00 -1.875723177859767e-02  1.000000000000000e+00  0.000000000000000e+00 
 1.790314042544952e+05  1.001123615092584e+00 -1.923912818768382e-02  1.000000000000000e+00  0.000000000000000e+00 
 1.832070732463831e+05  1.001143121418351e+00 -1.973397422435183e-02  1.000000000000000e+00  0.000000000000000e+00 
 1.874801341545241e+05  1.001161187173679e+00 -2.024207130918775e-02  1.000000000000000e+00  0.000000000000000e+00 
 1.918528585156156e+05  1.001177624564600e+00 -2.076372018453687e-02  1.000000000000000e+00  0.000000000000000e+00 
 1.963275708469222e+05  1.001192235667021e+00 -2.129922020749219e-02  1.000000000000000e+00  0.000000000000000e+00 
 2.009066498819770e+05  1.001204812553615e+00 -2.184886862515790e-02  1.000000000000000e+00  0.000000000000000e+00 
 2.055925298351037e+05  1.001215137498324e+00 -2.241295983845324e-02  1.000000000000000e+00  0.000000000000000e+00 
 2.103877016954322e+05  1.001222983263439e+00 -2.299178466255835e-02  1.000000000000000e+00  0.000000000000000e+00 
 2.152947145510951e+05  1.001228113474070e+00 -2.358562959374190e-02  1.000000000000000e+00  0.000000000000000e+00 
 2.203161769443098e+05  1.001230283081281e+00 -2.419477609041862e-02  1.000000000000000e+00  0.000000000000000e+00 
 2.254547582580659e+05  1.001229238917502e+00 -2.481949988049659e-02  1.000000000000000e+00  0.000000000000000e+00 
 2.307131901351547e+05  1.001224720344166e+00 -2.546007030520666e-02  1.000000000000000e+00  0.000000000000000e+00 
 2.360942679302965e+05  1.001216459878409e+00 -2.611674970955142e-02  1.000000000000000e+00  0.000000000000000e+00 
 2.416008521961364e+05  1.001204184478059e+00 -2.678979290712204e-02  1.000000000000000e+00  0.000000000000000e+00 
 2.472358702038990e+05  1.001187615775893e+00 -2.747944668986881e-02  1.000000000000000e+00  0.000000000000000e+00 
 2.530023174995105e+05  1.001166471533283e+00 -2.818594945237788e-02  1.000000000000000e+00  0.000000000000000e+00 
 2.589032594960149e+05  1.001140466599952e+00 -2.890953090069055e-02  1.000000000000000e+00  0.000000000000000e+00 
 2.649418331031316e+05  1.001109314052553e+00 -2.965041187283427e-02  1.000000000000000e+00  0.000000000000000e+00 
 2.711212483948201e+05  1.001072726389429e+00 -3.040880428174834e-02  1.000000000000000e+00  0.000000000000000e+00 
 2.774447903157386e+05  1.001030416768138e+00 -3.118491118927697e-02  1.000000000000000e+00  0.000000000000000e+00 
 2.839158204275030e+05  1.000982100272073e+00 -3.197892702049638e-02  1.000000000000000e+00  0.000000000000000e+00 
 2.905377786956753e+05  1.000927495077062e+00 -3.279103792239653e-02  1.000000000000000e+00  0.000000000000000e+00 
 2.973141853184317e+05  1.000866324184143e+00 -3.362142229543568e-02  1.000000000000000e+00  0.000000000000000e+00 
 3.042486425978810e+05  1.000798315992000e+00 -3.447025144318397e-02  1.000000000000000e+00  0.000000000000000e+00 
 3.113448368550295e+05  1.000723205968641e+00 -3.533769041966618e-02  1.000000000000000e+00  0.000000000000000e+00 
 3.186065403894099e+05  1.000640737693600e+00 -3.622389901407065e-02  1.000000000000000e+00  0.000000000000000e+00 
 3.260376134844162e+05  1.000550663935220e+00 -3.712903289386343e-02  1.000000000000000e+00  0.000000000000000e+00 
 3.336420064594093e+05  1.000452747628592e+00 -3.805324489393124e-02  1.000000000000000e+00  0.000000000000000e+00 
 3.414237617696867e+05  1.000346762509290e+00 -3.899668643786576e-02  1.000000000000000e+00  0.000000000000000e+00 
 3.493870161554302e+05  1.000232494747814e+00 -3.995950912849250e-02  1.000000000000000e+00  0.000000000000000e+00 
 3.575360028407751e+05  1.000109742156773e+00 -4.094186636349813e-02  1.000000000000000e+00  0.000000000000000e+00 
 3.658750537841702e+05  9.999783155060125e-01 -4.194391513757089e-02  1.000000000000000e+00  0.000000000000000e+00 
 3.744086019812237e+05  9.998380385188133e-01 -4.296581787686111e-02  1.000000000000000e+00  0.000000000000000e+00 
 3.831411838212606e+05  9.996887476775482e-01 -4.400774433220177e-02  1.000000000000000e+00  0.000000000000000e+00 
 3.920774414988435e+05  9.995302929666394e-01 -4.506987355934239e-02  1.000000000000000e+00  0.000000000000000e+00 
 4.012221254815386e+05  9.993625361371818e-01 -4.615239581262464e-02  1.000000000000000e+00  0.000000000000000e+00 
 4.105800970352393e+05  9.991853510384332e-01 -4.725551452993678e-02  1.000000000000000e+00  0.000000000000000e+00 
 4.201563308083895e+05  9.989986226064232e-01 -4.837944823674079e-02  1.000000000000000e+00  0.000000000000000e+00 
 4.299559174764808e+05  9.988022456500810e-01 -4.952443239194159e-02  1.000000000000000e+00  0.000000000000000e+00 
 4.399840664482286e+05  9.985961245774843e-01 -5.069072121378324e-02  1.000000000000000e+00  0.000000000000000e+00 
 4.502461086348665e+05  9.983801706643813e-01 -5.187858929539671e-02  1.000000000000000e+00  0.000000000000000e+00 
 4.607474992840303e+05  9.981543011926594e-01 -5.308833319889927e-02  1.000000000000000e+00  0.000000000000000e+00 
 4.714938208797397e+05  9.979184384283791e-01 -5.432027292163460e-02  1.000000000000000e+00  0.000000000000000e+00 
 4.824907861100165e+05  9.976725064130749e-01 -5.557475309862696e-02  1.000000000000000e+00  0.000000000000000e+00 
 4.937442409037202e+05  9.974164296727771e-01 -5.685214414941037e-02  1.000000000000000e+00  0.000000000000000e+00 
 5.052601675382127e+05  9.971501318193151e-01 -5.815284325036891e-02  1.000000000000000e+00  0.000000000000000e+00 
 5.170446878195055e+05  9.968735320239617e-01 -5.947727501185043e-02  1.000000000000000e+00  0.000000000000000e+00 
 5.291040663365799e+05  9.965865434665682e-01 -6.082589207594796e-02  1.000000000000000e+00  0.000000000000000e+00 
 5.414447137916088e+05  9.962890717377690e-01 -6.219917553282444e-02  1.000000000000000e+00  0.000000000000000e+00 
 5.540731904078531e+05  9.959810111759826e-01 -6.359763501596394e-02  1.000000000000000e+00  0.000000000000000e+00 
 5.669962094170414e+05  9.956622432378532e-01 -6.502180873628048e-02  1.000000000000000e+00  0.000000000000000e+00 
 5.802206406280886e+05  9.953326348793610e-01 -6.647226333367910e-02  1.000000000000000e+00  0.000000000000000e+00 
 5.937535140790505e+05  9.949920347012848e-01 -6.794959340689866e-02  1.000000000000000e+00  0.000000000000000e+00 
 6.076020237742547e+05  9.946402723087523e-01 -6.945442107729211e-02  1.000000000000000e+00  0.000000000000000e+00 
 6.217735315085958e+05  9.942771554631282e-01 -7.098739525438436e-02  1.000000000000000e+00  0.000000000000000e+00 
 6.362755707810266e+05  9.939024673054337e-01 -7.254919074029237e-02  1.000000000000000e+00  0.000000000000000e+00 
 6.511158507993266e+05  9.935159659182761e-01 -7.414050736931681e-02  1.000000000000000e+00  0.000000000000000e+00 
 6.663022605782759e+05  9.931173805842529e-01 -7.576206877509092e-02  1.000000000000000e+00  0.000000000000000e+00 
 6.818428731334149e+05  9.927064115261328e-01 -7.741462130058074e-02  1.000000000000000e+00  0.000000000000000e+00 
 6.977459497726158e+05  9.922827274839223e-01 -7.909893264242404e-02  1.000000000000000e+00  0.000000000000000e+00 
 7.140199444877512e+05  9.918459633904653e-01 -8.081579041101841e-02  1.000000000000000e+00  0.000000000000000e+00 
 7.306735084487913e+05  9.913957204039914e-01 -8.256600079100802e-02  1.000000000000000e+00  0.000000000000000e+00 
 7.477154946027206e+05  9.909315626516015e-01 -8.435038687942835e-02  1.000000000000000e+00  0.000000000000000e+00 
 7.651549623797174e+05  9.904530174537173e-01 -8.616978723934225e-02  1.000000000000000e+00  0.000000000000000e+00 
 7.830011825090999e+05  9.899595731568329e-01 -8.802505421850554e-02  1.000000000000000e+00  0.000000000000000e+00 
 8.012636419475969e+05  9.894506784080180e-01 -8.991705234075109e-02  1.000000000000000e+00  0.000000000000000e+00 
 8.199520489225637e+05  9.889257401582900e-01 -9.184665655841624e-02  1.000000000000000e+00  0.000000000000000e+00 
 8.390763380928253e+05  9.883841239937675e-01 -9.381475068305223e-02  1.000000000000000e+00  0.000000000000000e+00 
 8.586466758298882e+05  9.878251522839754e-01 -9.582222560337351e-02  1.000000000000000e+00  0.000000000000000e+00 
 8.786734656223306e+05  9.872481036310706e-01 -9.786997760201531e-02  1.000000000000000e+00  0.000000000000000e+00 
 8.991673536062415e+05  9.866522117003860e-01 -9.995890660010640e-02  1.000000000000000e+00  0.000000000000000e+00 
 9.201392342246514e+05  9.860366646625450e-01 -1.020899144467148e-01  1.000000000000000e+00  0.000000000000000e+00 
 9.416002560189601e+05  9.854006046763695e-01 -1.042639032066269e-01  1.000000000000000e+00  0.000000000000000e+00 
 9.635618275554434e+05  9.847431268498458e-01 -1.064817733769809e-01  1.000000000000000e+00  0.000000000000000e+00 
 9.860356234899862e+05  9.840632786790992e-01 -1.087444221433736e-01  1.000000000000000e+00  0.000000000000000e+00 
 1.009033590774269e+06  9.833600594025619e-01 -1.110527416080812e-01  1.000000000000000e+00  0.000000000000000e+00 
 1.032567955006703e+06  9.826324193756110e-01 -1.134076170037903e-01  1.000000000000000e+00  0.000000000000000e+00 
 1.056651226931497e+06  9.818792594628050e-01 -1.158099248860433e-01  1.000000000000000e+00  0.000000000000000e+00 
 1.081296209089299e+06  9.810994304450240e-01 -1.182605312986931e-01  1.000000000000000e+00  0.000000000000000e+00 
 1.106516002622962e+06  9.802917322142799e-01 -1.207602898831020e-01  1.000000000000000e+00  0.000000000000000e+00 
 1.132324014242044e+06  9.794549140933044e-01 -1.233100400873912e-01  1.000000000000000e+00  0.000000000000000e+00 
 1.158733963349740e+06  9.785876729337150e-01 -1.259106050604156e-01  1.000000000000000e+00  0.000000000000000e+00 
 1.185759889336049e+06  9.776886534532171e-01 -1.285627897678536e-01  1.000000000000000e+00  0.000000000000000e+00 
 1.213416159041037e+06  9.767564472413441e-01 -1.312673788924492e-01  1.000000000000000e+00  0.000000000000000e+00 
 1.241717474392175e+06  9.757895931117989e-01 -1.340251348424265e-01  1.000000000000000e+00  0.000000000000000e+00 
 1.270678880219805e+06  9.747865752411462e-01 -1.368367953997927e-01  1.000000000000000e+00  0.000000000000000e+00 
 1.300315772254893e+06  9.737458235433630e-01 -1.397030715889331e-01  1.000000000000000e+00  0.000000000000000e+00 
 1.330643905313322e+06  9.726657128413865e-01 -1.426246452955239e-01  1.000000000000000e+00  0.000000000000000e+00 
 1.361679401671062e+06  9.715445628301740e-01 -1.456021669139703e-01  1.000000000000000e+00  0.000000000000000e+00 
 1.393438759634695e+06  9.703806368502307e-01 -1.486362527163503e-01  1.000000000000000e+00  0.000000000000000e+00 
 1.425938862311823e+06  9.691721423497776e-01 -1.517274823632601e-01  1.000000000000000e+00  0.000000000000000e+00 
 1.459196986586039e+06  9.679172297220771e-01 -1.548763960619221e-01  1.000000000000000e+00  0.000000000000000e+00 
 1.493230812301232e+06  9.666139921832925e-01 -1.580834917496919e-01  1.000000000000000e+00  0.000000000000000e+00 
 1.528058431660093e+06  9.652604662437458e-01 -1.613492222554400e-01  1.000000000000000e+00  0.000000000000000e+00 
 1.563698358841839e+06  9.638546301507533e-01 -1.646739919850697e-01  1.000000000000000e+00  0.000000000000000e+00 
 1.600169539844253e+06  9.623944043761526e-01 -1.680581537922188e-01  1.000000000000000e+00  0.000000000000000e+00 
 1.637491362555273e+06  9.608776521780572e-01 -1.715020057134184e-01  1.000000000000000e+00  0.000000000000000e+00 
 1.675683667059497e+06  9.593021782755827e-01 -1.750057872144279e-01  1.000000000000000e+00  0.000000000000000e+00 
 1.714766756185062e+06  9.576657296011963e-01 -1.785696756093770e-01  1.000000000000000e+00  0.000000000000000e+00 
 1.754761406296524e+06  9.559659961556854e-01 -1.821937823359964e-01  1.000000000000000e+00  0.000000000000000e+00 
 1.795688878339464e+06  9.542006100343995e-01 -1.858781486886806e-01  1.000000000000000e+00  0.000000000000000e+00 
 1.837570929142693e+06  9.523671467739162e-01 -1.896227417828240e-01  1.000000000000000e+00  0.000000000000000e+00 
 1.880429822984069e+06  9.504631257750169e-01 -1.934274501303404e-01  1.000000000000000e+00  0.000000000000000e+00 
 1.924288343426070e+06  9.484860111216793e-01 -1.972920790736074e-01  1.000000000000000e+00  0.000000000000000e+00 
 1.969169805427416e+06  9.464332128207488e-01 -2.012163460717325e-01  1.000000000000000e+00  0.000000000000000e+00 
 2.015098067737177e+06  9.443020870888120e-01 -2.051998755359105e-01  1.000000000000000e+00  0.000000000000000e+00 
 2.062097545577960e+06  9.420899397905134e-01 -2.092421940989630e-01  1.000000000000000e+00  0.000000000000000e+00 
 2.110193223624914e+06  9.397940258686411e-01 -2.133427247507669e-01  1.000000000000000e+00  0.000000000000000e+00 
 2.159410669287447e+06  9.374115535855395e-01 -2.175007817767667e-01  1.000000000000000e+00  0.000000000000000e+00 
 2.209776046300733e+06  9.349396853705290e-01 -2.217155646628329e-01  1.000000000000000e+00  0.000000000000000e+00 
 2.261316128634211e+06  9.323755415047638e-01 -2.259861523787416e-01  1.000000000000000e+00  0.000000000000000e+00 
 2.314058314724487e+06  9.297162031586673e-01 -2.303114972479242e-01  1.000000000000000e+00  0.000000000000000e+00 
 2.368030642040201e+06  9.269587161044134e-01 -2.346904187097305e-01  1.000000000000000e+00  0.000000000000000e+00 
 2.423261801986597e+06  9.241000949316505e-01 -2.391215969462552e-01  1.000000000000000e+00  0.000000000000000e+00 
 2.479781155157720e+06  9.211373280163152e-01 -2.436035664586952e-01  1.000000000000000e+00  0.000000000000000e+00 
 2.537618746944359e+06  9.180673822457095e-01 -2.481347093401752e-01  1.000000000000000e+00  0.000000000000000e+00 
 2.596805323506013e+06  9.148872095348934e-01 -2.527132488101045e-01  1.000000000000000e+00  0.000000000000000e+00 
 2.657372348115392e+06  9.115937539112510e-01 -2.573372427392207e-01  1.000000000000000e+00  0.000000000000000e+00 
 2.719352017884125e+06  9.081839574564028e-01 -2.620045767069928e-01  1.000000000000000e+00  0.000000000000000e+00 
 2.782777280878573e+06  9.046547703440277e-01 -2.667129581045414e-01  1.000000000000000e+00  0.000000000000000e+00 
 2.847681853634853e+06  9.010031582524820e-01 -2.714599094690332e-01  1.000000000000000e+00  0.000000000000000e+00 
 2.914100239082369e+06  8.972261130154314e-01 -2.762427627483824e-01  1.000000000000000e+00  0.000000000000000e+00 
 2.982067744885386e+06  8.933206632949899e-01 -2.810586537038809e-01  1.000000000000000e+00  0.000000000000000e+00 
 3.051620502212399e+06  8.892838855521418e-01 -2.859045165532687e-01  1.000000000000000e+00  0.000000000000000e+00 
 3.122795484943273e+06  8.851129171361219e-01 -2.907770795552921e-01  1.000000000000000e+00  0.000000000000000e+00 
 3.195630529324365e+06  8.808049692684655e-01 -2.956728609349207e-01  1.000000000000000e+00  0.000000000000000e+00 
 3.270164354082069e+06  8.763573423274411e-01 -3.005881660627273e-01  1.000000000000000e+00  0.000000000000000e+00 
 3.346436581005492e+06  8.717674391995136e-01 -3.055190845979504e-01  1.000000000000000e+00  0.000000000000000e+00 
 3.424487756009183e+06  8.670327828741453e-01 -3.104614898138250e-01  1.000000000000000e+00  0.000000000000000e+00 
 3.504359370687135e+06  8.621510320203429e-01 -3.154110381377949e-01  1.000000000000000e+00  0.000000000000000e+00 
 3.586093884369490e+06  8.571199996611389e-01 -3.203631708208765e-01  1.000000000000000e+00  0.000000000000000e+00 
 3.669734746693703e+06  8.519376706588986e-01 -3.253131164269188e-01  1.000000000000000e+00  0.000000000000000e+00 
 3.755326420702136e+06  8.466022201326074e-01 -3.302558949932188e-01  1.000000000000000e+00  0.000000000000000e+00 
 3.842914406478379e+06  8.411120324401028e-01 -3.351863239470049e-01  1.000000000000000e+00  0.000000000000000e+00 
 3.932545265334855e+06  8.354657205767360e-01 -3.400990258881281e-01  1.000000000000000e+00  0.000000000000000e+00 
 4.024266644564569e+06  8.296621461942818e-01 -3.449884384983430e-01  1.000000000000000e+00  0.000000000000000e+00 
 4.118127302770155e+06  8.237004370198564e-01 -3.498488254067740e-01  1.000000000000000e+00  0.000000000000000e+00 
 4.214177135783699e+06  8.175800067988351e-01 -3.546742902471409e-01  1.000000000000000e+00  0.000000000000000e+00 
 4.312467203191096e+06  8.113005739044433e-01 -3.594587924954739e-01  1.000000000000000e+00  0.000000000000000e+00 
 4.413049755475058e+06  8.048621776688286e-01 -3.641961647524093e-01  1.000000000000000e+00  0.000000000000000e+00 
 4.515978261791197e+06  7.982651955525316e-01 -3.688801329136837e-01  1.000000000000000e+00  0.000000000000000e+00 
 4.621307438391944e+06  7.915103584655876e-01 -3.735043381517380e-01  1.000000000000000e+00  0.000000000000000e+00 
 4.729093277713427e+06  7.845987631002544e-01 -3.780623601985998e-01  1.000000000000000e+00  0.000000000000000e+00 
 4.839393078140748e+06  7.775318852068123e-01 -3.825477437685145e-01  1.000000000000000e+00  0.000000000000000e+00 
 4.952265474467507e+06  7.703115893486154e-01 -3.869540260691840e-01  1.000000000000000e+00  0.000000000000000e+00 
 5.067770469065750e+06  7.629401348134641e-01 -3.912747650843669e-01  1.000000000000000e+00  0.000000000000000e+00 
 5.185969463782913e+06  7.554201823789545e-01 -3.955035709011344e-01  1.000000000000000e+00  0.000000000000000e+00 
 5.306925292582722e+06  7.477547959707549e-01 -3.996341370063818e-01  1.000000000000000e+00  0.000000000000000e+00 
 5.430702254947398e+06  7.399474412771854e-01 -4.036602723629873e-01  1.000000000000000e+00  0.000000000000000e+00 
 5.557366150058920e+06  7.320019834525533e-01 -4.075759352198088e-01  1.000000000000000e+00  0.000000000000000e+00 
 5.686984311777529e+06  7.239226792450695e-01 -4.113752659321595e-01  1.000000000000000e+00  0.000000000000000e+00 
 5.819625644436051e+06  7.157141672793021e-01 -4.150526205198962e-01  1.000000000000000e+00  0.000000000000000e+00 
 5.955360659469077e+06  7.073814545239514e-01 -4.186026035425553e-01  1.000000000000000e+00  0.000000000000000e+00 
 6.094261512896474e+06  6.989298996447333e-01 -4.220201003661570e-01  1.000000000000000e+00  0.000000000000000e+00 
 6.236402043681140e+06  6.903651921606673e-01 -4.253003077741849e-01  1.000000000000000e+00  0.000000000000000e+00 
 6.381857812981415e+06  6.816933302870023e-01 -4.284387642379869e-01  1.000000000000000e+00  0.000000000000000e+00 
 6.530706144318989e+06  6.729205937904589e-01 -4.314313772288000e-01  1.000000000000000e+00  0.000000000000000e+00 
 6.683026164683687e+06  6.640535139128914e-01 -4.342744483038455e-01  1.000000000000000e+00  0.000000000000000e+00 
 6.838898846596949e+06  6.550988423051489e-01 -4.369646967777844e-01  1.000000000000000e+00  0.000000000000000e+00 
 6.998407051156408e+06  6.460635155733698e-01 -4.394992793508933e-01  1.000000000000000e+00  0.000000000000000e+00 
 7.161635572084407e+06  6.369546184076863e-01 -4.418758071307483e-01  1.000000000000000e+00  0.000000000000000e+00 
 7.328671180803898e+06  6.277793446475999e-01 -4.440923591367191e-01  1.000000000000000e+00  0.000000000000000e+00 
 7.499602672565671e+06  6.185449565847411e-01 -4.461474920746575e-01  1.000000000000000e+00  0.000000000000000e+00 
 7.674520913651446e+06  6.092587438148981e-01 -4.480402468555250e-01  1.000000000000000e+00  0.000000000000000e+00 
 7.853518889677908e+06  5.999279794002844e-01 -4.497701498212880e-01  1.000000000000000e+00  0.000000000000000e+00 
 8.036691755027374e+06  5.905598780691723e-01 -4.513372116999077e-01  1.000000000000000e+00  0.000000000000000e+00 
 8.224136883431359e+06  5.811615520927329e-01 -4.527419208048536e-01  1.000000000000000e+00  0.000000000000000e+00 
 8.415953919733940e+06  5.717399692860228e-01 -4.539852333873212e-01  1.000000000000000e+00  0.000000000000000e+00 
 8.612244832862431e+06  5.623019104683818e-01 -4.550685589077377e-01  1.000000000000000e+00  0.000000000000000e+00 
 8.813113970033532e+06  5.528539290997476e-01 -4.559937420581194e-01  1.000000000000000e+00  0.000000000000000e+00 
 9.018668112223754e+06  5.434023113628550e-01 -4.567630399797606e-01  1.000000000000000e+00  0.000000000000000e+00 
 9.229016530933630e+06  5.339530394011393e-01 -4.573790967060529e-01  1.000000000000000e+00  0.000000000000000e+00 
 9.444271046275863e+06  5.245117559844993e-01 -4.578449133376637e-01  1.000000000000000e+00  0.000000000000000e+00 
 9.664546086418321e+06  5.150837324506760e-01 -4.581638154185142e-01  1.000000000000000e+00  0.000000000000000e+00 
 9.889958748413436e+06  5.056738381514367e-01 -4.583394159539236e-01  1.000000000000000e+00  0.000000000000000e+00 
 1.012062886044639e+07  4.962865150643240e-01 -4.583755772823569e-01  1.000000000000000e+00  0.000000000000000e+00 
 1.035667904553514e+07  4.869257541829246e-01 -4.582763689046041e-01  1.000000000000000e+00  0.000000000000000e+00 
 1.059823478671618e+07  4.775950764920331e-01 -4.580460238245743e-01  1.000000000000000e+00  0.000000000000000e+00 
 1.084542449375065e+07  4.682975169100912e-01 -4.576888920536096e-01  1.000000000000000e+00  0.000000000000000e+00 
 1.109837957138631e+07  4.590356136112335e-01 -4.572093936936842e-01  1.000000000000000e+00  0.000000000000000e+00 
 1.135723448921159e+07  4.498113995178132e-01 -4.566119686663343e-01  1.000000000000000e+00  0.000000000000000e+00 
 1.162212685313891e+07  4.406263997650701e-01 -4.559010269367619e-01  1.000000000000000e+00  0.000000000000000e+00 
 1.189319747855530e+07  4.314816334867013e-01 -4.550808978884784e-01  1.000000000000000e+00  0.000000000000000e+00 
 1.217059046517908e+07  4.223776179672076e-01 -4.541557769225264e-01  1.000000000000000e+00  0.000000000000000e+00 
 1.245445327366252e+07  4.133143808353844e-01 -4.531296754036011e-01  1.000000000000000e+00  0.000000000000000e+00 
 1.274493680398116e+07  4.042914734668574e-01 -4.520063669993431e-01  1.000000000000000e+00  0.000000000000000e+00 
 1.304219547565144e+07  3.953079920344440e-01 -4.507893374404813e-01  1.000000000000000e+00  0.000000000000000e+00 
 1.334638730981928e+07  3.863626009172621e-01 -4.494817321966386e-01  1.000000000000000e+00  0.000000000000000e+00 
 1.365767401326333e+07  3.774535637919434e-01 -4.480863082054532e-01  1.000000000000000e+00  0.000000000000000e+00 
 1.397622106435739e+07  3.685787766014228e-01 -4.466053832624609e-01  1.000000000000000e+00  0.000000000000000e+00 
 1.430219780103789e+07  3.597358091078678e-01 -4.450407911253167e-01  1.000000000000000e+00  0.000000000000000e+00 
 1.463577751082304e+07  3.509219486906844e-01 -4.433938351356066e-01  1.000000000000000e+00  0.000000000000000e+00 
 1.497713752293153e+07  3.421342517111823e-01 -4.416652470554528e-01  1.000000000000000e+00  0.000000000000000e+00 
 1.532645930254985e+07  3.333695994099597e-01 -4.398551478629669e-01  1.000000000000000e+00  0.000000000000000e+00 
 1.568392854729820e+07  3.246247589985529e-01 -4.379630117130012e-01  1.000000000000000e+00  0.000000000000000e+00 
 1.604973528594637e+07  3.158964516138035e-01 -4.359876358496624e-01  1.000000000000000e+00  0.000000000000000e+00 
 1.642407397943207e+07  3.071814248549198e-01 -4.339271142600120e-01  1.000000000000000e+00  0.000000000000000e+00 
 1.680714362423527e+07  2.984765309587459e-01 -4.317788172136128e-01  1.000000000000000e+00  0.000000000000000e+00 
 1.719914785816377e+07  2.897788109369945e-01 -4.295393783649725e-01  1.000000000000000e+00  0.000000000000000e+00 
 1.760029506860591e+07  2.810855835560707e-01 -4.272046891378513e-01  1.000000000000000e+00  0.000000000000000e+00 
 1.801079850330827e+07  2.723945387052579e-01 -4.247699013233674e-01  1.000000000000000e+00  0.000000000000000e+00 
 1.843087638373699e+07  2.637038358518491e-01 -4.222294409165617e-01  1.000000000000000e+00  0.000000000000000e+00 
 1.886075202108322e+07  2.550122052838170e-01 -4.195770320541303e-01  1.000000000000000e+00  0.000000000000000e+00 
 1.930065393497411e+07  2.463190514868920e-01 -4.168057326157202e-01  1.000000000000000e+00  0.000000000000000e+00 
 1.975081597495268e+07  2.376245589923747e-01 -4.139079853714746e-01  1.000000000000000e+00  0.000000000000000e+00 
 2.021147744479101e+07  2.289297965291134e-01 -4.108756813750273e-01  1.000000000000000e+00  0.000000000000000e+00 
 2.068288322970283e+07  2.202368199296620e-01 -4.077002404806527e-01  1.000000000000000e+00  0.000000000000000e+00 
 2.116528392652327e+07  2.115487701192692e-01 -4.043727071323698e-01  1.000000000000000e+00  0.000000000000000e+00 
 2.165893597692475e+07  2.028699646859656e-01 -4.008838637314636e-01  1.000000000000000e+00  0.000000000000000e+00 
 2.216410180374008e+07  1.942059799510270e-01 -3.972243612947104e-01  1.000000000000000e+00  0.000000000000000e+00 
 2.268104995046503e+07  1.855637199449256e-01 -3.933848659863846e-01  1.000000000000000e+00  0.000000000000000e+00 
 2.321005522401463e+07  1.769514699912496e-01 -3.893562226416040e-01  1.000000000000000e+00  0.000000000000000e+00 
 2.375139884080913e+07  1.683789309097224e-01 -3.851296326631178e-01  1.000000000000000e+00  0.000000000000000e+00 
 2.430536857626709e+07  1.598572306775315e-01 -3.806968446008059e-01  1.000000000000000e+00  0.000000000000000e+00 
 2.487225891778536e+07  1.513989104105068e-01 -3.760503548551156e-01  1.000000000000000e+00  0.000000000000000e+00 
 2.545237122128698e+07  1.430178814143105e-01 -3.711836141304419e-01  1.000000000000000e+00  0.000000000000000e+00 
 2.604601387142042e+07  1.347293514511569e-01 -3.660912368450349e-01  1.000000000000000e+00  0.000000000000000e+00 
 2.665350244549523e+07  1.265497176186648e-01 -3.607692062843640e-01  1.000000000000000e+00  0.000000000000000e+00 
 2.727515988124129e+07  1.184964258967594e-01 -3.552150725605108e-01  1.000000000000000e+00  0.000000000000000e+00 
 2.791131664848078e+07  1.105877965125050e-01 -3.494281345260548e-01  1.000000000000000e+00  0.000000000000000e+00 
 2.856231092480424e+07  1.028428172192963e-01 -3.434096016199687e-01  1.000000000000000e+00  0.000000000000000e+00 
 2.922848877534396e+07  9.528090672125313e-02 -3.371627283069635e-01  1.000000000000000e+00  0.000000000000000e+00 
 2.991020433674042e+07  8.792165221948429e-02 -3.306929151503990e-01  1.000000000000000e+00  0.000000000000000e+00 
 3.060782000539942e+07  8.078452628894786e-02 -3.240077708019342e-01  1.000000000000000e+00  0.000000000000000e+00 
 3.132170663014016e+07  7.388858995154791e-02 -3.171171322234427e-01  1.000000000000000e+00  0.000000000000000e+00 
 3.205224370933644e+07  6.725218889348555e-02 -3.100330376795825e-01  1.000000000000000e+00  0.000000000000000e+00 
 3.279981959265609e+07  6.089265144569189e-02 -3.027696524195345e-01  1.000000000000000e+00  0.000000000000000e+00 
 3.356483168750557e+07  5.482599683412788e-02 -2.953431464724144e-01  1.000000000000000e+00  0.000000000000000e+00 
 3.434768667028961e+07  4.906666238681218e-02 -2.877715264704294e-01  1.000000000000000e+00  0.000000000000000e+00 
 3.514880070259833e+07  4.362725796777418e-02 -2.800744250524417e-01  1.000000000000000e+00  0.000000000000000e+00 
 3.596859965243652e+07  3.851835509730827e-02 -2.722728530958299e-01  1.000000000000000e+00  0.000000000000000e+00 
 3.680751932061278e+07  3.374831706025209e-02 -2.643889216909715e-01  1.000000000000000e+00  0.000000000000000e+00 
 3.766600567240903e+07  2.932317474462134e-02 -2.564455412146529e-01  1.000000000000000e+00  0.000000000000000e+00 
 3.854451507465322e+07  2.524655134536913e-02 -2.484661068080149e-01  1.000000000000000e+00  0.000000000000000e+00 
 3.944351453832159e+07  2.151963711195432e-02 -2.404741791997351e-01  1.000000000000000e+00  0.000000000000000e+00 
 4.036348196679925e+07  1.814121350351346e-02 -2.324931690096975e-01  1.000000000000000e+00  0.000000000000000e+00 
 4.130490640993106e+07  1.510772438690027e-02 -2.245460343501663e-01  1.000000000000000e+00  0.000000000000000e+00 
 4.226828832399797e+07  1.241339025121807e-02 -2.166549987311978e-01  1.000000000000000e+00  0.000000000000000e+00 
 4.325413983775701e+07  1.005036020484590e-02 -2.088412952395915e-01  1.000000000000000e+00  0.000000000000000e+00 
 4.426298502468612e+07  8.008895444406562e-03 -2.011249433960186e-01  1.000000000000000e+00  0.000000000000000e+00 
 4.529536018157898e+07  6.277577328795400e-03 -1.935245613373396e-01  1.000000000000000e+00  0.000000000000000e+00 
 4.635181411363748e+07  4.843532845517952e-03 -1.860572162280534e-01  1.000000000000000e+00  0.000000000000000e+00 
 4.743290842621371e+07  3.692670441780552e-03 -1.787383126289586e-01  1.000000000000000e+00  0.000000000000000e+00 
 4.853921782335641e+07  2.809919309545779e-03 -1.715815196655484e-01  1.000000000000000e+00  0.000000000000000e+00 
 4.967133041332062e+07  2.179466153532629e-03 -1.645987334647259e-01  1.000000000000000e+00  0.000000000000000e+00 
 5.082984802120291e+07  1.784983817563743e-03 -1.578000738623563e-01  1.000000000000000e+00  0.000000000000000e+00 
 5.201538650886846e+07  1.609847516925028e-03 -1.511939102250204e-01  1.000000000000000e+00  0.000000000000000e+00 
 5.322857610234001e+07  1.637334850157060e-03 -1.447869140396990e-01  1.000000000000000e+00  0.000000000000000e+00 
 5.447006172682261e+07  1.850807200289045e-03 -1.385841327896172e-01  1.000000000000000e+00  0.000000000000000e+00 
 5.574050334954259e+07  2.233870722517323e-03 -1.325890813873919e-01  1.000000000000000e+00  0.000000000000000e+00 
 5.704057633058255e+07  2.770515942639447e-03 -1.268038473728897e-01  1.000000000000000e+00  0.000000000000000e+00 
 5.837097178189931e+07  3.445236017603680e-03 -1.212292049793436e-01  1.000000000000000e+00  0.000000000000000e+00 
 5.973239693471534e+07  4.243123894810172e-03 -1.158647354488329e-01  1.000000000000000e+00  0.000000000000000e+00 
 6.112557551547918e+07  5.149949466176258e-03 -1.107089497100616e-01  1.000000000000000e+00  0.000000000000000e+00 
 6.255124813059460e+07  6.152217942044853e-03 -1.057594110534133e-01  1.000000000000000e+00  0.000000000000000e+00 
 6.401017266012309e+07  7.237211120592217e-03 -1.010128551530766e-01  1.000000000000000e+00  0.000000000000000e+00 
 6.550312466066889e+07  8.393013128281529e-03 -9.646530612461487e-02  1.000000000000000e+00  0.000000000000000e+00 
 6.703089777766079e+07  9.608522667316474e-03 -9.211218648055972e-02  1.000000000000000e+00  0.000000000000000e+00 
 6.859430416724990e+07  1.087345350552422e-02 -8.794842027039490e-02  1.000000000000000e+00  0.000000000000000e+00 
 7.019417492804758e+07  1.217832490127935e-02 -8.396852893773814e-02  1.000000000000000e+00  0.000000000000000e+00 
 7.183136054293308e+07  1.351444386605218e-02 -8.016671886280222e-02  1.000000000000000e+00  0.000000000000000e+00 
 7.350673133116572e+07  1.487388069145710e-02 -7.653696089360018e-02  1.000000000000000e+00  0.000000000000000e+00 
 7.522117791104212e+07  1.624943922036214e-02 -7.307306172413994e-02  1.000000000000000e+00  0.000000000000000e+00 
 7.697561167334414e+07  1.763462322321949e-02 -6.976872718558716e-02  1.000000000000000e+00  0.000000000000000e+00 
 7.877096526582941e+07  1.902359984286476e-02 -6.661761816553138e-02  1.000000000000000e+00  0.000000000000000e+00 
 8.060819308902206e+07  2.041116131911224e-02 -6.361339902934712e-02  1.000000000000000e+00  0.000000000000000e+00 
 8.248827180356689e+07  2.179268566311393e-02 -6.074977941901330e-02  1.000000000000000e+00  0.000000000000000e+00 
 8.441220084941714e+07  2.316409705150507e-02 -5.802054980417930e-02  1.000000000000000e+00  0.000000000000000e+00 
 8.638100297713144e+07  2.452182656296594e-02 -5.541961120723787e-02  1.000000000000000e+00  0.000000000000000e+00 
 8.839572479156269e+07  2.586277358416250e-02 -5.294099997625987e-02  1.000000000000000e+00  0.000000000000000e+00 
 9.045743730822761e+07  2.718426844624008e-02 -5.057890767848040e-02  1.000000000000000e+00  0.000000000000000e+00 
 9.256723652265304e+07  2.848403643135134e-02 -4.832769696054894e-02  1.000000000000000e+00  0.000000000000000e+00 
 9.472624399300134e+07  2.976016341200857e-02 -4.618191372256261e-02  1.000000000000000e+00  0.000000000000000e+00 
 9.693560743628483e+07  3.101106325928586e-02 -4.413629607597997e-02  1.000000000000000e+00  0.000000000000000e+00 
 9.919650133848611e+07  3.223544710724836e-02 -4.218578050637767e-02  1.000000000000000e+00  0.000000000000000e+00 
 1.015101275789086e+08  3.343229451185732e-02 -4.032550563869981e-02  1.000000000000000e+00  0.000000000000000e+00 
 1.038777160690894e+08  3.460082656052999e-02 -3.855081385473390e-02  1.000000000000000e+00  0.000000000000000e+00 
 1.063005254066135e+08  3.574048079072054e-02 -3.685725132961672e-02  1.000000000000000e+00  0.000000000000000e+00 
 1.087798435441779e+08  3.685088803584315e-02 -3.524056642973417e-02  1.000000000000000e+00  0.000000000000000e+00 
 1.113169884742604e+08  3.793185101808736e-02 -3.369670697967748e-02  1.000000000000000e+00  0.000000000000000e+00 
 1.139133089297575e+08  3.898332465238601e-02 -3.222181652947790e-02  1.000000000000000e+00  0.000000000000000e+00 
 1.165701851009637e+08  4.000539801726558e-02 -3.081222974964262e-02  1.000000000000000e+00  0.000000000000000e+00 
 1.192890293692732e+08  4.099827779371621e-02 -2.946446733800264e-02  1.000000000000000e+00  0.000000000000000e+00 
 1.220712870579947e+08  4.196227322424555e-02 -2.817523029601899e-02  1.000000000000000e+00  0.000000000000000e+00 
 1.249184372006777e+08  4.289778239298107e-02 -2.694139392255089e-02  1.000000000000000e+00  0.000000000000000e+00 
 1.278319933273586e+08  4.380527977441842e-02 -2.576000154123872e-02  1.000000000000000e+00  0.000000000000000e+00 
 1.308135042691457e+08  4.468530495203588e-02 -2.462825806976497e-02  1.000000000000000e+00  0.000000000000000e+00 
 1.338645549815693e+08  4.553845242202924e-02 -2.354352351122312e-02  1.000000000000000e+00  0.000000000000000e+00 
 1.369867673871361e+08  4.636536239243476e-02 -2.250330642790810e-02  1.000000000000000e+00  0.000000000000000e+00 
 1.401818012375343e+08  4.716671249913695e-02 -2.150525745386294e-02  1.000000000000000e+00  0.000000000000000e+00 
 1.434513549959491e+08  4.794321036091660e-02 -2.054716288818373e-02  1.000000000000000e+00  0.000000000000000e+00 
 1.467971667399569e+08  4.869558690103735e-02 -1.962693840527256e-02  1.000000000000000e+00  0.000000000000000e+00 
 1.502210150854779e+08  4.942459036761804e-02 -1.874262290816552e-02  1.000000000000000e+00  0.000000000000000e+00 
 1.537247201322790e+08  5.013098098934936e-02 -1.789237254729715e-02  1.000000000000000e+00  0.000000000000000e+00 
 1.573101444315295e+08  5.081552620770965e-02 -1.707445491893032e-02  1.000000000000000e+00  0.000000000000000e+00 
 1.609791939759234e+08  5.147899643255818e-02 -1.628724345679287e-02  1.000000000000000e+00  0.000000000000000e+00 
 1.647338192128950e+08  5.212216126217286e-02 -1.552921202622560e-02  1.000000000000000e+00  0.000000000000000e+00 
 1.685760160814664e+08  5.274578615921939e-02 -1.479892968395571e-02  1.000000000000000e+00  0.000000000000000e+00 
 1.725078270732785e+08  5.335062945645862e-02 -1.409505572011137e-02  1.000000000000000e+00  0.000000000000000e+00 
 1.765313423183687e+08  5.393743976206547e-02 -1.341633481871403e-02  1.000000000000000e+00  0.000000000000000e+00 
 1.806487006962727e+08  5.450695365014578e-02 -1.276159245838530e-02  1.000000000000000e+00  0.000000000000000e+00 
 1.848620909730422e+08  5.505989363681170e-02 -1.212973049682144e-02  1.000000000000000e+00  0.000000000000000e+00 
 1.891737529647809e+08  5.559696640821794e-02 -1.151972294254617e-02  1.000000000000000e+00  0.000000000000000e+00 
 1.935859787283191e+08  5.611886127620680e-02 -1.093061190791216e-02  1.000000000000000e+00  0.000000000000000e+00 
 1.981011137796593e+08  5.662624883620890e-02 -1.036150373012207e-02  1.000000000000000e+00  0.000000000000000e+00 
 2.027215583408398e+08  5.711977981205217e-02 -9.811565262917848e-03  1.000000000000000e+00  0.000000000000000e+00 
 2.074497686158804e+08  5.760008406529993e-02 -9.280020319516552e-03  1.000000000000000e+00  0.000000000000000e+00 
 2.122882580964873e+08  5.806776975644269e-02 -8.766146266082787e-03  1.000000000000000e+00  0.000000000000000e+00 
 2.172395988982124e+08  5.852342264331360e-02 -8.269270754035631e-03  1.000000000000000e+00  0.000000000000000e+00 
 2.223064231277758e+08  5.896760550590463e-02 -7.788768586425571e-03  1.000000000000000e+00  0.000000000000000e+00 
 2.274914242822807e+08  5.940085768515411e-02 -7.324058704125671e-03  1.000000000000000e+00  0.000000000000000e+00 
 2.327973586810614e+08  5.982369473141816e-02 -6.874601296913096e-03  1.000000000000000e+00  0.000000000000000e+00 
 2.382270469309290e+08  6.023660815018564e-02 -6.439895018088993e-03  1.000000000000000e+00  0.000000000000000e+00 
 2.437833754255906e+08  6.064006524264565e-02 -6.019474307605393e-03  1.000000000000000e+00  0.000000000000000e+00 
 2.494692978800410e+08  6.103450903507789e-02 -5.612906815661527e-03  1.000000000000000e+00  0.000000000000000e+00 
 2.552878369007424e+08  6.142035829168344e-02 -5.219790918468629e-03  1.000000000000000e+00  0.000000000000000e+00 
 2.612420855924259e+08  6.179800760865799e-02 -4.839753326716732e-03  1.000000000000000e+00  0.000000000000000e+00 
 2.673352092023695e+08  6.216782758593260e-02 -4.472446781055668e-03  1.000000000000000e+00  0.000000000000000e+00 
 2.735704468030275e+08  6.253016507419967e-02 -4.117547832836108e-03  1.000000000000000e+00  0.000000000000000e+00 
 2.799511130139034e+08  6.288534349499933e-02 -3.774754708047202e-03  1.000000000000000e+00  0.000000000000000e+00 
 2.864805997635854e+08  6.323366323187503e-02 -3.443785253638705e-03  1.000000000000000e+00  0.000000000000000e+00 
 2.931623780928767e+08  6.357540209058130e-02 -3.124374965057618e-03  1.000000000000000e+00  0.000000000000000e+00 
 2.999999999999831e+08  6.391081582641005e-02 -2.816275095779348e-03  1.000000000000000e+00  0.000000000000000e+00 
