 frequency       er              ei              fr              fi              ir              ii             
 1.00000000e+00  1.25754028e-02  3.18369602e-02  1.25754028e-02  3.18369602e-02 -1.00000000e+00  3.18857778e-10 
 1.02329299e+00  1.25754756e-02  3.25785382e-02  1.25754756e-02  3.25785382e-02 -1.00000000e+00  3.26284932e-10 
 1.04712855e+00  1.25755518e-02  3.33373898e-02  1.25755518e-02  3.33373898e-02 -1.00000000e+00  3.33885087e-10 
 1.07151931e+00  1.25756317e-02  3.41139173e-02  1.25756317e-02  3.41139173e-02 -1.00000000e+00  3.41662273e-10 
 1.09647820e+00  1.25757153e-02  3.49085325e-02  1.25757153e-02  3.49085325e-02 -1.00000000e+00  3.49620612e-10 
 1.12201845e+00  1.25758028e-02  3.57216566e-02  1.25758028e-02  3.57216566e-02 -1.00000000e+00  3.57764326e-10 
 1.14815362e+00  1.25758944e-02  3.65537208e-02  1.25758944e-02  3.65537208e-02 -1.00000000e+00  3.66097731e-10 
 1.17489755e+00  1.25759904e-02  3.74051662e-02  1.25759904e-02  3.74051662e-02 -1.00000000e+00  3.74625247e-10 
 1.20226443e+00  1.25760909e-02  3.82764444e-02  1.25760909e-02  3.82764444e-02 -1.00000000e+00  3.83351394e-10 
 1.23026877e+00  1.25761961e-02  3.91680173e-02  1.25761961e-02  3.91680173e-02 -1.00000000e+00  3.92280799e-10 
 1.25892541e+00  1.25763063e-02  4.00803575e-02  1.25763063e-02  4.00803575e-02 -1.00000000e+00  4.01418198e-10 
 1.28824955e+00  1.25764217e-02  4.10139489e-02  1.25764217e-02  4.10139489e-02 -1.00000000e+00  4.10768434e-10 
 1.31825674e+00  1.25765425e-02  4.19692865e-02  1.25765425e-02  4.19692865e-02 -1.00000000e+00  4.20336466e-10 
 1.34896288e+00  1.25766690e-02  4.29468766e-02  1.25766690e-02  4.29468766e-02 -1.00000000e+00  4.30127366e-10 
 1.38038426e+00  1.25768014e-02  4.39472379e-02  1.25768014e-02  4.39472379e-02 -1.00000000e+00  4.40146327e-10 
 1.41253754e+00  1.25769401e-02  4.49709005e-02  1.25769401e-02  4.49709005e-02 -1.00000000e+00  4.50398659e-10 
 1.44543977e+00  1.25770854e-02  4.60184072e-02  1.25770854e-02  4.60184072e-02 -1.00000000e+00  4.60889799e-10 
 1.47910839e+00  1.25772375e-02  4.70903136e-02  1.25772375e-02  4.70903136e-02 -1.00000000e+00  4.71625310e-10 
 1.51356125e+00  1.25773967e-02  4.81871878e-02  1.25773967e-02  4.81871878e-02 -1.00000000e+00  4.82610884e-10 
 1.54881662e+00  1.25775635e-02  4.93096115e-02  1.25775635e-02  4.93096115e-02 -1.00000000e+00  4.93852345e-10 
 1.58489319e+00  1.25777381e-02  5.04581799e-02  1.25777381e-02  5.04581799e-02 -1.00000000e+00  5.05355655e-10 
 1.62181010e+00  1.25779209e-02  5.16335018e-02  1.25779209e-02  5.16335018e-02 -1.00000000e+00  5.17126911e-10 
 1.65958691e+00  1.25781124e-02  5.28362005e-02  1.25781124e-02  5.28362005e-02 -1.00000000e+00  5.29172357e-10 
 1.69824365e+00  1.25783128e-02  5.40669137e-02  1.25783128e-02  5.40669137e-02 -1.00000000e+00  5.41498377e-10 
 1.73780083e+00  1.25785228e-02  5.53262938e-02  1.25785228e-02  5.53262938e-02 -1.00000000e+00  5.54111509e-10 
 1.77827941e+00  1.25787426e-02  5.66150087e-02  1.25787426e-02  5.66150087e-02 -1.00000000e+00  5.67018439e-10 
 1.81970086e+00  1.25789727e-02  5.79337416e-02  1.25789727e-02  5.79337416e-02 -1.00000000e+00  5.80226011e-10 
 1.86208714e+00  1.25792138e-02  5.92831917e-02  1.25792138e-02  5.92831917e-02 -1.00000000e+00  5.93741229e-10 
 1.90546072e+00  1.25794661e-02  6.06640745e-02  1.25794661e-02  6.06640745e-02 -1.00000000e+00  6.07571257e-10 
 1.94984460e+00  1.25797304e-02  6.20771223e-02  1.25797304e-02  6.20771223e-02 -1.00000000e+00  6.21723430e-10 
 1.99526231e+00  1.25800071e-02  6.35230842e-02  1.25800071e-02  6.35230842e-02 -1.00000000e+00  6.36205251e-10 
 2.04173794e+00  1.25802969e-02  6.50027268e-02  1.25802969e-02  6.50027268e-02 -1.00000000e+00  6.51024398e-10 
 2.08929613e+00  1.25806003e-02  6.65168347e-02  1.25806003e-02  6.65168347e-02 -1.00000000e+00  6.66188729e-10 
 2.13796209e+00  1.25809180e-02  6.80662108e-02  1.25809180e-02  6.80662108e-02 -1.00000000e+00  6.81706284e-10 
 2.18776162e+00  1.25812507e-02  6.96516764e-02  1.25812507e-02  6.96516764e-02 -1.00000000e+00  6.97585292e-10 
 2.23872114e+00  1.25815991e-02  7.12740723e-02  1.25815991e-02  7.12740723e-02 -1.00000000e+00  7.13834172e-10 
 2.29086765e+00  1.25819639e-02  7.29342586e-02  1.25819639e-02  7.29342586e-02 -1.00000000e+00  7.30461538e-10 
 2.34422882e+00  1.25823459e-02  7.46331157e-02  1.25823459e-02  7.46331157e-02 -1.00000000e+00  7.47476209e-10 
 2.39883292e+00  1.25827459e-02  7.63715442e-02  1.25827459e-02  7.63715442e-02 -1.00000000e+00  7.64887204e-10 
 2.45470892e+00  1.25831647e-02  7.81504659e-02  1.25831647e-02  7.81504659e-02 -1.00000000e+00  7.82703756e-10 
 2.51188643e+00  1.25836033e-02  7.99708240e-02  1.25836033e-02  7.99708240e-02 -1.00000000e+00  8.00935313e-10 
 2.57039578e+00  1.25840625e-02  8.18335837e-02  1.25840625e-02  8.18335837e-02 -1.00000000e+00  8.19591539e-10 
 2.63026799e+00  1.25845434e-02  8.37397326e-02  1.25845434e-02  8.37397326e-02 -1.00000000e+00  8.38682329e-10 
 2.69153480e+00  1.25850469e-02  8.56902815e-02  1.25850469e-02  8.56902815e-02 -1.00000000e+00  8.58217803e-10 
 2.75422870e+00  1.25855742e-02  8.76862644e-02  1.25855742e-02  8.76862644e-02 -1.00000000e+00  8.78208322e-10 
 2.81838293e+00  1.25861263e-02  8.97287398e-02  1.25861263e-02  8.97287398e-02 -1.00000000e+00  8.98664483e-10 
 2.88403150e+00  1.25867045e-02  9.18187905e-02  1.25867045e-02  9.18187905e-02 -1.00000000e+00  9.19597134e-10 
 2.95120923e+00  1.25873099e-02  9.39575248e-02  1.25873099e-02  9.39575248e-02 -1.00000000e+00  9.41017374e-10 
 3.01995172e+00  1.25879438e-02  9.61460766e-02  1.25879438e-02  9.61460766e-02 -1.00000000e+00  9.62936560e-10 
 3.09029543e+00  1.25886076e-02  9.83856063e-02  1.25886076e-02  9.83856063e-02 -1.00000000e+00  9.85366315e-10 
 3.16227766e+00  1.25893027e-02  1.00677301e-01  1.25893027e-02  1.00677301e-01 -1.00000000e+00  1.00831853e-09 
 3.23593657e+00  1.25900305e-02  1.03022377e-01  1.25900305e-02  1.03022377e-01 -1.00000000e+00  1.03180538e-09 
 3.31131121e+00  1.25907927e-02  1.05422076e-01  1.25907927e-02  1.05422076e-01 -1.00000000e+00  1.05583932e-09 
 3.38844156e+00  1.25915907e-02  1.07877671e-01  1.25915907e-02  1.07877671e-01 -1.00000000e+00  1.08043308e-09 
 3.46736850e+00  1.25924264e-02  1.10390465e-01  1.25924264e-02  1.10390465e-01 -1.00000000e+00  1.10559972e-09 
 3.54813389e+00  1.25933015e-02  1.12961789e-01  1.25933015e-02  1.12961789e-01 -1.00000000e+00  1.13135256e-09 
 3.63078055e+00  1.25942178e-02  1.15593007e-01  1.25942178e-02  1.15593007e-01 -1.00000000e+00  1.15770528e-09 
 3.71535229e+00  1.25951773e-02  1.18285514e-01  1.25951773e-02  1.18285514e-01 -1.00000000e+00  1.18467185e-09 
 3.80189396e+00  1.25961820e-02  1.21040737e-01  1.25961820e-02  1.21040737e-01 -1.00000000e+00  1.21226655e-09 
 3.89045145e+00  1.25972340e-02  1.23860138e-01  1.25972340e-02  1.23860138e-01 -1.00000000e+00  1.24050403e-09 
 3.98107171e+00  1.25983356e-02  1.26745211e-01  1.25983356e-02  1.26745211e-01 -1.00000000e+00  1.26939925e-09 
 4.07380278e+00  1.25994892e-02  1.29697486e-01  1.25994892e-02  1.29697486e-01 -1.00000000e+00  1.29896755e-09 
 4.16869383e+00  1.26006971e-02  1.32718528e-01  1.26006971e-02  1.32718528e-01 -1.00000000e+00  1.32922459e-09 
 4.26579519e+00  1.26019619e-02  1.35809940e-01  1.26019619e-02  1.35809940e-01 -1.00000000e+00  1.36018642e-09 
 4.36515832e+00  1.26032864e-02  1.38973359e-01  1.26032864e-02  1.38973359e-01 -1.00000000e+00  1.39186946e-09 
 4.46683592e+00  1.26046733e-02  1.42210464e-01  1.26046733e-02  1.42210464e-01 -1.00000000e+00  1.42429051e-09 
 4.57088190e+00  1.26061255e-02  1.45522971e-01  1.26061255e-02  1.45522971e-01 -1.00000000e+00  1.45746677e-09 
 4.67735141e+00  1.26076462e-02  1.48912636e-01  1.26076462e-02  1.48912636e-01 -1.00000000e+00  1.49141581e-09 
 4.78630092e+00  1.26092385e-02  1.52381257e-01  1.26092385e-02  1.52381257e-01 -1.00000000e+00  1.52615565e-09 
 4.89778819e+00  1.26109059e-02  1.55930672e-01  1.26109059e-02  1.55930672e-01 -1.00000000e+00  1.56170471e-09 
 5.01187234e+00  1.26126519e-02  1.59562763e-01  1.26126519e-02  1.59562763e-01 -1.00000000e+00  1.59808183e-09 
 5.12861384e+00  1.26144801e-02  1.63279457e-01  1.26144801e-02  1.63279457e-01 -1.00000000e+00  1.63530631e-09 
 5.24807460e+00  1.26163945e-02  1.67082723e-01  1.26163945e-02  1.67082723e-01 -1.00000000e+00  1.67339789e-09 
 5.37031796e+00  1.26183991e-02  1.70974579e-01  1.26183991e-02  1.70974579e-01 -1.00000000e+00  1.71237676e-09 
 5.49540874e+00  1.26204983e-02  1.74957088e-01  1.26204983e-02  1.74957088e-01 -1.00000000e+00  1.75226360e-09 
 5.62341325e+00  1.26226963e-02  1.79032362e-01  1.26226963e-02  1.79032362e-01 -1.00000000e+00  1.79307955e-09 
 5.75439937e+00  1.26249979e-02  1.83202561e-01  1.26249979e-02  1.83202561e-01 -1.00000000e+00  1.83484627e-09 
 5.88843655e+00  1.26274080e-02  1.87469896e-01  1.26274080e-02  1.87469896e-01 -1.00000000e+00  1.87758589e-09 
 6.02559586e+00  1.26299317e-02  1.91836630e-01  1.26299317e-02  1.91836630e-01 -1.00000000e+00  1.92132109e-09 
 6.16595002e+00  1.26325743e-02  1.96305078e-01  1.26325743e-02  1.96305078e-01 -1.00000000e+00  1.96607506e-09 
 6.30957344e+00  1.26353415e-02  2.00877610e-01  1.26353415e-02  2.00877610e-01 -1.00000000e+00  2.01187153e-09 
 6.45654229e+00  1.26382391e-02  2.05556649e-01  1.26382391e-02  2.05556649e-01 -1.00000000e+00  2.05873478e-09 
 6.60693448e+00  1.26412732e-02  2.10344678e-01  1.26412732e-02  2.10344678e-01 -1.00000000e+00  2.10668967e-09 
 6.76082975e+00  1.26444503e-02  2.15244234e-01  1.26444503e-02  2.15244234e-01 -1.00000000e+00  2.15576163e-09 
 6.91830971e+00  1.26477772e-02  2.20257915e-01  1.26477772e-02  2.20257915e-01 -1.00000000e+00  2.20597669e-09 
 7.07945784e+00  1.26512609e-02  2.25388380e-01  1.26512609e-02  2.25388380e-01 -1.00000000e+00  2.25736147e-09 
 7.24435960e+00  1.26549087e-02  2.30638348e-01  1.26549087e-02  2.30638348e-01 -1.00000000e+00  2.30994322e-09 
 7.41310241e+00  1.26587285e-02  2.36010604e-01  1.26587285e-02  2.36010604e-01 -1.00000000e+00  2.36374984e-09 
 7.58577575e+00  1.26627282e-02  2.41507996e-01  1.26627282e-02  2.41507996e-01 -1.00000000e+00  2.41880985e-09 
 7.76247117e+00  1.26669165e-02  2.47133438e-01  1.26669165e-02  2.47133438e-01 -1.00000000e+00  2.47515247e-09 
 7.94328235e+00  1.26713022e-02  2.52889913e-01  1.26713022e-02  2.52889913e-01 -1.00000000e+00  2.53280756e-09 
 8.12830516e+00  1.26758945e-02  2.58780474e-01  1.26758945e-02  2.58780474e-01 -1.00000000e+00  2.59180571e-09 
 8.31763771e+00  1.26807033e-02  2.64808244e-01  1.26807033e-02  2.64808244e-01 -1.00000000e+00  2.65217822e-09 
 8.51138038e+00  1.26857387e-02  2.70976418e-01  1.26857387e-02  2.70976418e-01 -1.00000000e+00  2.71395709e-09 
 8.70963590e+00  1.26910114e-02  2.77288267e-01  1.26910114e-02  2.77288267e-01 -1.00000000e+00  2.77718298e-09 
 8.91250938e+00  1.26965327e-02  2.83747138e-01  1.26965327e-02  2.83747138e-01 -1.00000000e+00  2.84187384e-09 
 9.12010839e+00  1.27023141e-02  2.90356456e-01  1.27023141e-02  2.90356456e-01 -1.00000000e+00  2.90807169e-09 
 9.33254301e+00  1.27083680e-02  2.97119723e-01  1.27083680e-02  2.97119723e-01 -1.00000000e+00  2.97581163e-09 
 9.54992586e+00  1.27147072e-02  3.04040528e-01  1.27147072e-02  3.04040528e-01 -1.00000000e+00  3.04512959e-09 
 9.77237221e+00  1.27213452e-02  3.11122538e-01  1.27213452e-02  3.11122538e-01 -1.00000000e+00  3.11606236e-09 
 1.00000000e+01  1.27282960e-02  3.18369510e-01  1.27282960e-02  3.18369510e-01 -1.00000000e+00  3.18864754e-09 
 1.02329299e+01  1.27355743e-02  3.25785284e-01  1.27355743e-02  3.25785284e-01 -1.00000000e+00  3.26292365e-09 
 1.04712855e+01  1.27431957e-02  3.33373794e-01  1.27431957e-02  3.33373794e-01 -1.00000000e+00  3.33893008e-09 
 1.07151931e+01  1.27511763e-02  3.41139063e-01  1.27511763e-02  3.41139063e-01 -1.00000000e+00  3.41670716e-09 
 1.09647820e+01  1.27595330e-02  3.49085208e-01  1.27595330e-02  3.49085208e-01 -1.00000000e+00  3.49629614e-09 
 1.12201845e+01  1.27682836e-02  3.57216443e-01  1.27682836e-02  3.57216443e-01 -1.00000000e+00  3.57773925e-09 
 1.14815362e+01  1.27774465e-02  3.65537077e-01  1.27774465e-02  3.65537077e-01 -1.00000000e+00  3.66107969e-09 
 1.17489755e+01  1.27870413e-02  3.74051524e-01  1.27870413e-02  3.74051524e-01 -1.00000000e+00  3.74636168e-09 
 1.20226443e+01  1.27970883e-02  3.82764297e-01  1.27970883e-02  3.82764297e-01 -1.00000000e+00  3.83363046e-09 
 1.23026877e+01  1.28076087e-02  3.91680016e-01  1.28076087e-02  3.91680016e-01 -1.00000000e+00  3.92293234e-09 
 1.25892541e+01  1.28186250e-02  4.00803409e-01  1.28186250e-02  4.00803409e-01 -1.00000000e+00  4.01431469e-09 
 1.28824955e+01  1.28301605e-02  4.10139312e-01  1.28301605e-02  4.10139312e-01 -1.00000000e+00  4.10782601e-09 
 1.31825674e+01  1.28422396e-02  4.19692676e-01  1.28422396e-02  4.19692676e-01 -1.00000000e+00  4.20351591e-09 
 1.34896288e+01  1.28548879e-02  4.29468566e-01  1.28548879e-02  4.29468566e-01 -1.00000000e+00  4.30143517e-09 
 1.38038426e+01  1.28681324e-02  4.39472165e-01  1.28681324e-02  4.39472165e-01 -1.00000000e+00  4.40163574e-09 
 1.41253754e+01  1.28820011e-02  4.49708777e-01  1.28820011e-02  4.49708777e-01 -1.00000000e+00  4.50417081e-09 
 1.44543977e+01  1.28965234e-02  4.60183829e-01  1.28965234e-02  4.60183829e-01 -1.00000000e+00  4.60909478e-09 
 1.47910839e+01  1.29117301e-02  4.70902876e-01  1.29117301e-02  4.70902876e-01 -1.00000000e+00  4.71646334e-09 
 1.51356125e+01  1.29276534e-02  4.81871601e-01  1.29276534e-02  4.81871601e-01 -1.00000000e+00  4.82633348e-09 
 1.54881662e+01  1.29443272e-02  4.93095820e-01  1.29443272e-02  4.93095820e-01 -1.00000000e+00  4.93876351e-09 
 1.58489319e+01  1.29617868e-02  5.04581483e-01  1.29617868e-02  5.04581483e-01 -1.00000000e+00  5.05381311e-09 
 1.62181010e+01  1.29800693e-02  5.16334681e-01  1.29800693e-02  5.16334681e-01 -1.00000000e+00  5.17154335e-09 
 1.65958691e+01  1.29992134e-02  5.28361645e-01  1.29992134e-02  5.28361645e-01 -1.00000000e+00  5.29201672e-09 
 1.69824365e+01  1.30192597e-02  5.40668752e-01  1.30192597e-02  5.40668752e-01 -1.00000000e+00  5.41529717e-09 
 1.73780083e+01  1.30402508e-02  5.53262526e-01  1.30402508e-02  5.53262526e-01 -1.00000000e+00  5.54145017e-09 
 1.77827941e+01  1.30622311e-02  5.66149647e-01  1.30622311e-02  5.66149647e-01 -1.00000000e+00  5.67054269e-09 
 1.81970086e+01  1.30852473e-02  5.79336945e-01  1.30852473e-02  5.79336945e-01 -1.00000000e+00  5.80264327e-09 
 1.86208714e+01  1.31093483e-02  5.92831414e-01  1.31093483e-02  5.92831414e-01 -1.00000000e+00  5.93782207e-09 
 1.90546072e+01  1.31345851e-02  6.06640207e-01  1.31345851e-02  6.06640207e-01 -1.00000000e+00  6.07615086e-09 
 1.94984460e+01  1.31610113e-02  6.20770647e-01  1.31610113e-02  6.20770647e-01 -1.00000000e+00  6.21770311e-09 
 1.99526231e+01  1.31886829e-02  6.35230225e-01  1.31886829e-02  6.35230225e-01 -1.00000000e+00  6.36255400e-09 
 2.04173794e+01  1.32176586e-02  6.50026608e-01  1.32176586e-02  6.50026608e-01 -1.00000000e+00  6.51078047e-09 
 2.08929613e+01  1.32479999e-02  6.65167641e-01  1.32479999e-02  6.65167641e-01 -1.00000000e+00  6.66246127e-09 
 2.13796209e+01  1.32797712e-02  6.80661352e-01  1.32797712e-02  6.80661352e-01 -1.00000000e+00  6.81767698e-09 
 2.18776162e+01  1.33130397e-02  6.96515955e-01  1.33130397e-02  6.96515955e-01 -1.00000000e+00  6.97651005e-09 
 2.23872114e+01  1.33478762e-02  7.12739857e-01  1.33478762e-02  7.12739857e-01 -1.00000000e+00  7.13904490e-09 
 2.29086765e+01  1.33843544e-02  7.29341659e-01  1.33843544e-02  7.29341659e-01 -1.00000000e+00  7.30536789e-09 
 2.34422882e+01  1.34225519e-02  7.46330164e-01  1.34225519e-02  7.46330164e-01 -1.00000000e+00  7.47556741e-09 
 2.39883292e+01  1.34625494e-02  7.63714379e-01  1.34625494e-02  7.63714379e-01 -1.00000000e+00  7.64973395e-09 
 2.45470892e+01  1.35044321e-02  7.81503521e-01  1.35044321e-02  7.81503521e-01 -1.00000000e+00  7.82797118e-09 
 2.51188643e+01  1.35482885e-02  7.99707021e-01  1.35482885e-02  7.99707021e-01 -1.00000000e+00  8.01035191e-09 
 2.57039578e+01  1.35942119e-02  8.18334532e-01  1.35942119e-02  8.18334532e-01 -1.00000000e+00  8.19698398e-09 
 2.63026799e+01  1.36422996e-02  8.37395928e-01  1.36422996e-02  8.37395928e-01 -1.00000000e+00  8.38796662e-09 
 2.69153480e+01  1.36926535e-02  8.56901317e-01  1.36926535e-02  8.56901317e-01 -1.00000000e+00  8.58340142e-09 
 2.75422870e+01  1.37453806e-02  8.76861041e-01  1.37453806e-02  8.76861041e-01 -1.00000000e+00  8.78339234e-09 
 2.81838293e+01  1.38005926e-02  8.97285680e-01  1.38005926e-02  8.97285680e-01 -1.00000000e+00  8.98804579e-09 
 2.88403150e+01  1.38584066e-02  9.18186065e-01  1.38584066e-02  9.18186065e-01 -1.00000000e+00  9.19747065e-09 
 2.95120923e+01  1.39189453e-02  9.39573277e-01  1.39189453e-02  9.39573277e-01 -1.00000000e+00  9.41177840e-09 
 3.01995172e+01  1.39823371e-02  9.61458654e-01  1.39823371e-02  9.61458654e-01 -1.00000000e+00  9.63108310e-09 
 3.09029543e+01  1.40487165e-02  9.83853801e-01  1.40487165e-02  9.83853801e-01 -1.00000000e+00  9.85550151e-09 
 3.16227766e+01  1.41182242e-02  1.00677059e+00  1.41182242e-02  1.00677059e+00 -1.00000000e+00  1.00851531e-08 
 3.23593657e+01  1.41910076e-02  1.03022117e+00  1.41910076e-02  1.03022117e+00 -1.00000000e+00  1.03201603e-08 
 3.31131121e+01  1.42672213e-02  1.05421798e+00  1.42672213e-02  1.05421798e+00 -1.00000000e+00  1.05606482e-08 
 3.38844156e+01  1.43470267e-02  1.07877374e+00  1.43470267e-02  1.07877374e+00 -1.00000000e+00  1.08067603e-08 
 3.46736850e+01  1.44305933e-02  1.10390146e+00  1.44305933e-02  1.10390146e+00 -1.00000000e+00  1.10585974e-08 
 3.54813389e+01  1.45180982e-02  1.12961447e+00  1.45180982e-02  1.12961447e+00 -1.00000000e+00  1.13163089e-08 
 3.63078055e+01  1.46097270e-02  1.15592641e+00  1.46097270e-02  1.15592641e+00 -1.00000000e+00  1.15800320e-08 
 3.71535229e+01  1.47056742e-02  1.18285121e+00  1.47056742e-02  1.18285121e+00 -1.00000000e+00  1.18499076e-08 
 3.80189396e+01  1.48061431e-02  1.21040317e+00  1.48061431e-02  1.21040317e+00 -1.00000000e+00  1.21260794e-08 
 3.89045145e+01  1.49113470e-02  1.23859687e+00  1.49113470e-02  1.23859687e+00 -1.00000000e+00  1.24086951e-08 
 3.98107171e+01  1.50215089e-02  1.26744728e+00  1.50215089e-02  1.26744728e+00 -1.00000000e+00  1.26979053e-08 
 4.07380278e+01  1.51368626e-02  1.29696969e+00  1.51368626e-02  1.29696969e+00 -1.00000000e+00  1.29938646e-08 
 4.16869383e+01  1.52576527e-02  1.32717974e+00  1.52576527e-02  1.32717974e+00 -1.00000000e+00  1.32967311e-08 
 4.26579519e+01  1.53841353e-02  1.35809346e+00  1.53841353e-02  1.35809346e+00 -1.00000000e+00  1.36066666e-08 
 4.36515832e+01  1.55165789e-02  1.38972723e+00  1.55165789e-02  1.38972723e+00 -1.00000000e+00  1.39238367e-08 
 4.46683592e+01  1.56552643e-02  1.42209782e+00  1.56552643e-02  1.42209782e+00 -1.00000000e+00  1.42484112e-08 
 4.57088190e+01  1.58004856e-02  1.45522241e+00  1.58004856e-02  1.45522241e+00 -1.00000000e+00  1.45805636e-08 
 4.67735141e+01  1.59525509e-02  1.48911853e+00  1.59525509e-02  1.48911853e+00 -1.00000000e+00  1.49205141e-08 
 4.78630092e+01  1.61117828e-02  1.52380418e+00  1.61117828e-02  1.52380418e+00 -1.00000000e+00  1.52683609e-08 
 4.89778819e+01  1.62785189e-02  1.55929773e+00  1.62785189e-02  1.55929773e+00 -1.00000000e+00  1.56243319e-08 
 5.01187234e+01  1.64531130e-02  1.59561800e+00  1.64531130e-02  1.59561800e+00 -1.00000000e+00  1.59886177e-08 
 5.12861384e+01  1.66359353e-02  1.63278425e+00  1.66359353e-02  1.63278425e+00 -1.00000000e+00  1.63613674e-08 
 5.24807460e+01  1.68273736e-02  1.67081618e+00  1.68273736e-02  1.67081618e+00 -1.00000000e+00  1.67429201e-08 
 5.37031796e+01  1.70278340e-02  1.70973395e+00  1.70278340e-02  1.70973395e+00 -1.00000000e+00  1.71333414e-08 
 5.49540874e+01  1.72377416e-02  1.74955819e+00  1.72377416e-02  1.74955819e+00 -1.00000000e+00  1.75328874e-08 
 5.62341325e+01  1.74575418e-02  1.79031002e+00  1.74575418e-02  1.79031002e+00 -1.00000000e+00  1.79417730e-08 
 5.75439937e+01  1.76877006e-02  1.83201104e+00  1.76877006e-02  1.83201104e+00 -1.00000000e+00  1.83602439e-08 
 5.88843655e+01  1.79287063e-02  1.87468335e+00  1.79287063e-02  1.87468335e+00 -1.00000000e+00  1.87884739e-08 
 6.02559586e+01  1.81810700e-02  1.91834957e+00  1.81810700e-02  1.91834957e+00 -1.00000000e+00  1.92267191e-08 
 6.16595002e+01  1.84453270e-02  1.96303286e+00  1.84453270e-02  1.96303286e+00 -1.00000000e+00  1.96752436e-08 
 6.30957344e+01  1.87220378e-02  2.00875690e+00  1.87220378e-02  2.00875690e+00 -1.00000000e+00  2.01342340e-08 
 6.45654229e+01  1.90117892e-02  2.05554592e+00  1.90117892e-02  2.05554592e+00 -1.00000001e+00  2.06039654e-08 
 6.60693448e+01  1.93151960e-02  2.10342473e+00  1.93151960e-02  2.10342473e+00 -1.00000001e+00  2.10847214e-08 
 6.76082975e+01  1.96329015e-02  2.15241871e+00  1.96329015e-02  2.15241871e+00 -1.00000001e+00  2.15767028e-08 
 6.91830971e+01  1.99655796e-02  2.20255384e+00  1.99655796e-02  2.20255384e+00 -1.00000001e+00  2.20802052e-08 
 7.07945784e+01  2.03139359e-02  2.25385667e+00  2.03139359e-02  2.25385667e+00 -1.00000001e+00  2.25955011e-08 
 7.24435960e+01  2.06787093e-02  2.30635442e+00  2.06787093e-02  2.30635442e+00 -1.00000001e+00  2.31228700e-08 
 7.41310241e+01  2.10606735e-02  2.36007490e+00  2.10606735e-02  2.36007490e+00 -1.00000001e+00  2.36626318e-08 
 7.58577575e+01  2.14606385e-02  2.41504659e+00  2.14606385e-02  2.41504659e+00 -1.00000001e+00  2.42150132e-08 
 7.76247117e+01  2.18794527e-02  2.47129862e+00  2.18794527e-02  2.47129862e+00 -1.00000001e+00  2.47804180e-08 
 7.94328235e+01  2.23180044e-02  2.52886082e+00  2.23180044e-02  2.52886082e+00 -1.00000001e+00  2.53590150e-08 
 8.12830516e+01  2.27772236e-02  2.58776369e+00  2.27772236e-02  2.58776369e+00 -1.00000001e+00  2.59512252e-08 
 8.31763771e+01  2.32580844e-02  2.64803845e+00  2.32580844e-02  2.64803845e+00 -1.00000001e+00  2.65573370e-08 
 8.51138038e+01  2.37616066e-02  2.70971705e+00  2.37616066e-02  2.70971705e+00 -1.00000001e+00  2.71776431e-08 
 8.70963590e+01  2.42888581e-02  2.77283217e+00  2.42888581e-02  2.77283217e+00 -1.00000001e+00  2.78125595e-08 
 8.91250938e+01  2.48409572e-02  2.83741727e+00  2.48409572e-02  2.83741727e+00 -1.00000001e+00  2.84623563e-08 
 9.12010839e+01  2.54190747e-02  2.90350657e+00  2.54190747e-02  2.90350657e+00 -1.00000001e+00  2.91274290e-08 
 9.33254301e+01  2.60244368e-02  2.97113510e+00  2.60244368e-02  2.97113510e+00 -1.00000001e+00  2.98082277e-08 
 9.54992586e+01  2.66583274e-02  3.04033870e+00  2.66583274e-02  3.04033870e+00 -1.00000001e+00  3.05050039e-08 
 9.77237221e+01  2.73220909e-02  3.11115405e+00  2.73220909e-02  3.11115405e+00 -1.00000001e+00  3.12181835e-08 
 1.00000000e+02  2.80171349e-02  3.18361866e+00  2.80171349e-02  3.18361866e+00 -1.00000001e+00  3.19481157e-08 
 1.02329299e+02  2.87449335e-02  3.25777094e+00  2.87449335e-02  3.25777094e+00 -1.00000001e+00  3.26953407e-08 
 1.04712855e+02  2.95070302e-02  3.33365019e+00  2.95070302e-02  3.33365019e+00 -1.00000001e+00  3.34600902e-08 
 1.07151931e+02  3.03050413e-02  3.41129660e+00  3.03050413e-02  3.41129660e+00 -1.00000001e+00  3.42428803e-08 
 1.09647820e+02  3.11406590e-02  3.49075132e+00  3.11406590e-02  3.49075132e+00 -1.00000002e+00  3.50441473e-08 
 1.12201845e+02  3.20156556e-02  3.57205646e+00  3.20156556e-02  3.57205646e+00 -1.00000002e+00  3.58644407e-08 
 1.14815362e+02  3.29318867e-02  3.65525508e+00  3.29318867e-02  3.65525508e+00 -1.00000002e+00  3.67041231e-08 
 1.17489755e+02  3.38912953e-02  3.74039128e+00  3.38912953e-02  3.74039128e+00 -1.00000002e+00  3.75636130e-08 
 1.20226443e+02  3.48959159e-02  3.82751015e+00  3.48959159e-02  3.82751015e+00 -1.00000002e+00  3.84433907e-08 
 1.23026877e+02  3.59478791e-02  3.91665784e+00  3.59478791e-02  3.91665784e+00 -1.00000002e+00  3.93441164e-08 
 1.25892541e+02  3.70494156e-02  4.00788159e+00  3.70494156e-02  4.00788159e+00 -1.00000002e+00  4.02661937e-08 
 1.28824955e+02  3.82028615e-02  4.10122971e+00  3.82028615e-02  4.10122971e+00 -1.00000002e+00  4.12101465e-08 
 1.31825674e+02  3.94106625e-02  4.19675167e+00  3.94106625e-02  4.19675167e+00 -1.00000002e+00  4.21763933e-08 
 1.34896288e+02  4.06753800e-02  4.29449804e+00  4.06753800e-02  4.29449804e+00 -1.00000002e+00  4.31657223e-08 
 1.38038426e+02  4.19996959e-02  4.39452061e+00  4.19996959e-02  4.39452061e+00 -1.00000002e+00  4.41785843e-08 
 1.41253754e+02  4.33864182e-02  4.49687236e+00  4.33864182e-02  4.49687236e+00 -1.00000003e+00  4.52154984e-08 
 1.44543977e+02  4.48384876e-02  4.60160748e+00  4.48384876e-02  4.60160748e+00 -1.00000003e+00  4.62770592e-08 
 1.47910839e+02  4.63589830e-02  4.70878144e+00  4.63589830e-02  4.70878144e+00 -1.00000003e+00  4.73640783e-08 
 1.51356125e+02  4.79511285e-02  4.81845101e+00  4.79511285e-02  4.81845101e+00 -1.00000003e+00  4.84771293e-08 
 1.54881662e+02  4.96183001e-02  4.93067424e+00  4.96183001e-02  4.93067424e+00 -1.00000003e+00  4.96166574e-08 
 1.58489319e+02  5.13640326e-02  5.04551057e+00  5.13640326e-02  5.04551057e+00 -1.00000003e+00  5.07836087e-08 
 1.62181010e+02  5.31920275e-02  5.16302079e+00  5.31920275e-02  5.16302079e+00 -1.00000003e+00  5.19784612e-08 
 1.65958691e+02  5.51061607e-02  5.28326711e+00  5.51061607e-02  5.28326711e+00 -1.00000004e+00  5.32020679e-08 
 1.69824365e+02  5.71104905e-02  5.40631319e+00  5.71104905e-02  5.40631319e+00 -1.00000004e+00  5.44550091e-08 
 1.73780083e+02  5.92092665e-02  5.53222417e+00  5.92092665e-02  5.53222417e+00 -1.00000004e+00  5.57380290e-08 
 1.77827941e+02  6.14069382e-02  5.66106669e+00  6.14069382e-02  5.66106669e+00 -1.00000004e+00  5.70522160e-08 
 1.81970086e+02  6.37081650e-02  5.79290895e+00  6.37081650e-02  5.79290895e+00 -1.00000004e+00  5.83979698e-08 
 1.86208714e+02  6.61178255e-02  5.92782070e+00  6.61178255e-02  5.92782070e+00 -1.00000004e+00  5.97764348e-08 
 1.90546072e+02  6.86410281e-02  6.06587335e+00  6.86410281e-02  6.06587335e+00 -1.00000005e+00  6.11882076e-08 
 1.94984460e+02  7.12831217e-02  6.20713994e+00  7.12831217e-02  6.20713994e+00 -1.00000005e+00  6.26343278e-08 
 1.99526231e+02  7.40497073e-02  6.35169521e+00  7.40497073e-02  6.35169521e+00 -1.00000005e+00  6.41152464e-08 
 2.04173794e+02  7.69466495e-02  6.49961563e+00  7.69466495e-02  6.49961563e+00 -1.00000005e+00  6.56326934e-08 
 2.08929613e+02  7.99800890e-02  6.65097945e+00  7.99800890e-02  6.65097945e+00 -1.00000006e+00  6.71870865e-08 
 2.13796209e+02  8.31564558e-02  6.80586672e+00  8.31564558e-02  6.80586672e+00 -1.00000006e+00  6.87794993e-08 
 2.18776162e+02  8.64824824e-02  6.96435935e+00  8.64824824e-02  6.96435935e+00 -1.00000006e+00  7.04108475e-08 
 2.23872114e+02  8.99652186e-02  7.12654115e+00  8.99652186e-02  7.12654115e+00 -1.00000006e+00  7.20823746e-08 
 2.29086765e+02  9.36120457e-02  7.29249786e+00  9.36120457e-02  7.29249786e+00 -1.00000007e+00  7.37951693e-08 
 2.34422882e+02  9.74306930e-02  7.46231721e+00  9.74306930e-02  7.46231721e+00 -1.00000007e+00  7.55501446e-08 
 2.39883292e+02  1.01429253e-01  7.63608897e+00  1.01429253e-01  7.63608897e+00 -1.00000007e+00  7.73484483e-08 
 2.45470892e+02  1.05616200e-01  7.81390496e+00  1.05616200e-01  7.81390496e+00 -1.00000008e+00  7.91918224e-08 
 2.51188643e+02  1.10000406e-01  7.99585915e+00  1.10000406e-01  7.99585915e+00 -1.00000008e+00  8.10807373e-08 
 2.57039578e+02  1.14591162e-01  8.18204766e+00  1.14591162e-01  8.18204766e+00 -1.00000008e+00  8.30171452e-08 
 2.63026799e+02  1.19398194e-01  8.37256884e+00  1.19398194e-01  8.37256884e+00 -1.00000009e+00  8.50016790e-08 
 2.69153480e+02  1.24431690e-01  8.56752332e+00  1.24431690e-01  8.56752332e+00 -1.00000009e+00  8.70364143e-08 
 2.75422870e+02  1.29702312e-01  8.76701402e+00  1.29702312e-01  8.76701402e+00 -1.00000010e+00  8.91220475e-08 
 2.81838293e+02  1.35221227e-01  8.97114628e+00  1.35221227e-01  8.97114628e+00 -1.00000010e+00  9.12607877e-08 
 2.88403150e+02  1.41000127e-01  9.18002783e+00  1.41000127e-01  9.18002783e+00 -1.00000011e+00  9.34537942e-08 
 2.95120923e+02  1.47051254e-01  9.39376890e+00  1.47051254e-01  9.39376890e+00 -1.00000011e+00  9.57027814e-08 
 3.01995172e+02  1.53387426e-01  9.61248227e+00  1.53387426e-01  9.61248227e+00 -1.00000012e+00  9.80091260e-08 
 3.09029543e+02  1.60022063e-01  9.83628328e+00  1.60022063e-01  9.83628328e+00 -1.00000012e+00  1.00374801e-07 
 3.16227766e+02  1.66969216e-01  1.00652900e+01  1.66969216e-01  1.00652900e+01 -1.00000013e+00  1.02801585e-07 
 3.23593657e+02  1.74243600e-01  1.02996231e+01  1.74243600e-01  1.02996231e+01 -1.00000013e+00  1.05290887e-07 
 3.31131121e+02  1.81860618e-01  1.05394061e+01  1.81860618e-01  1.05394061e+01 -1.00000014e+00  1.07845045e-07 
 3.38844156e+02  1.89836399e-01  1.07847653e+01  1.89836399e-01  1.07847653e+01 -1.00000015e+00  1.10466365e-07 
 3.46736850e+02  1.98187831e-01  1.10358301e+01  1.98187831e-01  1.10358301e+01 -1.00000015e+00  1.13156160e-07 
 3.54813389e+02  2.06932594e-01  1.12927326e+01  2.06932594e-01  1.12927326e+01 -1.00000016e+00  1.15917205e-07 
 3.63078055e+02  2.16089202e-01  1.15556080e+01  2.16089202e-01  1.15556080e+01 -1.00000017e+00  1.18751271e-07 
 3.71535229e+02  2.25677036e-01  1.18245947e+01  2.25677036e-01  1.18245947e+01 -1.00000018e+00  1.21661019e-07 
 3.80189396e+02  2.35716390e-01  1.20998342e+01  2.35716390e-01  1.20998342e+01 -1.00000019e+00  1.24648725e-07 
 3.89045145e+02  2.46228510e-01  1.23814712e+01  2.46228510e-01  1.23814712e+01 -1.00000019e+00  1.27717458e-07 
 3.98107171e+02  2.57235642e-01  1.26696538e+01  2.57235642e-01  1.26696538e+01 -1.00000020e+00  1.30869007e-07 
 4.07380278e+02  2.68761075e-01  1.29645334e+01  2.68761075e-01  1.29645334e+01 -1.00000021e+00  1.34106670e-07 
 4.16869383e+02  2.80829192e-01  1.32662649e+01  2.80829192e-01  1.32662649e+01 -1.00000022e+00  1.37433354e-07 
 4.26579519e+02  2.93465524e-01  1.35750066e+01  2.93465524e-01  1.35750066e+01 -1.00000023e+00  1.40852096e-07 
 4.36515832e+02  3.06696797e-01  1.38909207e+01  3.06696797e-01  1.38909207e+01 -1.00000024e+00  1.44365680e-07 
 4.46683592e+02  3.20550993e-01  1.42141726e+01  3.20550993e-01  1.42141726e+01 -1.00000026e+00  1.47978413e-07 
 4.57088190e+02  3.35057408e-01  1.45449321e+01  3.35057408e-01  1.45449321e+01 -1.00000027e+00  1.51692371e-07 
 4.67735141e+02  3.50246712e-01  1.48833722e+01  3.50246712e-01  1.48833722e+01 -1.00000028e+00  1.55512622e-07 
 4.78630092e+02  3.66151014e-01  1.52296703e+01  3.66151014e-01  1.52296703e+01 -1.00000029e+00  1.59442383e-07 
 4.89778819e+02  3.82803930e-01  1.55840076e+01  3.82803930e-01  1.55840076e+01 -1.00000031e+00  1.63485216e-07 
 5.01187234e+02  4.00240652e-01  1.59465693e+01  4.00240652e-01  1.59465693e+01 -1.00000032e+00  1.67645748e-07 
 5.12861384e+02  4.18498020e-01  1.63175451e+01  4.18498020e-01  1.63175451e+01 -1.00000034e+00  1.71928622e-07 
 5.24807460e+02  4.37614605e-01  1.66971285e+01  4.37614605e-01  1.66971285e+01 -1.00000035e+00  1.76337775e-07 
 5.37031796e+02  4.57630783e-01  1.70855179e+01  4.57630783e-01  1.70855179e+01 -1.00000037e+00  1.80878528e-07 
 5.49540874e+02  4.78588821e-01  1.74829157e+01  4.78588821e-01  1.74829157e+01 -1.00000039e+00  1.85556744e-07 
 5.62341325e+02  5.00532969e-01  1.78895290e+01  5.00532969e-01  1.78895290e+01 -1.00000041e+00  1.90376330e-07 
 5.75439937e+02  5.23509544e-01  1.83055696e+01  5.23509544e-01  1.83055696e+01 -1.00000042e+00  1.95344459e-07 
 5.88843655e+02  5.47567037e-01  1.87312539e+01  5.47567037e-01  1.87312539e+01 -1.00000044e+00  2.00466350e-07 
 6.02559586e+02  5.72756203e-01  1.91668032e+01  5.72756203e-01  1.91668032e+01 -1.00000047e+00  2.05747739e-07 
 6.16595002e+02  5.99130176e-01  1.96124437e+01  5.99130176e-01  1.96124437e+01 -1.00000049e+00  2.11196602e-07 
 6.30957344e+02  6.26744572e-01  2.00684066e+01  6.26744572e-01  2.00684066e+01 -1.00000051e+00  2.16819121e-07 
 6.45654229e+02  6.55657609e-01  2.05349282e+01  6.55657609e-01  2.05349282e+01 -1.00000053e+00  2.22622073e-07 
 6.60693448e+02  6.85930223e-01  2.10122500e+01  6.85930223e-01  2.10122500e+01 -1.00000056e+00  2.28614383e-07 
 6.76082975e+02  7.17626201e-01  2.15006188e+01  7.17626201e-01  2.15006188e+01 -1.00000059e+00  2.34803988e-07 
 6.91830971e+02  7.50812303e-01  2.20002870e+01  7.50812303e-01  2.20002870e+01 -1.00000061e+00  2.41199575e-07 
 7.07945784e+02  7.85558412e-01  2.25115122e+01  7.85558412e-01  2.25115122e+01 -1.00000064e+00  2.47810321e-07 
 7.24435960e+02  8.21937665e-01  2.30345579e+01  8.21937665e-01  2.30345579e+01 -1.00000067e+00  2.54645600e-07 
 7.41310241e+02  8.60026614e-01  2.35696932e+01  8.60026614e-01  2.35696932e+01 -1.00000070e+00  2.61716320e-07 
 7.58577575e+02  8.99905379e-01  2.41171929e+01  8.99905379e-01  2.41171929e+01 -1.00000074e+00  2.69033016e-07 
 7.76247117e+02  9.41657811e-01  2.46773380e+01  9.41657811e-01  2.46773380e+01 -1.00000077e+00  2.76606477e-07 
 7.94328235e+02  9.85371666e-01  2.52504153e+01  9.85371666e-01  2.52504153e+01 -1.00000081e+00  2.84450971e-07 
 8.12830516e+02  1.03113879e+00  2.58367180e+01  1.03113879e+00  2.58367180e+01 -1.00000085e+00  2.92577278e-07 
 8.31763771e+02  1.07905529e+00  2.64365451e+01  1.07905529e+00  2.64365451e+01 -1.00000089e+00  3.01000131e-07 
 8.51138038e+02  1.12922174e+00  2.70502025e+01  1.12922174e+00  2.70502025e+01 -1.00000093e+00  3.09733641e-07 
 8.70963590e+02  1.18174341e+00  2.76780022e+01  1.18174341e+00  2.76780022e+01 -1.00000097e+00  3.18793548e-07 
 8.91250938e+02  1.23673043e+00  2.83202628e+01  1.23673043e+00  2.83202628e+01 -1.00000102e+00  3.28196560e-07 
 9.12010839e+02  1.29429806e+00  2.89773096e+01  1.29429806e+00  2.89773096e+01 -1.00000107e+00  3.37959181e-07 
 9.33254301e+02  1.35456687e+00  2.96494747e+01  1.35456687e+00  2.96494747e+01 -1.00000112e+00  3.48100587e-07 
 9.54992586e+02  1.41766307e+00  3.03370969e+01  1.41766307e+00  3.03370969e+01 -1.00000117e+00  3.58639870e-07 
 9.77237221e+02  1.48371866e+00  3.10405223e+01  1.48371866e+00  3.10405223e+01 -1.00000122e+00  3.69597733e-07 
 1.00000000e+03  1.55287177e+00  3.17601037e+01  1.55287177e+00  3.17601037e+01 -1.00000128e+00  3.80996622e-07 
 1.02329299e+03  1.62526692e+00  3.24962011e+01  1.62526692e+00  3.24962011e+01 -1.00000134e+00  3.92859938e-07 
 1.04712855e+03  1.70105529e+00  3.32491819e+01  1.70105529e+00  3.32491819e+01 -1.00000140e+00  4.05212082e-07 
 1.07151931e+03  1.78039503e+00  3.40194209e+01  1.78039503e+00  3.40194209e+01 -1.00000147e+00  4.18080914e-07 
 1.09647820e+03  1.86345159e+00  3.48072999e+01  1.86345159e+00  3.48072999e+01 -1.00000154e+00  4.31492147e-07 
 1.12201845e+03  1.95039802e+00  3.56132085e+01  1.95039802e+00  3.56132085e+01 -1.00000161e+00  4.45479131e-07 
 1.14815362e+03  2.04141536e+00  3.64375440e+01  2.04141536e+00  3.64375440e+01 -1.00000169e+00  4.60071756e-07 
 1.17489755e+03  2.13669292e+00  3.72807110e+01  2.13669292e+00  3.72807110e+01 -1.00000177e+00  4.75303885e-07 
 1.20226443e+03  2.23642874e+00  3.81431220e+01  2.23642874e+00  3.81431220e+01 -1.00000185e+00  4.91213186e-07 
 1.23026877e+03  2.34082990e+00  3.90251972e+01  2.34082990e+00  3.90251972e+01 -1.00000194e+00  5.07835923e-07 
 1.25892541e+03  2.45011297e+00  3.99273647e+01  2.45011297e+00  3.99273647e+01 -1.00000203e+00  5.25215754e-07 
 1.28824955e+03  2.56450442e+00  4.08500604e+01  2.56450442e+00  4.08500604e+01 -1.00000212e+00  5.43395184e-07 
 1.31825674e+03  2.68424104e+00  4.17937280e+01  2.68424104e+00  4.17937280e+01 -1.00000222e+00  5.62420050e-07 
 1.34896288e+03  2.80957042e+00  4.27588193e+01  2.80957042e+00  4.27588193e+01 -1.00000233e+00  5.82340986e-07 
 1.38038426e+03  2.94075141e+00  4.37457939e+01  2.94075141e+00  4.37457939e+01 -1.00000244e+00  6.03210732e-07 
 1.41253754e+03  3.07805462e+00  4.47551194e+01  3.07805462e+00  4.47551194e+01 -1.00000255e+00  6.25086757e-07 
 1.44543977e+03  3.22176291e+00  4.57872713e+01  3.22176291e+00  4.57872713e+01 -1.00000267e+00  6.48027092e-07 
 1.47910839e+03  3.37217195e+00  4.68427331e+01  3.37217195e+00  4.68427331e+01 -1.00000280e+00  6.72096861e-07 
 1.51356125e+03  3.52959077e+00  4.79219961e+01  3.52959077e+00  4.79219961e+01 -1.00000293e+00  6.97363484e-07 
 1.54881662e+03  3.69434232e+00  4.90255594e+01  3.69434232e+00  4.90255594e+01 -1.00000306e+00  7.23902301e-07 
 1.58489319e+03  3.86676405e+00  5.01539300e+01  3.86676405e+00  5.01539300e+01 -1.00000321e+00  7.51789438e-07 
 1.62181010e+03  4.04720860e+00  5.13076224e+01  4.04720860e+00  5.13076224e+01 -1.00000336e+00  7.81106760e-07 
 1.65958691e+03  4.23604435e+00  5.24871588e+01  4.23604435e+00  5.24871588e+01 -1.00000352e+00  8.11944533e-07 
 1.69824365e+03  4.43365614e+00  5.36930688e+01  4.43365614e+00  5.36930688e+01 -1.00000368e+00  8.44396031e-07 
 1.73780083e+03  4.64044597e+00  5.49258893e+01  4.64044597e+00  5.49258893e+01 -1.00000385e+00  8.78562275e-07 
 1.77827941e+03  4.85683367e+00  5.61861642e+01  4.85683367e+00  5.61861642e+01 -1.00000403e+00  9.14550237e-07 
 1.81970086e+03  5.08325766e+00  5.74744446e+01  5.08325766e+00  5.74744446e+01 -1.00000422e+00  9.52476474e-07 
 1.86208714e+03  5.32017572e+00  5.87912879e+01  5.32017572e+00  5.87912879e+01 -1.00000442e+00  9.92460363e-07 
 1.90546072e+03  5.56806579e+00  6.01372582e+01  5.56806579e+00  6.01372582e+01 -1.00000462e+00  1.03463432e-06 
 1.94984460e+03  5.82742673e+00  6.15129256e+01  5.82742673e+00  6.15129256e+01 -1.00000484e+00  1.07913616e-06 
 1.99526231e+03  6.09877924e+00  6.29188661e+01  6.09877924e+00  6.29188661e+01 -1.00000507e+00  1.12611557e-06 
 2.04173794e+03  6.38266666e+00  6.43556609e+01  6.38266666e+00  6.43556609e+01 -1.00000530e+00  1.17573137e-06 
 2.08929613e+03  6.67965591e+00  6.58238964e+01  6.67965591e+00  6.58238964e+01 -1.00000555e+00  1.22815021e-06 
 2.13796209e+03  6.99033837e+00  6.73241636e+01  6.99033837e+00  6.73241636e+01 -1.00000581e+00  1.28355651e-06 
 2.18776162e+03  7.31533085e+00  6.88570572e+01  7.31533085e+00  6.88570572e+01 -1.00000608e+00  1.34213834e-06 
 2.23872114e+03  7.65527657e+00  7.04231758e+01  7.65527657e+00  7.04231758e+01 -1.00000636e+00  1.40410520e-06 
 2.29086765e+03  8.01084612e+00  7.20231206e+01  8.01084612e+00  7.20231206e+01 -1.00000666e+00  1.46967458e-06 
 2.34422882e+03  8.38273850e+00  7.36574952e+01  8.38273850e+00  7.36574952e+01 -1.00000697e+00  1.53908054e-06 
 2.39883292e+03  8.77168217e+00  7.53269045e+01  8.77168217e+00  7.53269045e+01 -1.00000729e+00  1.61257169e-06 
 2.45470892e+03  9.17843611e+00  7.70319541e+01  9.17843611e+00  7.70319541e+01 -1.00000763e+00  1.69041537e-06 
 2.51188643e+03  9.60379088e+00  7.87732498e+01  9.60379088e+00  7.87732498e+01 -1.00000799e+00  1.77289563e-06 
 2.57039578e+03  1.00485698e+01  8.05513958e+01  1.00485698e+01  8.05513958e+01 -1.00000836e+00  1.86031773e-06 
 2.63026799e+03  1.05136299e+01  8.23669944e+01  1.05136299e+01  8.23669944e+01 -1.00000874e+00  1.95300021e-06 
 2.69153480e+03  1.09998633e+01  8.42206449e+01  1.09998633e+01  8.42206449e+01 -1.00000915e+00  2.05129102e-06 
 2.75422870e+03  1.15081982e+01  8.61129419e+01  1.15081982e+01  8.61129419e+01 -1.00000957e+00  2.15555755e-06 
 2.81838293e+03  1.20396001e+01  8.80444746e+01  1.20396001e+01  8.80444746e+01 -1.00001001e+00  2.26619022e-06 
 2.88403150e+03  1.25950729e+01  9.00158249e+01  1.25950729e+01  9.00158249e+01 -1.00001048e+00  2.38360901e-06 
 2.95120923e+03  1.31756601e+01  9.20275665e+01  1.31756601e+01  9.20275665e+01 -1.00001096e+00  2.50825898e-06 
 3.01995172e+03  1.37824462e+01  9.40802629e+01  1.37824462e+01  9.40802629e+01 -1.00001147e+00  2.64061442e-06 
 3.09029543e+03  1.44165573e+01  9.61744659e+01  1.44165573e+01  9.61744659e+01 -1.00001199e+00  2.78118200e-06 
 3.16227766e+03  1.50791630e+01  9.83107136e+01  1.50791630e+01  9.83107136e+01 -1.00001255e+00  2.93049737e-06 
 3.23593657e+03  1.57714770e+01  1.00489529e+02  1.57714770e+01  1.00489529e+02 -1.00001312e+00  3.08914238e-06 
 3.31131121e+03  1.64947582e+01  1.02711416e+02  1.64947582e+01  1.02711416e+02 -1.00001373e+00  3.25772374e-06 
 3.38844156e+03  1.72503122e+01  1.04976862e+02  1.72503122e+01  1.04976862e+02 -1.00001435e+00  3.43689472e-06 
 3.46736850e+03  1.80394922e+01  1.07286329e+02  1.80394922e+01  1.07286329e+02 -1.00001501e+00  3.62734623e-06 
 3.54813389e+03  1.88636995e+01  1.09640256e+02  1.88636995e+01  1.09640256e+02 -1.00001570e+00  3.82982285e-06 
 3.63078055e+03  1.97243854e+01  1.12039055e+02  1.97243854e+01  1.12039055e+02 -1.00001642e+00  4.04510582e-06 
 3.71535229e+03  2.06230512e+01  1.14483106e+02  2.06230512e+01  1.14483106e+02 -1.00001717e+00  4.27403092e-06 
 3.80189396e+03  2.15612496e+01  1.16972760e+02  2.15612496e+01  1.16972760e+02 -1.00001795e+00  4.51749530e-06 
 3.89045145e+03  2.25405850e+01  1.19508327e+02  2.25405850e+01  1.19508327e+02 -1.00001876e+00  4.77643422e-06 
 3.98107171e+03  2.35627145e+01  1.22090082e+02  2.35627145e+01  1.22090082e+02 -1.00001961e+00  5.05185883e-06 
 4.07380278e+03  2.46293481e+01  1.24718255e+02  2.46293481e+01  1.24718255e+02 -1.00002050e+00  5.34484006e-06 
 4.16869383e+03  2.57422493e+01  1.27393030e+02  2.57422493e+01  1.27393030e+02 -1.00002143e+00  5.65651002e-06 
 4.26579519e+03  2.69032353e+01  1.30114540e+02  2.69032353e+01  1.30114540e+02 -1.00002240e+00  5.98807435e-06 
 4.36515832e+03  2.81141770e+01  1.32882864e+02  2.81141770e+01  1.32882864e+02 -1.00002341e+00  6.34081084e-06 
 4.46683592e+03  2.93769987e+01  1.35698025e+02  2.93769987e+01  1.35698025e+02 -1.00002446e+00  6.71608285e-06 
 4.57088190e+03  3.06936782e+01  1.38559979e+02  3.06936782e+01  1.38559979e+02 -1.00002556e+00  7.11532460e-06 
 4.67735141e+03  3.20662462e+01  1.41468618e+02  3.20662462e+01  1.41468618e+02 -1.00002670e+00  7.54007242e-06 
 4.78630092e+03  3.34967850e+01  1.44423760e+02  3.34967850e+01  1.44423760e+02 -1.00002790e+00  7.99193805e-06 
 4.89778819e+03  3.49874283e+01  1.47425147e+02  3.49874283e+01  1.47425147e+02 -1.00002914e+00  8.47264091e-06 
 5.01187234e+03  3.65403590e+01  1.50472438e+02  3.65403590e+01  1.50472438e+02 -1.00003043e+00  8.98399489e-06 
 5.12861384e+03  3.81578083e+01  1.53565207e+02  3.81578083e+01  1.53565207e+02 -1.00003178e+00  9.52791916e-06 
 5.24807460e+03  3.98420532e+01  1.56702933e+02  3.98420532e+01  1.56702933e+02 -1.00003319e+00  1.01064521e-05 
 5.37031796e+03  4.15954145e+01  1.59884997e+02  4.15954145e+01  1.59884997e+02 -1.00003465e+00  1.07217459e-05 
 5.49540874e+03  4.34202537e+01  1.63110678e+02  4.34202537e+01  1.63110678e+02 -1.00003617e+00  1.13760626e-05 
 5.62341325e+03  4.53189701e+01  1.66379144e+02  4.53189701e+01  1.66379144e+02 -1.00003776e+00  1.20718038e-05 
 5.75439937e+03  4.72939971e+01  1.69689450e+02  4.72939971e+01  1.69689450e+02 -1.00003941e+00  1.28114985e-05 
 5.88843655e+03  4.93477982e+01  1.73040528e+02  4.93477982e+01  1.73040528e+02 -1.00004112e+00  1.35978203e-05 
 6.02559586e+03  5.14828621e+01  1.76431183e+02  5.14828621e+01  1.76431183e+02 -1.00004290e+00  1.44335686e-05 
 6.16595002e+03  5.37016980e+01  1.79860090e+02  5.37016980e+01  1.79860090e+02 -1.00004476e+00  1.53217131e-05 
 6.30957344e+03  5.60068296e+01  1.83325783e+02  5.60068296e+01  1.83325783e+02 -1.00004668e+00  1.62653676e-05 
 6.45654229e+03  5.84007889e+01  1.86826652e+02  5.84007889e+01  1.86826652e+02 -1.00004868e+00  1.72678078e-05 
 6.60693448e+03  6.08861094e+01  1.90360940e+02  6.08861094e+01  1.90360940e+02 -1.00005076e+00  1.83324741e-05 
 6.76082975e+03  6.34653186e+01  1.93926733e+02  6.34653186e+01  1.93926733e+02 -1.00005291e+00  1.94629739e-05 
 6.91830971e+03  6.61409297e+01  1.97521957e+02  6.61409297e+01  1.97521957e+02 -1.00005515e+00  2.06630974e-05 
 7.07945784e+03  6.89154332e+01  2.01144373e+02  6.89154332e+01  2.01144373e+02 -1.00005747e+00  2.19368121e-05 
 7.24435960e+03  7.17912868e+01  2.04791575e+02  7.17912868e+01  2.04791575e+02 -1.00005987e+00  2.32882638e-05 
 7.41310241e+03  7.47709062e+01  2.08460981e+02  7.47709062e+01  2.08460981e+02 -1.00006237e+00  2.47218128e-05 
 7.58577575e+03  7.78566534e+01  2.12149832e+02  7.78566534e+01  2.12149832e+02 -1.00006495e+00  2.62419828e-05 
 7.76247117e+03  8.10508259e+01  2.15855192e+02  8.10508259e+01  2.15855192e+02 -1.00006762e+00  2.78535076e-05 
 7.94328235e+03  8.43556444e+01  2.19573942e+02  8.43556444e+01  2.19573942e+02 -1.00007039e+00  2.95613196e-05 
 8.12830516e+03  8.77732400e+01  2.23302777e+02  8.77732400e+01  2.23302777e+02 -1.00007325e+00  3.13705553e-05 
 8.31763771e+03  9.13056412e+01  2.27038211e+02  9.13056412e+01  2.27038211e+02 -1.00007621e+00  3.32865637e-05 
 8.51138038e+03  9.49547598e+01  2.30776572e+02  9.49547598e+01  2.30776572e+02 -1.00007927e+00  3.53148816e-05 
 8.70963590e+03  9.87223769e+01  2.34514006e+02  9.87223769e+01  2.34514006e+02 -1.00008243e+00  3.74612593e-05 
 8.91250938e+03  1.02610128e+02  2.38246477e+02  1.02610128e+02  2.38246477e+02 -1.00008569e+00  3.97316610e-05 
 9.12010839e+03  1.06619487e+02  2.41969774e+02  1.06619487e+02  2.41969774e+02 -1.00008906e+00  4.21322463e-05 
 9.33254301e+03  1.10751752e+02  2.45679510e+02  1.10751752e+02  2.45679510e+02 -1.00009253e+00  4.46693680e-05 
 9.54992586e+03  1.15008031e+02  2.49371135e+02  1.15008031e+02  2.49371135e+02 -1.00009611e+00  4.73495993e-05 
 9.77237221e+03  1.19389223e+02  2.53039935e+02  1.19389223e+02  2.53039935e+02 -1.00009980e+00  5.01796962e-05 
 1.00000000e+04  1.23896004e+02  2.56681050e+02  1.23896004e+02  2.56681050e+02 -1.00010359e+00  5.31666119e-05 
 1.02329299e+04  1.28528812e+02  2.60289475e+02  1.28528812e+02  2.60289475e+02 -1.00010750e+00  5.63174627e-05 
 1.04712855e+04  1.33287831e+02  2.63860077e+02  1.33287831e+02  2.63860077e+02 -1.00011151e+00  5.96395552e-05 
 1.07151931e+04  1.38172977e+02  2.67387610e+02  1.38172977e+02  2.67387610e+02 -1.00011563e+00  6.31403757e-05 
 1.09647820e+04  1.43183884e+02  2.70866724e+02  1.43183884e+02  2.70866724e+02 -1.00011986e+00  6.68275502e-05 
 1.12201845e+04  1.48319890e+02  2.74291985e+02  1.48319890e+02  2.74291985e+02 -1.00012421e+00  7.07088474e-05 
 1.14815362e+04  1.53580025e+02  2.77657892e+02  1.53580025e+02  2.77657892e+02 -1.00012866e+00  7.47921947e-05 
 1.17489755e+04  1.58963000e+02  2.80958896e+02  1.58963000e+02  2.80958896e+02 -1.00013322e+00  7.90856137e-05 
 1.20226443e+04  1.64467198e+02  2.84189422e+02  1.64467198e+02  2.84189422e+02 -1.00013790e+00  8.35972456e-05 
 1.23026877e+04  1.70090661e+02  2.87343889e+02  1.70090661e+02  2.87343889e+02 -1.00014268e+00  8.83353362e-05 
 1.25892541e+04  1.75831090e+02  2.90416736e+02  1.75831090e+02  2.90416736e+02 -1.00014756e+00  9.33082000e-05 
 1.28824955e+04  1.81685835e+02  2.93402443e+02  1.81685835e+02  2.93402443e+02 -1.00015255e+00  9.85241988e-05 
 1.31825674e+04  1.87651893e+02  2.96295560e+02  1.87651893e+02  2.96295560e+02 -1.00015764e+00  1.03991753e-04 
 1.34896288e+04  1.93725909e+02  2.99090727e+02  1.93725909e+02  2.99090727e+02 -1.00016284e+00  1.09719300e-04 
 1.38038426e+04  1.99904172e+02  3.01782711e+02  1.99904172e+02  3.01782711e+02 -1.00016813e+00  1.15715299e-04 
 1.41253754e+04  2.06182626e+02  3.04366421e+02  2.06182626e+02  3.04366421e+02 -1.00017352e+00  1.21988181e-04 
 1.44543977e+04  2.12556870e+02  3.06836944e+02  2.12556870e+02  3.06836944e+02 -1.00017901e+00  1.28546354e-04 
 1.47910839e+04  2.19022166e+02  3.09189569e+02  2.19022166e+02  3.09189569e+02 -1.00018458e+00  1.35398185e-04 
 1.51356125e+04  2.25573455e+02  3.11419815e+02  2.25573455e+02  3.11419815e+02 -1.00019025e+00  1.42551976e-04 
 1.54881662e+04  2.32205365e+02  3.13523453e+02  2.32205365e+02  3.13523453e+02 -1.00019600e+00  1.50015935e-04 
 1.58489319e+04  2.38912230e+02  3.15496538e+02  2.38912230e+02  3.15496538e+02 -1.00020183e+00  1.57798195e-04 
 1.62181010e+04  2.45688106e+02  3.17335428e+02  2.45688106e+02  3.17335428e+02 -1.00020773e+00  1.65906757e-04 
 1.65958691e+04  2.52526792e+02  3.19036809e+02  2.52526792e+02  3.19036809e+02 -1.00021371e+00  1.74349492e-04 
 1.69824365e+04  2.59421853e+02  3.20597718e+02  2.59421853e+02  3.20597718e+02 -1.00021976e+00  1.83134150e-04 
 1.73780083e+04  2.66366644e+02  3.22015558e+02  2.66366644e+02  3.22015558e+02 -1.00022588e+00  1.92268329e-04 
 1.77827941e+04  2.73354338e+02  3.23288120e+02  2.73354338e+02  3.23288120e+02 -1.00023206e+00  2.01759456e-04 
 1.81970086e+04  2.80377951e+02  3.24413596e+02  2.80377951e+02  3.24413596e+02 -1.00023829e+00  2.11614789e-04 
 1.86208714e+04  2.87430375e+02  3.25390592e+02  2.87430375e+02  3.25390592e+02 -1.00024458e+00  2.21841439e-04 
 1.90546072e+04  2.94504406e+02  3.26218137e+02  2.94504406e+02  3.26218137e+02 -1.00025092e+00  2.32446308e-04 
 1.94984460e+04  3.01592776e+02  3.26895693e+02  3.01592776e+02  3.26895693e+02 -1.00025730e+00  2.43436159e-04 
 1.99526231e+04  3.08688188e+02  3.27423158e+02  3.08688188e+02  3.27423158e+02 -1.00026372e+00  2.54817551e-04 
 2.04173794e+04  3.15783344e+02  3.27800868e+02  3.15783344e+02  3.27800868e+02 -1.00027018e+00  2.66596902e-04 
 2.08929613e+04  3.22870982e+02  3.28029597e+02  3.22870982e+02  3.28029597e+02 -1.00027667e+00  2.78780446e-04 
 2.13796209e+04  3.29943905e+02  3.28110551e+02  3.29943905e+02  3.28110551e+02 -1.00028319e+00  2.91374268e-04 
 2.18776162e+04  3.36995015e+02  3.28045364e+02  3.36995015e+02  3.28045364e+02 -1.00028974e+00  3.04384322e-04 
 2.23872114e+04  3.44017342e+02  3.27836086e+02  3.44017342e+02  3.27836086e+02 -1.00029630e+00  3.17816431e-04 
 2.29086765e+04  3.51004077e+02  3.27485173e+02  3.51004077e+02  3.27485173e+02 -1.00030289e+00  3.31676290e-04 
 2.34422882e+04  3.57948597e+02  3.26995472e+02  3.57948597e+02  3.26995472e+02 -1.00030949e+00  3.45969528e-04 
 2.39883292e+04  3.64844493e+02  3.26370205e+02  3.64844493e+02  3.26370205e+02 -1.00031610e+00  3.60701687e-04 
 2.45470892e+04  3.71685599e+02  3.25612948e+02  3.71685599e+02  3.25612948e+02 -1.00032272e+00  3.75878280e-04 
 2.51188643e+04  3.78466009e+02  3.24727612e+02  3.78466009e+02  3.24727612e+02 -1.00032934e+00  3.91504747e-04 
 2.57039578e+04  3.85180103e+02  3.23718422e+02  3.85180103e+02  3.23718422e+02 -1.00033598e+00  4.07586580e-04 
 2.63026799e+04  3.91822566e+02  3.22589891e+02  3.91822566e+02  3.22589891e+02 -1.00034261e+00  4.24129279e-04 
 2.69153480e+04  3.98388400e+02  3.21346794e+02  3.98388400e+02  3.21346794e+02 -1.00034925e+00  4.41138392e-04 
 2.75422870e+04  4.04872945e+02  3.19994148e+02  4.04872945e+02  3.19994148e+02 -1.00035590e+00  4.58619576e-04 
 2.81838293e+04  4.11271886e+02  3.18537177e+02  4.11271886e+02  3.18537177e+02 -1.00036254e+00  4.76578588e-04 
 2.88403150e+04  4.17581263e+02  3.16981294e+02  4.17581263e+02  3.16981294e+02 -1.00036918e+00  4.95021322e-04 
 2.95120923e+04  4.23797484e+02  3.15332067e+02  4.23797484e+02  3.15332067e+02 -1.00037583e+00  5.13953916e-04 
 3.01995172e+04  4.29917320e+02  3.13595195e+02  4.29917320e+02  3.13595195e+02 -1.00038248e+00  5.33382648e-04 
 3.09029543e+04  4.35937918e+02  3.11776482e+02  4.35937918e+02  3.11776482e+02 -1.00038913e+00  5.53314081e-04 
 3.16227766e+04  4.41856793e+02  3.09881808e+02  4.41856793e+02  3.09881808e+02 -1.00039579e+00  5.73755067e-04 
 3.23593657e+04  4.47671832e+02  3.07917106e+02  4.47671832e+02  3.07917106e+02 -1.00040246e+00  5.94712760e-04 
 3.31131121e+04  4.53381289e+02  3.05888335e+02  4.53381289e+02  3.05888335e+02 -1.00040914e+00  6.16194649e-04 
 3.38844156e+04  4.58983780e+02  3.03801459e+02  4.58983780e+02  3.03801459e+02 -1.00041583e+00  6.38208639e-04 
 3.46736850e+04  4.64478274e+02  3.01662421e+02  4.64478274e+02  3.01662421e+02 -1.00042254e+00  6.60763025e-04 
 3.54813389e+04  4.69864087e+02  2.99477123e+02  4.69864087e+02  2.99477123e+02 -1.00042927e+00  6.83866545e-04 
 3.63078055e+04  4.75140875e+02  2.97251406e+02  4.75140875e+02  2.97251406e+02 -1.00043602e+00  7.07528454e-04 
 3.71535229e+04  4.80308617e+02  2.94991029e+02  4.80308617e+02  2.94991029e+02 -1.00044281e+00  7.31758472e-04 
 3.80189396e+04  4.85367609e+02  2.92701655e+02  4.85367609e+02  2.92701655e+02 -1.00044963e+00  7.56566925e-04 
 3.89045145e+04  4.90318447e+02  2.90388831e+02  4.90318447e+02  2.90388831e+02 -1.00045649e+00  7.81964656e-04 
 3.98107171e+04  4.95162018e+02  2.88057976e+02  4.95162018e+02  2.88057976e+02 -1.00046340e+00  8.07963165e-04 
 4.07380278e+04  4.99899485e+02  2.85714366e+02  4.99899485e+02  2.85714366e+02 -1.00047036e+00  8.34574570e-04 
 4.16869383e+04  5.04532272e+02  2.83363120e+02  5.04532272e+02  2.83363120e+02 -1.00047739e+00  8.61811692e-04 
 4.26579519e+04  5.09062049e+02  2.81009195e+02  5.09062049e+02  2.81009195e+02 -1.00048448e+00  8.89688013e-04 
 4.36515832e+04  5.13490721e+02  2.78657371e+02  5.13490721e+02  2.78657371e+02 -1.00049165e+00  9.18217803e-04 
 4.46683592e+04  5.17820412e+02  2.76312247e+02  5.17820412e+02  2.76312247e+02 -1.00049890e+00  9.47416093e-04 
 4.57088190e+04  5.22053447e+02  2.73978231e+02  5.22053447e+02  2.73978231e+02 -1.00050624e+00  9.77298703e-04 
 4.67735141e+04  5.26192347e+02  2.71659535e+02  5.26192347e+02  2.71659535e+02 -1.00051368e+00  1.00788231e-03 
 4.78630092e+04  5.30239804e+02  2.69360170e+02  5.30239804e+02  2.69360170e+02 -1.00052123e+00  1.03918444e-03 
 4.89778819e+04  5.34198678e+02  2.67083944e+02  5.34198678e+02  2.67083944e+02 -1.00052890e+00  1.07122356e-03 
 5.01187234e+04  5.38071975e+02  2.64834457e+02  5.38071975e+02  2.64834457e+02 -1.00053671e+00  1.10401905e-03 
 5.12861384e+04  5.41862844e+02  2.62615099e+02  5.41862844e+02  2.62615099e+02 -1.00054465e+00  1.13759129e-03 
 5.24807460e+04  5.45574554e+02  2.60429049e+02  5.45574554e+02  2.60429049e+02 -1.00055274e+00  1.17196167e-03 
 5.37031796e+04  5.49210491e+02  2.58279275e+02  5.49210491e+02  2.58279275e+02 -1.00056099e+00  1.20715262e-03 
 5.49540874e+04  5.52774144e+02  2.56168532e+02  5.52774144e+02  2.56168532e+02 -1.00056941e+00  1.24318769e-03 
 5.62341325e+04  5.56269095e+02  2.54099361e+02  5.56269095e+02  2.54099361e+02 -1.00057801e+00  1.28009154e-03 
 5.75439937e+04  5.59699005e+02  2.52074095e+02  5.59699005e+02  2.52074095e+02 -1.00058681e+00  1.31789003e-03 
 5.88843655e+04  5.63067613e+02  2.50094853e+02  5.63067613e+02  2.50094853e+02 -1.00059582e+00  1.35661023e-03 
 6.02559586e+04  5.66378719e+02  2.48163545e+02  5.66378719e+02  2.48163545e+02 -1.00060504e+00  1.39628047e-03 
 6.16595002e+04  5.69636179e+02  2.46281874e+02  5.69636179e+02  2.46281874e+02 -1.00061450e+00  1.43693040e-03 
 6.30957344e+04  5.72843898e+02  2.44451333e+02  5.72843898e+02  2.44451333e+02 -1.00062419e+00  1.47859102e-03 
 6.45654229e+04  5.76005821e+02  2.42673212e+02  5.76005821e+02  2.42673212e+02 -1.00063414e+00  1.52129479e-03 
 6.60693448e+04  5.79125927e+02  2.40948594e+02  5.79125927e+02  2.40948594e+02 -1.00064437e+00  1.56507557e-03 
 6.76082975e+04  5.82208220e+02  2.39278362e+02  5.82208220e+02  2.39278362e+02 -1.00065487e+00  1.60996878e-03 
 6.91830971e+04  5.85256725e+02  2.37663192e+02  5.85256725e+02  2.37663192e+02 -1.00066566e+00  1.65601140e-03 
 7.07945784e+04  5.88275482e+02  2.36103565e+02  5.88275482e+02  2.36103565e+02 -1.00067676e+00  1.70324204e-03 
 7.24435960e+04  5.91268541e+02  2.34599759e+02  5.91268541e+02  2.34599759e+02 -1.00068819e+00  1.75170103e-03 
 7.41310241e+04  5.94239951e+02  2.33151853e+02  5.94239951e+02  2.33151853e+02 -1.00069994e+00  1.80143040e-03 
 7.58577575e+04  5.97193761e+02  2.31759728e+02  5.97193761e+02  2.31759728e+02 -1.00071204e+00  1.85247403e-03 
 7.76247117e+04  6.00134014e+02  2.30423068e+02  6.00134014e+02  2.30423068e+02 -1.00072450e+00  1.90487768e-03 
 7.94328235e+04  6.03064736e+02  2.29141357e+02  6.03064736e+02  2.29141357e+02 -1.00073733e+00  1.95868903e-03 
 8.12830516e+04  6.05989938e+02  2.27913881e+02  6.05989938e+02  2.27913881e+02 -1.00075054e+00  2.01395778e-03 
 8.31763771e+04  6.08913604e+02  2.26739730e+02  6.08913604e+02  2.26739730e+02 -1.00076414e+00  2.07073570e-03 
 8.51138038e+04  6.11839692e+02  2.25617792e+02  6.11839692e+02  2.25617792e+02 -1.00077815e+00  2.12907670e-03 
 8.70963590e+04  6.14772122e+02  2.24546756e+02  6.14772122e+02  2.24546756e+02 -1.00079258e+00  2.18903689e-03 
 8.91250938e+04  6.17714774e+02  2.23525109e+02  6.17714774e+02  2.23525109e+02 -1.00080744e+00  2.25067465e-03 
 9.12010839e+04  6.20671481e+02  2.22551137e+02  6.20671481e+02  2.22551137e+02 -1.00082273e+00  2.31405069e-03 
 9.33254301e+04  6.23646022e+02  2.21622922e+02  6.23646022e+02  2.21622922e+02 -1.00083847e+00  2.37922814e-03 
 9.54992586e+04  6.26642115e+02  2.20738341e+02  6.26642115e+02  2.20738341e+02 -1.00085467e+00  2.44627254e-03 
 9.77237221e+04  6.29663408e+02  2.19895061e+02  6.29663408e+02  2.19895061e+02 -1.00087133e+00  2.51525200e-03 
 1.00000000e+05  6.32713474e+02  2.19090546e+02  6.32713474e+02  2.19090546e+02 -1.00088845e+00  2.58623717e-03 
 1.02329299e+05  6.35795800e+02  2.18322045e+02  6.35795800e+02  2.18322045e+02 -1.00090605e+00  2.65930133e-03 
 1.04712855e+05  6.38913779e+02  2.17586598e+02  6.38913779e+02  2.17586598e+02 -1.00092413e+00  2.73452038e-03 
 1.07151931e+05  6.42070699e+02  2.16881031e+02  6.42070699e+02  2.16881031e+02 -1.00094269e+00  2.81197301e-03 
 1.09647820e+05  6.45269734e+02  2.16201958e+02  6.45269734e+02  2.16201958e+02 -1.00096172e+00  2.89174055e-03 
 1.12201845e+05  6.48513932e+02  2.15545776e+02  6.48513932e+02  2.15545776e+02 -1.00098123e+00  2.97390714e-03 
 1.14815362e+05  6.51806201e+02  2.14908667e+02  6.51806201e+02  2.14908667e+02 -1.00100122e+00  3.05855968e-03 
 1.17489755e+05  6.55149301e+02  2.14286600e+02  6.55149301e+02  2.14286600e+02 -1.00102167e+00  3.14578783e-03 
 1.20226443e+05  6.58545825e+02  2.13675329e+02  6.58545825e+02  2.13675329e+02 -1.00104259e+00  3.23568399e-03 
 1.23026877e+05  6.61998188e+02  2.13070395e+02  6.61998188e+02  2.13070395e+02 -1.00106395e+00  3.32834336e-03 
 1.25892541e+05  6.65508612e+02  2.12467129e+02  6.65508612e+02  2.12467129e+02 -1.00108575e+00  3.42386376e-03 
 1.28824955e+05  6.69079110e+02  2.11860656e+02  6.69079110e+02  2.11860656e+02 -1.00110797e+00  3.52234571e-03 
 1.31825674e+05  6.72711468e+02  2.11245898e+02  6.72711468e+02  2.11245898e+02 -1.00113059e+00  3.62389227e-03 
 1.34896288e+05  6.76407229e+02  2.10617580e+02  6.76407229e+02  2.10617580e+02 -1.00115358e+00  3.72860900e-03 
 1.38038426e+05  6.80167678e+02  2.09970238e+02  6.80167678e+02  2.09970238e+02 -1.00117692e+00  3.83660379e-03 
 1.41253754e+05  6.83993819e+02  2.09298228e+02  6.83993819e+02  2.09298228e+02 -1.00120058e+00  3.94798678e-03 
 1.44543977e+05  6.87886362e+02  2.08595734e+02  6.87886362e+02  2.08595734e+02 -1.00122452e+00  4.06287020e-03 
 1.47910839e+05  6.91845700e+02  2.07856780e+02  6.91845700e+02  2.07856780e+02 -1.00124870e+00  4.18136813e-03 
 1.51356125e+05  6.95871893e+02  2.07075247e+02  6.95871893e+02  2.07075247e+02 -1.00127308e+00  4.30359636e-03 
 1.54881662e+05  6.99964649e+02  2.06244884e+02  6.99964649e+02  2.06244884e+02 -1.00129760e+00  4.42967209e-03 
 1.58489319e+05  7.04123304e+02  2.05359331e+02  7.04123304e+02  2.05359331e+02 -1.00132221e+00  4.55971373e-03 
 1.62181010e+05  7.08346809e+02  2.04412135e+02  7.08346809e+02  2.04412135e+02 -1.00134686e+00  4.69384056e-03 
 1.65958691e+05  7.12633706e+02  2.03396771e+02  7.12633706e+02  2.03396771e+02 -1.00137147e+00  4.83217242e-03 
 1.69824365e+05  7.16982120e+02  2.02306674e+02  7.16982120e+02  2.02306674e+02 -1.00139598e+00  4.97482939e-03 
 1.73780083e+05  7.21389736e+02  2.01135255e+02  7.21389736e+02  2.01135255e+02 -1.00142030e+00  5.12193141e-03 
 1.77827941e+05  7.25853791e+02  1.99875938e+02  7.25853791e+02  1.99875938e+02 -1.00144436e+00  5.27359780e-03 
 1.81970086e+05  7.30371063e+02  1.98522188e+02  7.30371063e+02  1.98522188e+02 -1.00146807e+00  5.42994699e-03 
 1.86208714e+05  7.34937858e+02  1.97067546e+02  7.34937858e+02  1.97067546e+02 -1.00149133e+00  5.59109592e-03 
 1.90546072e+05  7.39550004e+02  1.95505661e+02  7.39550004e+02  1.95505661e+02 -1.00151404e+00  5.75715965e-03 
 1.94984460e+05  7.44202850e+02  1.93830331e+02  7.44202850e+02  1.93830331e+02 -1.00153609e+00  5.92825086e-03 
 1.99526231e+05  7.48891260e+02  1.92035539e+02  7.48891260e+02  1.92035539e+02 -1.00155737e+00  6.10447934e-03 
 2.04173794e+05  7.53609618e+02  1.90115496e+02  7.53609618e+02  1.90115496e+02 -1.00157776e+00  6.28595152e-03 
 2.08929613e+05  7.58351834e+02  1.88064679e+02  7.58351834e+02  1.88064679e+02 -1.00159714e+00  6.47276989e-03 
 2.13796209e+05  7.63111351e+02  1.85877879e+02  7.63111351e+02  1.85877879e+02 -1.00161538e+00  6.66503254e-03 
 2.18776162e+05  7.67881161e+02  1.83550235e+02  7.67881161e+02  1.83550235e+02 -1.00163234e+00  6.86283265e-03 
 2.23872114e+05  7.72653822e+02  1.81077288e+02  7.72653822e+02  1.81077288e+02 -1.00164788e+00  7.06625798e-03 
 2.29086765e+05  7.77421481e+02  1.78455013e+02  7.77421481e+02  1.78455013e+02 -1.00166186e+00  7.27539040e-03 
 2.34422882e+05  7.82175898e+02  1.75679867e+02  7.82175898e+02  1.75679867e+02 -1.00167414e+00  7.49030547e-03 
 2.39883292e+05  7.86908482e+02  1.72748826e+02  7.86908482e+02  1.72748826e+02 -1.00168455e+00  7.71107201e-03 
 2.45470892e+05  7.91610324e+02  1.69659425e+02  7.91610324e+02  1.69659425e+02 -1.00169295e+00  7.93775175e-03 
 2.51188643e+05  7.96272238e+02  1.66409792e+02  7.96272238e+02  1.66409792e+02 -1.00169919e+00  8.17039900e-03 
 2.57039578e+05  8.00884804e+02  1.62998683e+02  8.00884804e+02  1.62998683e+02 -1.00170310e+00  8.40906041e-03 
 2.63026799e+05  8.05438421e+02  1.59425506e+02  8.05438421e+02  1.59425506e+02 -1.00170453e+00  8.65377476e-03 
 2.69153480e+05  8.09923356e+02  1.55690351e+02  8.09923356e+02  1.55690351e+02 -1.00170331e+00  8.90457286e-03 
 2.75422870e+05  8.14329800e+02  1.51794007e+02  8.14329800e+02  1.51794007e+02 -1.00169931e+00  9.16147752e-03 
 2.81838293e+05  8.18647930e+02  1.47737979e+02  8.18647930e+02  1.47737979e+02 -1.00169235e+00  9.42450355e-03 
 2.88403150e+05  8.22867965e+02  1.43524494e+02  8.22867965e+02  1.43524494e+02 -1.00168229e+00  9.69365795e-03 
 2.95120923e+05  8.26980235e+02  1.39156507e+02  8.26980235e+02  1.39156507e+02 -1.00166898e+00  9.96894011e-03 
 3.01995172e+05  8.30975238e+02  1.34637697e+02  8.30975238e+02  1.34637697e+02 -1.00165227e+00  1.02503421e-02 
 3.09029543e+05  8.34843713e+02  1.29972458e+02  8.34843713e+02  1.29972458e+02 -1.00163203e+00  1.05378492e-02 
 3.16227766e+05  8.38576695e+02  1.25165883e+02  8.38576695e+02  1.25165883e+02 -1.00160813e+00  1.08314402e-02 
 3.23593657e+05  8.42165586e+02  1.20223740e+02  8.42165586e+02  1.20223740e+02 -1.00158043e+00  1.11310884e-02 
 3.31131121e+05  8.45602212e+02  1.15152446e+02  8.45602212e+02  1.15152446e+02 -1.00154882e+00  1.14367616e-02 
 3.38844156e+05  8.48878880e+02  1.09959026e+02  8.48878880e+02  1.09959026e+02 -1.00151319e+00  1.17484239e-02 
 3.46736850e+05  8.51988438e+02  1.04651077e+02  8.51988438e+02  1.04651077e+02 -1.00147344e+00  1.20660355e-02 
 3.54813389e+05  8.54924324e+02  9.92367189e+01  8.54924324e+02  9.92367189e+01 -1.00142947e+00  1.23895545e-02 
 3.63078055e+05  8.57680608e+02  9.37245391e+01  8.57680608e+02  9.37245391e+01 -1.00138120e+00  1.27189373e-02 
 3.71535229e+05  8.60252041e+02  8.81235378e+01  8.60252041e+02  8.81235378e+01 -1.00132856e+00  1.30541398e-02 
 3.80189396e+05  8.62634083e+02  8.24430658e+01  8.62634083e+02  8.24430658e+01 -1.00127148e+00  1.33951189e-02 
 3.89045145e+05  8.64822934e+02  7.66927593e+01  8.64822934e+02  7.66927593e+01 -1.00120991e+00  1.37418330e-02 
 3.98107171e+05  8.66815555e+02  7.08824729e+01  8.66815555e+02  7.08824729e+01 -1.00114381e+00  1.40942434e-02 
 4.07380278e+05  8.68609686e+02  6.50222097e+01  8.68609686e+02  6.50222097e+01 -1.00107313e+00  1.44523156e-02 
 4.16869383e+05  8.70203847e+02  5.91220517e+01  8.70203847e+02  5.91220517e+01 -1.00099786e+00  1.48160201e-02 
 4.26579519e+05  8.71597343e+02  5.31920886e+01  8.71597343e+02  5.31920886e+01 -1.00091798e+00  1.51853337e-02 
 4.36515832e+05  8.72790257e+02  4.72423488e+01  8.72790257e+02  4.72423488e+01 -1.00083349e+00  1.55602405e-02 
 4.46683592e+05  8.73783434e+02  4.12827306e+01  8.73783434e+02  4.12827306e+01 -1.00074438e+00  1.59407328e-02 
 4.57088190e+05  8.74578462e+02  3.53229368e+01  8.74578462e+02  3.53229368e+01 -1.00065065e+00  1.63268124e-02 
 4.67735141e+05  8.75177642e+02  2.93724113e+01  8.75177642e+02  2.93724113e+01 -1.00055234e+00  1.67184908e-02 
 4.78630092e+05  8.75583960e+02  2.34402802e+01  8.75583960e+02  2.34402802e+01 -1.00044944e+00  1.71157909e-02 
 4.89778819e+05  8.75801044e+02  1.75352968e+01  8.75801044e+02  1.75352968e+01 -1.00034200e+00  1.75187467e-02 
 5.01187234e+05  8.75833125e+02  1.16657914e+01  8.75833125e+02  1.16657914e+01 -1.00023002e+00  1.79274045e-02 
 5.12861384e+05  8.75684985e+02  5.83962634e+00  8.75684985e+02  5.83962634e+00 -1.00011355e+00  1.83418236e-02 
 5.24807460e+05  8.75361912e+02  6.41569292e-02  8.75361912e+02  6.41569292e-02 -9.99992618e-01  1.87620758e-02 
 5.37031796e+05  8.74869641e+02 -5.65380240e+00  8.74869641e+02 -5.65380240e+00 -9.99867244e-01  1.91882466e-02 
 5.49540874e+05  8.74214305e+02 -1.13080056e+01  8.74214305e+02 -1.13080056e+01 -9.99737461e-01  1.96204349e-02 
 5.62341325e+05  8.73402370e+02 -1.68927964e+01  8.73402370e+02 -1.68927964e+01 -9.99603295e-01  2.00587531e-02 
 5.75439937e+05  8.72440588e+02 -2.24031244e+01  8.72440588e+02 -2.24031244e+01 -9.99464767e-01  2.05033270e-02 
 5.88843655e+05  8.71335928e+02 -2.78345544e+01  8.71335928e+02 -2.78345544e+01 -9.99321894e-01  2.09542960e-02 
 6.02559586e+05  8.70095529e+02 -3.31832707e+01  8.70095529e+02 -3.31832707e+01 -9.99174688e-01  2.14118123e-02 
 6.16595002e+05  8.68726641e+02 -3.84460758e+01  8.68726641e+02 -3.84460758e+01 -9.99023152e-01  2.18760410e-02 
 6.30957344e+05  8.67236568e+02 -4.36203840e+01  8.67236568e+02 -4.36203840e+01 -9.98867280e-01  2.23471593e-02 
 6.45654229e+05  8.65632623e+02 -4.87042105e+01  8.65632623e+02 -4.87042105e+01 -9.98707058e-01  2.28253564e-02 
 6.60693448e+05  8.63922074e+02 -5.36961558e+01  8.63922074e+02 -5.36961558e+01 -9.98542461e-01  2.33108325e-02 
 6.76082975e+05  8.62112099e+02 -5.85953864e+01  8.62112099e+02 -5.85953864e+01 -9.98373454e-01  2.38037986e-02 
 6.91830971e+05  8.60209745e+02 -6.34016124e+01  8.60209745e+02 -6.34016124e+01 -9.98199987e-01  2.43044751e-02 
 7.07945784e+05  8.58221889e+02 -6.81150613e+01  8.58221889e+02 -6.81150613e+01 -9.98022000e-01  2.48130917e-02 
 7.24435960e+05  8.56155197e+02 -7.27364504e+01  8.56155197e+02 -7.27364504e+01 -9.97839416e-01  2.53298863e-02 
 7.41310241e+05  8.54016101e+02 -7.72669563e+01  8.54016101e+02 -7.72669563e+01 -9.97652146e-01  2.58551042e-02 
 7.58577575e+05  8.51810761e+02 -8.17081831e+01  8.51810761e+02 -8.17081831e+01 -9.97460085e-01  2.63889972e-02 
 7.76247117e+05  8.49545048e+02 -8.60621292e+01  8.49545048e+02 -8.60621292e+01 -9.97263113e-01  2.69318226e-02 
 7.94328235e+05  8.47224518e+02 -9.03311542e+01  8.47224518e+02 -9.03311542e+01 -9.97061092e-01  2.74838425e-02 
 8.12830516e+05  8.44854397e+02 -9.45179439e+01  8.44854397e+02 -9.45179439e+01 -9.96853870e-01  2.80453227e-02 
 8.31763771e+05  8.42439567e+02 -9.86254768e+01  8.42439567e+02 -9.86254768e+01 -9.96641276e-01  2.86165317e-02 
 8.51138038e+05  8.39984554e+02 -1.02656990e+02  8.39984554e+02 -1.02656990e+02 -9.96423122e-01  2.91977400e-02 
 8.70963590e+05  8.37493520e+02 -1.06615944e+02  8.37493520e+02 -1.06615944e+02 -9.96199203e-01  2.97892190e-02 
 8.91250938e+05  8.34970259e+02 -1.10505995e+02  8.34970259e+02 -1.10505995e+02 -9.95969296e-01  3.03912399e-02 
 9.12010839e+05  8.32418192e+02 -1.14330956e+02  8.32418192e+02 -1.14330956e+02 -9.95733160e-01  3.10040729e-02 
 9.33254301e+05  8.29840372e+02 -1.18094773e+02  8.29840372e+02 -1.18094773e+02 -9.95490535e-01  3.16279865e-02 
 9.54992586e+05  8.27239481e+02 -1.21801491e+02  8.27239481e+02 -1.21801491e+02 -9.95241143e-01  3.22632458e-02 
 9.77237221e+05  8.24617838e+02 -1.25455229e+02  8.24617838e+02 -1.25455229e+02 -9.94984689e-01  3.29101125e-02 
 1.00000000e+06  8.21977401e+02 -1.29060151e+02  8.21977401e+02 -1.29060151e+02 -9.94720858e-01  3.35688433e-02 
 1.02329299e+06  8.19319777e+02 -1.32620445e+02  8.19319777e+02 -1.32620445e+02 -9.94449317e-01  3.42396890e-02 
 1.04712855e+06  8.16646230e+02 -1.36140296e+02  8.16646230e+02 -1.36140296e+02 -9.94169714e-01  3.49228939e-02 
 1.07151931e+06  8.13957689e+02 -1.39623863e+02  8.13957689e+02 -1.39623863e+02 -9.93881680e-01  3.56186944e-02 
 1.09647820e+06  8.11254763e+02 -1.43075264e+02  8.11254763e+02 -1.43075264e+02 -9.93584825e-01  3.63273187e-02 
 1.12201845e+06  8.08537745e+02 -1.46498555e+02  8.08537745e+02 -1.46498555e+02 -9.93278743e-01  3.70489849e-02 
 1.14815362e+06  8.05806631e+02 -1.49897707e+02  8.05806631e+02 -1.49897707e+02 -9.92963009e-01  3.77839008e-02 
 1.17489755e+06  8.03061130e+02 -1.53276600e+02  8.03061130e+02 -1.53276600e+02 -9.92637180e-01  3.85322627e-02 
 1.20226443e+06  8.00300672e+02 -1.56639001e+02  8.00300672e+02 -1.56639001e+02 -9.92300794e-01  3.92942542e-02 
 1.23026877e+06  7.97524428e+02 -1.59988553e+02  7.97524428e+02 -1.59988553e+02 -9.91953372e-01  4.00700453e-02 
 1.25892541e+06  7.94731320e+02 -1.63328762e+02  7.94731320e+02 -1.63328762e+02 -9.91594417e-01  4.08597914e-02 
 1.28824955e+06  7.91920031e+02 -1.66662987e+02  7.91920031e+02 -1.66662987e+02 -9.91223414e-01  4.16636323e-02 
 1.31825674e+06  7.89089023e+02 -1.69994431e+02  7.89089023e+02 -1.69994431e+02 -9.90839834e-01  4.24816909e-02 
 1.34896288e+06  7.86236545e+02 -1.73326128e+02  7.86236545e+02 -1.73326128e+02 -9.90443126e-01  4.33140722e-02 
 1.38038426e+06  7.83360649e+02 -1.76660938e+02  7.83360649e+02 -1.76660938e+02 -9.90032726e-01  4.41608622e-02 
 1.41253754e+06  7.80459202e+02 -1.80001539e+02  7.80459202e+02 -1.80001539e+02 -9.89608054e-01  4.50221267e-02 
 1.44543977e+06  7.77529896e+02 -1.83350418e+02  7.77529896e+02 -1.83350418e+02 -9.89168511e-01  4.58979098e-02 
 1.47910839e+06  7.74570264e+02 -1.86709866e+02  7.74570264e+02 -1.86709866e+02 -9.88713486e-01  4.67882333e-02 
 1.51356125e+06  7.71577687e+02 -1.90081976e+02  7.71577687e+02 -1.90081976e+02 -9.88242353e-01  4.76930948e-02 
 1.54881662e+06  7.68549409e+02 -1.93468629e+02  7.68549409e+02 -1.93468629e+02 -9.87754469e-01  4.86124668e-02 
 1.58489319e+06  7.65482551e+02 -1.96871500e+02  7.65482551e+02 -1.96871500e+02 -9.87249182e-01  4.95462952e-02 
 1.62181010e+06  7.62374114e+02 -2.00292043e+02  7.62374114e+02 -2.00292043e+02 -9.86725823e-01  5.04944980e-02 
 1.65958691e+06  7.59220999e+02 -2.03731494e+02  7.59220999e+02 -2.03731494e+02 -9.86183715e-01  5.14569637e-02 
 1.69824365e+06  7.56020013e+02 -2.07190867e+02  7.56020013e+02 -2.07190867e+02 -9.85622167e-01  5.24335505e-02 
 1.73780083e+06  7.52767882e+02 -2.10670944e+02  7.52767882e+02 -2.10670944e+02 -9.85040480e-01  5.34240844e-02 
 1.77827941e+06  7.49461263e+02 -2.14172278e+02  7.49461263e+02 -2.14172278e+02 -9.84437947e-01  5.44283575e-02 
 1.81970086e+06  7.46096750e+02 -2.17695190e+02  7.46096750e+02 -2.17695190e+02 -9.83813853e-01  5.54461276e-02 
 1.86208714e+06  7.42670892e+02 -2.21239759e+02  7.42670892e+02 -2.21239759e+02 -9.83167475e-01  5.64771156e-02 
 1.90546072e+06  7.39180199e+02 -2.24805829e+02  7.39180199e+02 -2.24805829e+02 -9.82498090e-01  5.75210050e-02 
 1.94984460e+06  7.35621157e+02 -2.28392996e+02  7.35621157e+02 -2.28392996e+02 -9.81804968e-01  5.85774399e-02 
 1.99526231e+06  7.31990234e+02 -2.32000615e+02  7.31990234e+02 -2.32000615e+02 -9.81087380e-01  5.96460239e-02 
 2.04173794e+06  7.28283900e+02 -2.35627792e+02  7.28283900e+02 -2.35627792e+02 -9.80344600e-01  6.07263189e-02 
 2.08929613e+06  7.24498630e+02 -2.39273383e+02  7.24498630e+02 -2.39273383e+02 -9.79575901e-01  6.18178436e-02 
 2.13796209e+06  7.20630923e+02 -2.42935994e+02  7.20630923e+02 -2.42935994e+02 -9.78780565e-01  6.29200722e-02 
 2.18776162e+06  7.16677310e+02 -2.46613978e+02  7.16677310e+02 -2.46613978e+02 -9.77957880e-01  6.40324338e-02 
 2.23872114e+06  7.12634371e+02 -2.50305436e+02  7.12634371e+02 -2.50305436e+02 -9.77107146e-01  6.51543107e-02 
 2.29086765e+06  7.08498744e+02 -2.54008212e+02  7.08498744e+02 -2.54008212e+02 -9.76227675e-01  6.62850379e-02 
 2.34422882e+06  7.04267141e+02 -2.57719898e+02  7.04267141e+02 -2.57719898e+02 -9.75318795e-01  6.74239024e-02 
 2.39883292e+06  6.99936362e+02 -2.61437832e+02  6.99936362e+02 -2.61437832e+02 -9.74379856e-01  6.85701422e-02 
 2.45470892e+06  6.95503311e+02 -2.65159099e+02  6.95503311e+02 -2.65159099e+02 -9.73410228e-01  6.97229462e-02 
 2.51188643e+06  6.90965004e+02 -2.68880532e+02  6.90965004e+02 -2.68880532e+02 -9.72409307e-01  7.08814535e-02 
 2.57039578e+06  6.86318595e+02 -2.72598715e+02  6.86318595e+02 -2.72598715e+02 -9.71376521e-01  7.20447538e-02 
 2.63026799e+06  6.81561381e+02 -2.76309987e+02  6.81561381e+02 -2.76309987e+02 -9.70311328e-01  7.32118874e-02 
 2.69153480e+06  6.76690825e+02 -2.80010445e+02  6.76690825e+02 -2.80010445e+02 -9.69213226e-01  7.43818454e-02 
 2.75422870e+06  6.71704568e+02 -2.83695949e+02  6.71704568e+02 -2.83695949e+02 -9.68081754e-01  7.55535708e-02 
 2.81838293e+06  6.66600449e+02 -2.87362129e+02  6.66600449e+02 -2.87362129e+02 -9.66916493e-01  7.67259593e-02 
 2.88403150e+06  6.61376519e+02 -2.91004390e+02  6.61376519e+02 -2.91004390e+02 -9.65717079e-01  7.78978602e-02 
 2.95120923e+06  6.56031058e+02 -2.94617923e+02  6.56031058e+02 -2.94617923e+02 -9.64483196e-01  7.90680789e-02 
 3.01995172e+06  6.50562592e+02 -2.98197714e+02  6.50562592e+02 -2.98197714e+02 -9.63214588e-01  8.02353783e-02 
 3.09029543e+06  6.44969911e+02 -3.01738552e+02  6.44969911e+02 -3.01738552e+02 -9.61911063e-01  8.13984812e-02 
 3.16227766e+06  6.39252083e+02 -3.05235048e+02  6.39252083e+02 -3.05235048e+02 -9.60572492e-01  8.25560733e-02 
 3.23593657e+06  6.33408471e+02 -3.08681639e+02  6.33408471e+02 -3.08681639e+02 -9.59198819e-01  8.37068062e-02 
 3.31131121e+06  6.27438750e+02 -3.12072615e+02  6.27438750e+02 -3.12072615e+02 -9.57790060e-01  8.48493012e-02 
 3.38844156e+06  6.21342919e+02 -3.15402125e+02  6.21342919e+02 -3.15402125e+02 -9.56346311e-01  8.59821528e-02 
 3.46736850e+06  6.15121320e+02 -3.18664202e+02  6.15121320e+02 -3.18664202e+02 -9.54867749e-01  8.71039338e-02 
 3.54813389e+06  6.08774645e+02 -3.21852780e+02  6.08774645e+02 -3.21852780e+02 -9.53354638e-01  8.82131992e-02 
 3.63078055e+06  6.02303955e+02 -3.24961716e+02  6.02303955e+02 -3.24961716e+02 -9.51807328e-01  8.93084925e-02 
 3.71535229e+06  5.95710686e+02 -3.27984814e+02  5.95710686e+02 -3.27984814e+02 -9.50226263e-01  9.03883505e-02 
 3.80189396e+06  5.88996661e+02 -3.30915845e+02  5.88996661e+02 -3.30915845e+02 -9.48611981e-01  9.14513096e-02 
 3.89045145e+06  5.82164096e+02 -3.33748578e+02  5.82164096e+02 -3.33748578e+02 -9.46965114e-01  9.24959123e-02 
 3.98107171e+06  5.75215609e+02 -3.36476801e+02  5.75215609e+02 -3.36476801e+02 -9.45286395e-01  9.35207134e-02 
 4.07380278e+06  5.68154223e+02 -3.39094354e+02  5.68154223e+02 -3.39094354e+02 -9.43576654e-01  9.45242878e-02 
 4.16869383e+06  5.60983368e+02 -3.41595152e+02  5.60983368e+02 -3.41595152e+02 -9.41836821e-01  9.55052368e-02 
 4.26579519e+06  5.53706881e+02 -3.43973218e+02  5.53706881e+02 -3.43973218e+02 -9.40067926e-01  9.64621963e-02 
 4.36515832e+06  5.46329003e+02 -3.46222712e+02  5.46329003e+02 -3.46222712e+02 -9.38271098e-01  9.73938441e-02 
 4.46683592e+06  5.38854377e+02 -3.48337960e+02  5.38854377e+02 -3.48337960e+02 -9.36447565e-01  9.82989075e-02 
 4.57088190e+06  5.31288038e+02 -3.50313485e+02  5.31288038e+02 -3.50313485e+02 -9.34598651e-01  9.91761714e-02 
 4.67735141e+06  5.23635403e+02 -3.52144038e+02  5.23635403e+02 -3.52144038e+02 -9.32725773e-01  1.00024486e-01 
 4.78630092e+06  5.15902260e+02 -3.53824626e+02  5.15902260e+02 -3.53824626e+02 -9.30830438e-01  1.00842773e-01 
 4.89778819e+06  5.08094753e+02 -3.55350540e+02  5.08094753e+02 -3.55350540e+02 -9.28914241e-01  1.01630038e-01 
 5.01187234e+06  5.00219364e+02 -3.56717385e+02  5.00219364e+02 -3.56717385e+02 -9.26978859e-01  1.02385369e-01 
 5.12861384e+06  4.92282890e+02 -3.57921109e+02  4.92282890e+02 -3.57921109e+02 -9.25026045e-01  1.03107954e-01 
 5.24807460e+06  4.84292424e+02 -3.58958023e+02  4.84292424e+02 -3.58958023e+02 -9.23057623e-01  1.03797078e-01 
 5.37031796e+06  4.76255330e+02 -3.59824827e+02  4.76255330e+02 -3.59824827e+02 -9.21075482e-01  1.04452136e-01 
 5.49540874e+06  4.68179211e+02 -3.60518633e+02  4.68179211e+02 -3.60518633e+02 -9.19081569e-01  1.05072636e-01 
 5.62341325e+06  4.60071885e+02 -3.61036983e+02  4.60071885e+02 -3.61036983e+02 -9.17077879e-01  1.05658204e-01 
 5.75439937e+06  4.51941353e+02 -3.61377864e+02  4.51941353e+02 -3.61377864e+02 -9.15066450e-01  1.06208589e-01 
 5.88843655e+06  4.43795764e+02 -3.61539728e+02  4.43795764e+02 -3.61539728e+02 -9.13049352e-01  1.06723666e-01 
 6.02559586e+06  4.35643383e+02 -3.61521497e+02  4.35643383e+02 -3.61521497e+02 -9.11028682e-01  1.07203442e-01 
 6.16595002e+06  4.27492556e+02 -3.61322574e+02  4.27492556e+02 -3.61322574e+02 -9.09006548e-01  1.07648057e-01 
 6.30957344e+06  4.19351675e+02 -3.60942851e+02  4.19351675e+02 -3.60942851e+02 -9.06985068e-01  1.08057782e-01 
 6.45654229e+06  4.11229141e+02 -3.60382709e+02  4.11229141e+02 -3.60382709e+02 -9.04966354e-01  1.08433026e-01 
 6.60693448e+06  4.03133330e+02 -3.59643016e+02  4.03133330e+02 -3.59643016e+02 -9.02952504e-01  1.08774333e-01 
 6.76082975e+06  3.95072555e+02 -3.58725127e+02  3.95072555e+02 -3.58725127e+02 -9.00945596e-01  1.09082382e-01 
 6.91830971e+06  3.87055031e+02 -3.57630874e+02  3.87055031e+02 -3.57630874e+02 -8.98947673e-01  1.09357985e-01 
 7.07945784e+06  3.79088845e+02 -3.56362560e+02  3.79088845e+02 -3.56362560e+02 -8.96960739e-01  1.09602086e-01 
 7.24435960e+06  3.71181917e+02 -3.54922940e+02  3.71181917e+02 -3.54922940e+02 -8.94986746e-01  1.09815756e-01 
 7.41310241e+06  3.63341971e+02 -3.53315213e+02  3.63341971e+02 -3.53315213e+02 -8.93027587e-01  1.10000192e-01 
 7.58577575e+06  3.55576507e+02 -3.51543000e+02  3.55576507e+02 -3.51543000e+02 -8.91085088e-01  1.10156713e-01 
 7.76247117e+06  3.47892770e+02 -3.49610325e+02  3.47892770e+02 -3.49610325e+02 -8.89160998e-01  1.10286752e-01 
 7.94328235e+06  3.40297725e+02 -3.47521593e+02  3.40297725e+02 -3.47521593e+02 -8.87256987e-01  1.10391853e-01 
 8.12830516e+06  3.32798033e+02 -3.45281566e+02  3.32798033e+02 -3.45281566e+02 -8.85374631e-01  1.10473666e-01 
 8.31763771e+06  3.25400030e+02 -3.42895337e+02  3.25400030e+02 -3.42895337e+02 -8.83515412e-01  1.10533937e-01 
 8.51138038e+06  3.18109710e+02 -3.40368302e+02  3.18109710e+02 -3.40368302e+02 -8.81680710e-01  1.10574508e-01 
 8.70963590e+06  3.10932706e+02 -3.37706137e+02  3.10932706e+02 -3.37706137e+02 -8.79871798e-01  1.10597302e-01 
 8.91250938e+06  3.03874276e+02 -3.34914764e+02  3.03874276e+02 -3.34914764e+02 -8.78089837e-01  1.10604324e-01 
 9.12010839e+06  2.96939295e+02 -3.32000323e+02  2.96939295e+02 -3.32000323e+02 -8.76335871e-01  1.10597646e-01 
 9.33254301e+06  2.90132246e+02 -3.28969146e+02  2.90132246e+02 -3.28969146e+02 -8.74610827e-01  1.10579406e-01 
 9.54992586e+06  2.83457211e+02 -3.25827723e+02  2.83457211e+02 -3.25827723e+02 -8.72915508e-01  1.10551796e-01 
 9.77237221e+06  2.76917872e+02 -3.22582678e+02  2.76917872e+02 -3.22582678e+02 -8.71250593e-01  1.10517060e-01 
 1.00000000e+07  2.70517506e+02 -3.19240736e+02  2.70517506e+02 -3.19240736e+02 -8.69616635e-01  1.10477480e-01 
 1.02329299e+07  2.64258990e+02 -3.15808698e+02  2.64258990e+02 -3.15808698e+02 -8.68014060e-01  1.10435373e-01 
 1.04712855e+07  2.58144801e+02 -3.12293413e+02  2.58144801e+02 -3.12293413e+02 -8.66443164e-01  1.10393083e-01 
 1.07151931e+07  2.52177023e+02 -3.08701752e+02  2.52177023e+02 -3.08701752e+02 -8.64904114e-01  1.10352975e-01 
 1.09647820e+07  2.46357354e+02 -3.05040586e+02  2.46357354e+02 -3.05040586e+02 -8.63396948e-01  1.10317424e-01 
 1.12201845e+07  2.40687113e+02 -3.01316758e+02  2.40687113e+02 -3.01316758e+02 -8.61921576e-01  1.10288815e-01 
 1.14815362e+07  2.35167252e+02 -2.97537066e+02  2.35167252e+02 -2.97537066e+02 -8.60477779e-01  1.10269532e-01 
 1.17489755e+07  2.29798368e+02 -2.93708237e+02  2.29798368e+02 -2.93708237e+02 -8.59065209e-01  1.10261953e-01 
 1.20226443e+07  2.24580710e+02 -2.89836915e+02  2.24580710e+02 -2.89836915e+02 -8.57683392e-01  1.10268445e-01 
 1.23026877e+07  2.19514200e+02 -2.85929636e+02  2.19514200e+02 -2.85929636e+02 -8.56331729e-01  1.10291356e-01 
 1.25892541e+07  2.14598440e+02 -2.81992820e+02  2.14598440e+02 -2.81992820e+02 -8.55009495e-01  1.10333012e-01 
 1.28824955e+07  2.09832729e+02 -2.78032748e+02  2.09832729e+02 -2.78032748e+02 -8.53715843e-01  1.10395712e-01 
 1.31825674e+07  2.05216081e+02 -2.74055558e+02  2.05216081e+02 -2.74055558e+02 -8.52449802e-01  1.10481720e-01 
 1.34896288e+07  2.00747234e+02 -2.70067226e+02  2.00747234e+02 -2.70067226e+02 -8.51210284e-01  1.10593262e-01 
 1.38038426e+07  1.96424669e+02 -2.66073560e+02  1.96424669e+02 -2.66073560e+02 -8.49996079e-01  1.10732522e-01 
 1.41253754e+07  1.92246625e+02 -2.62080193e+02  1.92246625e+02 -2.62080193e+02 -8.48805860e-01  1.10901635e-01 
 1.44543977e+07  1.88211110e+02 -2.58092570e+02  1.88211110e+02 -2.58092570e+02 -8.47638185e-01  1.11102683e-01 
 1.47910839e+07  1.84315924e+02 -2.54115946e+02  1.84315924e+02 -2.54115946e+02 -8.46491496e-01  1.11337691e-01 
 1.51356125e+07  1.80558664e+02 -2.50155381e+02  1.80558664e+02 -2.50155381e+02 -8.45364122e-01  1.11608624e-01 
 1.54881662e+07  1.76936743e+02 -2.46215734e+02  1.76936743e+02 -2.46215734e+02 -8.44254280e-01  1.11917375e-01 
 1.58489319e+07  1.73447406e+02 -2.42301660e+02  1.73447406e+02 -2.42301660e+02 -8.43160077e-01  1.12265771e-01 
 1.62181010e+07  1.70087735e+02 -2.38417610e+02  1.70087735e+02 -2.38417610e+02 -8.42079512e-01  1.12655557e-01 
 1.65958691e+07  1.66854672e+02 -2.34567824e+02  1.66854672e+02 -2.34567824e+02 -8.41010474e-01  1.13088400e-01 
 1.69824365e+07  1.63745022e+02 -2.30756338e+02  1.63745022e+02 -2.30756338e+02 -8.39950749e-01  1.13565877e-01 
 1.73780083e+07  1.60755471e+02 -2.26986974e+02  1.60755471e+02 -2.26986974e+02 -8.38898018e-01  1.14089475e-01 
 1.77827941e+07  1.57882592e+02 -2.23263349e+02  1.57882592e+02 -2.23263349e+02 -8.37849859e-01  1.14660580e-01 
 1.81970086e+07  1.55122861e+02 -2.19588868e+02  1.55122861e+02 -2.19588868e+02 -8.36803752e-01  1.15280475e-01 
 1.86208714e+07  1.52472662e+02 -2.15966731e+02  1.52472662e+02 -2.15966731e+02 -8.35757078e-01  1.15950333e-01 
 1.90546072e+07  1.49928300e+02 -2.12399926e+02  1.49928300e+02 -2.12399926e+02 -8.34707124e-01  1.16671208e-01 
 1.94984460e+07  1.47486007e+02 -2.08891239e+02  1.47486007e+02 -2.08891239e+02 -8.33651085e-01  1.17444033e-01 
 1.99526231e+07  1.45141954e+02 -2.05443248e+02  1.45141954e+02 -2.05443248e+02 -8.32586067e-01  1.18269610e-01 
 2.04173794e+07  1.42892260e+02 -2.02058329e+02  1.42892260e+02 -2.02058329e+02 -8.31509093e-01  1.19148604e-01 
 2.08929613e+07  1.40732993e+02 -1.98738655e+02  1.40732993e+02 -1.98738655e+02 -8.30417104e-01  1.20081535e-01 
 2.13796209e+07  1.38660187e+02 -1.95486197e+02  1.38660187e+02 -1.95486197e+02 -8.29306967e-01  1.21068773e-01 
 2.18776162e+07  1.36669844e+02 -1.92302726e+02  1.36669844e+02 -1.92302726e+02 -8.28175480e-01  1.22110528e-01 
 2.23872114e+07  1.34757944e+02 -1.89189816e+02  1.34757944e+02 -1.89189816e+02 -8.27019376e-01  1.23206843e-01 
 2.29086765e+07  1.32920448e+02 -1.86148842e+02  1.32920448e+02 -1.86148842e+02 -8.25835333e-01  1.24357589e-01 
 2.34422882e+07  1.31153312e+02 -1.83180984e+02  1.31153312e+02 -1.83180984e+02 -8.24619978e-01  1.25562454e-01 
 2.39883292e+07  1.29452489e+02 -1.80287228e+02  1.29452489e+02 -1.80287228e+02 -8.23369901e-01  1.26820940e-01 
 2.45470892e+07  1.27813936e+02 -1.77468366e+02  1.27813936e+02 -1.77468366e+02 -8.22081656e-01  1.28132353e-01 
 2.51188643e+07  1.26233625e+02 -1.74724998e+02  1.26233625e+02 -1.74724998e+02 -8.20751781e-01  1.29495795e-01 
 2.57039578e+07  1.24707547e+02 -1.72057533e+02  1.24707547e+02 -1.72057533e+02 -8.19376800e-01  1.30910164e-01 
 2.63026799e+07  1.23231721e+02 -1.69466195e+02  1.23231721e+02 -1.69466195e+02 -8.17953239e-01  1.32374142e-01 
 2.69153480e+07  1.21802202e+02 -1.66951016e+02  1.21802202e+02 -1.66951016e+02 -8.16477640e-01  1.33886191e-01 
 2.75422870e+07  1.20415084e+02 -1.64511846e+02  1.20415084e+02 -1.64511846e+02 -8.14946570e-01  1.35444551e-01 
 2.81838293e+07  1.19066515e+02 -1.62148350e+02  1.19066515e+02 -1.62148350e+02 -8.13356638e-01  1.37047235e-01 
 2.88403150e+07  1.17752700e+02 -1.59860015e+02  1.17752700e+02 -1.59860015e+02 -8.11704512e-01  1.38692025e-01 
 2.95120923e+07  1.16469909e+02 -1.57646146e+02  1.16469909e+02 -1.57646146e+02 -8.09986928e-01  1.40376474e-01 
 3.01995172e+07  1.15214489e+02 -1.55505878e+02  1.15214489e+02 -1.55505878e+02 -8.08200714e-01  1.42097899e-01 
 3.09029543e+07  1.13982867e+02 -1.53438169e+02  1.13982867e+02 -1.53438169e+02 -8.06342801e-01  1.43853388e-01 
 3.16227766e+07  1.12771563e+02 -1.51441815e+02  1.12771563e+02 -1.51441815e+02 -8.04410243e-01  1.45639797e-01 
 3.23593657e+07  1.11577196e+02 -1.49515445e+02  1.11577196e+02 -1.49515445e+02 -8.02400235e-01  1.47453758e-01 
 3.31131121e+07  1.10396491e+02 -1.47657531e+02  1.10396491e+02 -1.47657531e+02 -8.00310130e-01  1.49291678e-01 
 3.38844156e+07  1.09226291e+02 -1.45866393e+02  1.09226291e+02 -1.45866393e+02 -7.98137455e-01  1.51149750e-01 
 3.46736850e+07  1.08063563e+02 -1.44140203e+02  1.08063563e+02 -1.44140203e+02 -7.95879934e-01  1.53023960e-01 
 3.54813389e+07  1.06905406e+02 -1.42476995e+02  1.06905406e+02 -1.42476995e+02 -7.93535500e-01  1.54910094e-01 
 3.63078055e+07  1.05749059e+02 -1.40874668e+02  1.05749059e+02 -1.40874668e+02 -7.91102318e-01  1.56803750e-01 
 3.71535229e+07  1.04591910e+02 -1.39331000e+02  1.04591910e+02 -1.39331000e+02 -7.88578796e-01  1.58700355e-01 
 3.80189396e+07  1.03431500e+02 -1.37843649e+02  1.03431500e+02 -1.37843649e+02 -7.85963608e-01  1.60595172e-01 
 3.89045145e+07  1.02265533e+02 -1.36410168e+02  1.02265533e+02 -1.36410168e+02 -7.83255702e-01  1.62483322e-01 
 3.98107171e+07  1.01091881e+02 -1.35028015e+02  1.01091881e+02 -1.35028015e+02 -7.80454320e-01  1.64359802e-01 
 4.07380278e+07  9.99085880e+01 -1.33694559e+02  9.99085880e+01 -1.33694559e+02 -7.77559009e-01  1.66219499e-01 
 4.16869383e+07  9.87138784e+01 -1.32407095e+02  9.87138784e+01 -1.32407095e+02 -7.74569633e-01  1.68057215e-01 
 4.26579519e+07  9.75061587e+01 -1.31162852e+02  9.75061587e+01 -1.31162852e+02 -7.71486382e-01  1.69867689e-01 
 4.36515832e+07  9.62840219e+01 -1.29959009e+02  9.62840219e+01 -1.29959009e+02 -7.68309781e-01  1.71645618e-01 
 4.46683592e+07  9.50462499e+01 -1.28792704e+02  9.50462499e+01 -1.28792704e+02 -7.65040697e-01  1.73385683e-01 
 4.57088190e+07  9.37918157e+01 -1.27661049e+02  9.37918157e+01 -1.27661049e+02 -7.61680344e-01  1.75082574e-01 
 4.67735141e+07  9.25198838e+01 -1.26561140e+02  9.25198838e+01 -1.26561140e+02 -7.58230283e-01  1.76731014e-01 
 4.78630092e+07  9.12298103e+01 -1.25490071e+02  9.12298103e+01 -1.25490071e+02 -7.54692423e-01  1.78325790e-01 
 4.89778819e+07  8.99211416e+01 -1.24444951e+02  8.99211416e+01 -1.24444951e+02 -7.51069022e-01  1.79861773e-01 
 5.01187234e+07  8.85936125e+01 -1.23422909e+02  8.85936125e+01 -1.23422909e+02 -7.47362676e-01  1.81333950e-01 
 5.12861384e+07  8.72471427e+01 -1.22421115e+02  8.72471427e+01 -1.22421115e+02 -7.43576319e-01  1.82737448e-01 
 5.24807460e+07  8.58818327e+01 -1.21436787e+02  8.58818327e+01 -1.21436787e+02 -7.39713207e-01  1.84067560e-01 
 5.37031796e+07  8.44979586e+01 -1.20467205e+02  8.44979586e+01 -1.20467205e+02 -7.35776913e-01  1.85319770e-01 
 5.49540874e+07  8.30959657e+01 -1.19509724e+02  8.30959657e+01 -1.19509724e+02 -7.31771307e-01  1.86489779e-01 
 5.62341325e+07  8.16764618e+01 -1.18561783e+02  8.16764618e+01 -1.18561783e+02 -7.27700545e-01  1.87573528e-01 
 5.75439937e+07  8.02402084e+01 -1.17620918e+02  8.02402084e+01 -1.17620918e+02 -7.23569046e-01  1.88567215e-01 
 5.88843655e+07  7.87881127e+01 -1.16684770e+02  7.87881127e+01 -1.16684770e+02 -7.19381474e-01  1.89467321e-01 
 6.02559586e+07  7.73212174e+01 -1.15751094e+02  7.73212174e+01 -1.15751094e+02 -7.15142719e-01  1.90270628e-01 
 6.16595002e+07  7.58406902e+01 -1.14817770e+02  7.58406902e+01 -1.14817770e+02 -7.10857868e-01  1.90974229e-01 
 6.30957344e+07  7.43478136e+01 -1.13882806e+02  7.43478136e+01 -1.13882806e+02 -7.06532183e-01  1.91575549e-01 
 6.45654229e+07  7.28439730e+01 -1.12944348e+02  7.28439730e+01 -1.12944348e+02 -7.02171075e-01  1.92072354e-01 
 6.60693448e+07  7.13306450e+01 -1.12000683e+02  7.13306450e+01 -1.12000683e+02 -6.97780077e-01  1.92462758e-01 
 6.76082975e+07  6.98093852e+01 -1.11050245e+02  6.98093852e+01 -1.11050245e+02 -6.93364816e-01  1.92745236e-01 
 6.91830971e+07  6.82818164e+01 -1.10091615e+02  6.82818164e+01 -1.10091615e+02 -6.88930986e-01  1.92918623e-01 
 7.07945784e+07  6.67496157e+01 -1.09123529e+02  6.67496157e+01 -1.09123529e+02 -6.84484317e-01  1.92982117e-01 
 7.24435960e+07  6.52145025e+01 -1.08144870e+02  6.52145025e+01 -1.08144870e+02 -6.80030551e-01  1.92935280e-01 
 7.41310241e+07  6.36782265e+01 -1.07154677e+02  6.36782265e+01 -1.07154677e+02 -6.75575412e-01  1.92778035e-01 
 7.58577575e+07  6.21425552e+01 -1.06152138e+02  6.21425552e+01 -1.06152138e+02 -6.71124581e-01  1.92510657e-01 
 7.76247117e+07  6.06092631e+01 -1.05136592e+02  6.06092631e+01 -1.05136592e+02 -6.66683666e-01  1.92133771e-01 
 7.94328235e+07  5.90801198e+01 -1.04107520e+02  5.90801198e+01 -1.04107520e+02 -6.62258181e-01  1.91648337e-01 
 8.12830516e+07  5.75568798e+01 -1.03064549e+02  5.75568798e+01 -1.03064549e+02 -6.57853522e-01  1.91055640e-01 
 8.31763771e+07  5.60412723e+01 -1.02007440e+02  5.60412723e+01 -1.02007440e+02 -6.53474941e-01  1.90357278e-01 
 8.51138038e+07  5.45349915e+01 -1.00936087e+02  5.45349915e+01 -1.00936087e+02 -6.49127531e-01  1.89555144e-01 
 8.70963590e+07  5.30396884e+01 -9.98505108e+01  5.30396884e+01 -9.98505108e+01 -6.44816202e-01  1.88651409e-01 
 8.91250938e+07  5.15569620e+01 -9.87508496e+01  5.15569620e+01 -9.87508496e+01 -6.40545668e-01  1.87648506e-01 
 9.12010839e+07  5.00883530e+01 -9.76373544e+01  5.00883530e+01 -9.76373544e+01 -6.36320426e-01  1.86549111e-01 
 9.33254301e+07  4.86353364e+01 -9.65103805e+01  4.86353364e+01 -9.65103805e+01 -6.32144751e-01  1.85356119e-01 
 9.54992586e+07  4.71993165e+01 -9.53703796e+01  4.71993165e+01 -9.53703796e+01 -6.28022678e-01  1.84072629e-01 
 9.77237221e+07  4.57816218e+01 -9.42178924e+01  4.57816218e+01 -9.42178924e+01 -6.23957997e-01  1.82701918e-01 
 1.00000000e+08  4.43835010e+01 -9.30535397e+01  4.43835010e+01 -9.30535397e+01 -6.19954241e-01  1.81247424e-01 
