 frequency              yer                    yei                    yfr                    yfi                   
 1.000000000000000e+00  9.999194185410797e-09 -0.000000000000000e+00 -2.485187654351420e-30  1.591549430918954e-13 
 1.023292992280754e+00  9.999197233048427e-09 -0.000000000000000e+00 -2.373335784261557e-30  1.555321342885040e-13 
 1.047128548050899e+00  9.999196237745352e-09 -0.000000000000000e+00 -2.266518078497364e-30  1.519917906814237e-13 
 1.071519305237606e+00  9.999208510830338e-09 -0.000000000000000e+00 -2.164507960994394e-30  1.485320351336117e-13 
 1.096478196143185e+00  9.999205524817012e-09 -0.000000000000000e+00 -2.067089055235842e-30  1.451510332368816e-13 
 1.122018454301963e+00  9.999210055731568e-09 -0.000000000000000e+00 -1.974054722376876e-30  1.418469923392746e-13 
 1.148153621496882e+00  9.999197488684436e-09 -0.000000000000000e+00 -1.885207624298818e-30  1.386181605945729e-13 
 1.174897554939529e+00  9.999209505774028e-09 -0.000000000000000e+00 -1.800359304270740e-30  1.354628260334467e-13 
 1.202264434617413e+00  9.999215559715672e-09 -0.000000000000000e+00 -1.719329787806150e-30  1.323793156557459e-13 
 1.230268770812381e+00  9.999191721388459e-09 -0.000000000000000e+00 -1.641947199765658e-30  1.293659945434532e-13 
 1.258925411794167e+00  9.999185585015796e-09 -0.000000000000000e+00 -1.568047403023514e-30  1.264212649938288e-13 
 1.288249551693134e+00  9.999194025110053e-09 -0.000000000000000e+00 -1.497473644252082e-30  1.235435656722873e-13 
 1.318256738556407e+00  9.999224004291713e-09  9.765625000000000e-04 -1.430076228425436e-30  1.207313707845577e-13 
 1.348962882591653e+00  9.999211675790718e-09  9.765625000000000e-04 -1.365712195369058e-30  1.179831892676867e-13 
 1.380384264602885e+00  9.999196329518338e-09 -0.000000000000000e+00 -1.304245021017079e-30  1.152975639994576e-13 
 1.412537544622754e+00  9.999203773117516e-09 -0.000000000000000e+00 -1.245544325473536e-30  1.126730710258047e-13 
 1.445439770745927e+00  9.999200593628685e-09 -0.000000000000000e+00 -1.189485596342025e-30  1.101083188058141e-13 
 1.479108388168207e+00  9.999207304370467e-09 -0.000000000000000e+00 -1.135949925775868e-30  1.076019474739102e-13 
 1.513561248436208e+00  9.999197328739347e-09 -0.000000000000000e+00 -1.084823757181364e-30  1.051526281188371e-13 
 1.548816618912481e+00  9.999201526419669e-09 -0.000000000000000e+00 -1.035998645293859e-30  1.027590620790522e-13 
 1.584893192461113e+00  9.999202478586088e-09 -0.000000000000000e+00 -9.893710252034067e-31  1.004199802541586e-13 
 1.621810097358929e+00  9.999178153305130e-09 -0.000000000000000e+00 -9.448419940975665e-31  9.813414243201135e-14 
 1.659586907437560e+00  9.999219458801396e-09 -0.000000000000000e+00 -9.023170992642694e-31  9.590033663114048e-14 
 1.698243652461743e+00  9.999198806154068e-09 -0.000000000000000e+00 -8.617061399951404e-31  9.371737845814245e-14 
 1.737800828749374e+00  9.999202886495856e-09 -0.000000000000000e+00 -8.229229750633330e-31  9.158411047969909e-14 
 1.778279410038922e+00  9.999179317430300e-09 -0.000000000000000e+00 -7.858853400879235e-31  8.949940160889108e-14 
 1.819700858609982e+00  9.999197113817581e-09 -0.000000000000000e+00 -7.505146732078057e-31  8.746214650548073e-14 
 1.862087136662866e+00  9.999215454816713e-09 -0.000000000000000e+00 -7.167359486052443e-31  8.547126498984597e-14 
 1.905460717963246e+00  9.999205979255335e-09 -0.000000000000000e+00 -6.844775170743903e-31  8.352570147025475e-14 
 1.949844599758044e+00  9.999213910861898e-09  1.953125000000000e-03 -6.536709542332599e-31  8.162442438317638e-14 
 1.995262314968878e+00  9.999184565042876e-09 -0.000000000000000e+00 -6.242509149145687e-31  7.976642564633304e-14 
 2.041737944669527e+00  9.999200241716732e-09 -0.000000000000000e+00 -5.961549954071207e-31  7.795072012420082e-14 
 2.089296130854037e+00  9.999178418965418e-09 -0.000000000000000e+00 -5.693236006997722e-31  7.617634510567820e-14 
 2.137962089502230e+00  9.999199414768084e-09 -0.000000000000000e+00 -5.436998177932454e-31  7.444235979364373e-14 
 2.187761623949550e+00  9.999203857576460e-09 -0.000000000000000e+00 -5.192292950678753e-31  7.274784480613297e-14 
 2.238721138568337e+00  9.999237386732971e-09  1.953125000000000e-03 -4.958601274137954e-31  7.109190168886998e-14 
 2.290867652767770e+00  9.999195849945055e-09 -0.000000000000000e+00 -4.735427452273211e-31  6.947365243889503e-14 
 2.344228815319919e+00  9.999212214488777e-09 -0.000000000000000e+00 -4.522298108403396e-31  6.789223903903566e-14 
 2.398832919019488e+00  9.999222158629288e-09  1.953125000000000e-03 -4.318761165578142e-31  6.634682300297478e-14 
 2.454708915685027e+00  9.999214528111615e-09 -0.000000000000000e+00 -4.124384892816559e-31  6.483658493067415e-14 
 2.511886431509577e+00  9.999199705873240e-09 -0.000000000000000e+00 -3.938756995457549e-31  6.336072407391741e-14 
 2.570395782768860e+00  9.999199202532423e-09 -0.000000000000000e+00 -3.761483728131516e-31  6.191845791174299e-14 
 2.630267991895378e+00  9.999220262428680e-09 -0.000000000000000e+00 -3.592189073581556e-31  6.050902173554104e-14 
 2.691534803926912e+00  9.999185848409358e-09 -0.000000000000000e+00 -3.430513932371467e-31  5.913166824359487e-14 
 2.754228703338163e+00  9.999204439752581e-09  1.953125000000000e-03 -3.276115372116246e-31  5.778566714485159e-14 
 2.818382931264450e+00  9.999205899357921e-09 -0.000000000000000e+00 -3.128665890912639e-31  5.647030477171229e-14 
 2.884031503126602e+00  9.999198265198827e-09 -0.000000000000000e+00 -2.987852729973989e-31  5.518488370163579e-14 
 2.951209226666381e+00  9.999217395184251e-09 -0.000000000000000e+00 -2.853377205533929e-31  5.392872238735616e-14 
 3.019951720402012e+00  9.999207607443564e-09 -0.000000000000000e+00 -2.724954076212980e-31  5.270115479551735e-14 
 3.090295432513586e+00  9.999199110161472e-09 -0.000000000000000e+00 -2.602310939971767e-31  5.150153005353336e-14 
 3.162277660168374e+00  9.999189977282651e-09 -0.000000000000000e+00 -2.485187653756510e-31  5.032921210448712e-14 
 3.235936569296277e+00  9.999224427230679e-09 -0.000000000000000e+00 -2.373335784888618e-31  4.918357936988454e-14 
 3.311311214825905e+00  9.999196596930687e-09 -0.000000000000000e+00 -2.266518078487503e-31  4.806402442008551e-14 
 3.388441561392020e+00  9.999194051080237e-09 -0.000000000000000e+00 -2.164507960998637e-31  4.696995365223659e-14 
 3.467368504525310e+00  9.999221780493429e-09 -0.000000000000000e+00 -2.067089055137037e-31  4.590078697553492e-14 
 3.548133892335748e+00  9.999192170684265e-09 -0.000000000000000e+00 -1.974054721919195e-31  4.485595750365642e-14 
 3.630780547701007e+00  9.999227538797823e-09  3.906250000000000e-03 -1.885207624573454e-31  4.383491125418512e-14 
 3.715352290971718e+00  9.999232555067189e-09  3.906250000000000e-03 -1.800359304617349e-31  4.283710685488446e-14 
 3.801893963205605e+00  9.999196333997274e-09 -0.000000000000000e+00 -1.719329787841218e-31  4.186201525665441e-14 
 3.890451449942799e+00  9.999222609258269e-09  3.906250000000000e-03 -1.641947200563979e-31  4.090911945302269e-14 
 3.981071705534965e+00  9.999199704609591e-09 -0.000000000000000e+00 -1.568047402831530e-31  3.997791420602121e-14 
 4.073802778041119e+00  9.999209156448679e-09 -0.000000000000000e+00 -1.497473644084575e-31  3.906790577830199e-14 
 4.168693834703346e+00  9.999231524617183e-09  3.906250000000000e-03 -1.430076228254122e-31  3.817861167135128e-14 
 4.265795188015918e+00  9.999199205436618e-09 -0.000000000000000e+00 -1.365712195041228e-31  3.730956036966242e-14 
 4.365158322401651e+00  9.999190399411934e-09 -0.000000000000000e+00 -1.304245021185219e-31  3.646029109073195e-14 
 4.466835921509622e+00  9.999208478532765e-09  3.906250000000000e-03 -1.245544325554254e-31  3.563035354074678e-14 
 4.570881896148741e+00  9.999219307879523e-09  3.906250000000000e-03 -1.189485596544864e-31  3.481930767583242e-14 
 4.677351412871972e+00  9.999206280607786e-09 -0.000000000000000e+00 -1.135949925652006e-31  3.402672346873581e-14 
 4.786300923226373e+00  9.999221202432770e-09  3.906250000000000e-03 -1.084823757532800e-31  3.325218068081924e-14 
 4.897788193684452e+00  9.999193546573466e-09 -0.000000000000000e+00 -1.035998645236466e-31  3.249526863924429e-14 
 5.011872336272712e+00  9.999183088093491e-09 -0.000000000000000e+00 -9.893710250995292e-32  3.175558601922761e-14 
 5.128613839913638e+00  9.999187291347392e-09 -0.000000000000000e+00 -9.448419937998981e-32  3.103274063125318e-14 
 5.248074602497715e+00  9.999227020224555e-09  3.906250000000000e-03 -9.023170994033125e-32  3.032634921312832e-14 
 5.370317963702516e+00  9.999199433649214e-09 -0.000000000000000e+00 -8.617061399400885e-32  2.963603722677296e-14 
 5.495408738576233e+00  9.999198239982186e-09 -0.000000000000000e+00 -8.229229750647567e-32  2.896143865963457e-14 
 5.623413251903478e+00  9.999194718435756e-09 -0.000000000000000e+00 -7.858853400298623e-32  2.830219583062346e-14 
 5.754399373371556e+00  9.999198251237408e-09 -0.000000000000000e+00 -7.505146732526928e-32  2.765795920046560e-14 
 5.888436553555876e+00  9.999186271919398e-09 -0.000000000000000e+00 -7.167359484619765e-32  2.702838718637220e-14 
 6.025595860743564e+00  9.999207602324375e-09 -0.000000000000000e+00 -6.844775170644561e-32  2.641314598092801e-14 
 6.165950018614807e+00  9.999203186446901e-09 -0.000000000000000e+00 -6.536709540884335e-32  2.581190937510224e-14 
 6.309573444801917e+00  9.999201486396057e-09 -0.000000000000000e+00 -6.242509148242087e-32  2.522435858528814e-14 
 6.456542290346539e+00  9.999197987244016e-09 -0.000000000000000e+00 -5.961549955060129e-32  2.465018208427984e-14 
 6.606934480075944e+00  9.999218334421924e-09 -0.000000000000000e+00 -5.693236009351776e-32  2.408907543609634e-14 
 6.760829753919801e+00  9.999184680937838e-09 -0.000000000000000e+00 -5.436998176459134e-32  2.354074113456567e-14 
 6.918309709189348e+00  9.999202032299633e-09  7.812500000000000e-03 -5.192292951911725e-32  2.300488844558308e-14 
 7.079457843841362e+00  9.999202751359582e-09 -0.000000000000000e+00 -4.958601272329814e-32  2.248123325296006e-14 
 7.244359600749883e+00  9.999220094424751e-09  7.812500000000000e-03 -4.735427452887187e-32  2.196949790778204e-14 
 7.413102413009157e+00  9.999193464555845e-09 -0.000000000000000e+00 -4.522298108838368e-32  2.146941108119542e-14 
 7.585775750291819e+00  9.999188377339286e-09 -0.000000000000000e+00 -4.318761164511217e-32  2.098070762054531e-14 
 7.762471166286898e+00  9.999194855982729e-09 -0.000000000000000e+00 -4.124384892924220e-32  2.050312840878809e-14 
 7.943282347242794e+00  9.999198979138897e-09 -0.000000000000000e+00 -3.938756994738608e-32  2.003642022710421e-14 
 8.128305161640972e+00  9.999223802307114e-09 -0.000000000000000e+00 -3.761483729170763e-32  1.958033562063812e-14 
 8.317637711026689e+00  9.999207160978266e-09 -0.000000000000000e+00 -3.592189073230757e-32  1.913463276729446e-14 
 8.511380382023743e+00  9.999207686920219e-09 -0.000000000000000e+00 -3.430513932379730e-32  1.869907534952083e-14 
 8.709635899560784e+00  9.999198255655669e-09 -0.000000000000000e+00 -3.276115371652348e-32  1.827343242900904e-14 
 8.912509381337431e+00  9.999214068601109e-09 -0.000000000000000e+00 -3.128665891134763e-32  1.785747832424859e-14 
 9.120108393559072e+00  9.999221261988116e-09  7.812500000000000e-03 -2.987852730643003e-32  1.745099249086731e-14 
 9.332543007969884e+00  9.999191632589234e-09 -0.000000000000000e+00 -2.853377204912937e-32  1.705375940469590e-14 
 9.549925860214332e+00  9.999188376386523e-09 -0.000000000000000e+00 -2.724954076240757e-32  1.666556844749404e-14 
 9.772372209558078e+00  9.999215754374340e-09 -0.000000000000000e+00 -2.602310940309698e-32  1.628621379527793e-14 
 9.999999999999970e+00  9.999199260927437e-09 -0.000000000000000e+00 -2.485187654360122e-32  1.591549430918958e-14 
 1.023292992280751e+01  9.999223201751605e-09  7.812500000000000e-03 -2.373335785088567e-32  1.555321342885044e-14 
 1.047128548050896e+01  9.999217496618935e-09 -0.000000000000000e+00 -2.266518078800537e-32  1.519917906814240e-14 
 1.071519305237603e+01  9.999184037516874e-09 -0.000000000000000e+00 -2.164507960643441e-32  1.485320351336121e-14 
 1.096478196143182e+01  9.999233350783805e-09  7.812500000000000e-03 -2.067089056133203e-32  1.451510332368819e-14 
 1.122018454301960e+01  9.999198666084799e-09 -0.000000000000000e+00 -1.974054722285375e-32  1.418469923392750e-14 
 1.148153621496879e+01  9.999185833738714e-09 -0.000000000000000e+00 -1.885207624031000e-32  1.386181605945733e-14 
 1.174897554939526e+01  9.999218450592190e-09 -0.000000000000000e+00 -1.800359304695144e-32  1.354628260334471e-14 
 1.202264434617409e+01  9.999197253376100e-09 -0.000000000000000e+00 -1.719329787937280e-32  1.323793156557463e-14 
 1.230268770812378e+01  9.999197965638086e-09 -0.000000000000000e+00 -1.641947200149511e-32  1.293659945434535e-14 
 1.258925411794163e+01  9.999204754106511e-09 -0.000000000000000e+00 -1.568047402729810e-32  1.264212649938291e-14 
 1.288249551693130e+01  9.999180948045870e-09 -0.000000000000000e+00 -1.497473643909271e-32  1.235435656722877e-14 
 1.318256738556403e+01  9.999200586372497e-09 -0.000000000000000e+00 -1.430076228093545e-32  1.207313707845581e-14 
 1.348962882591649e+01  9.999204829107084e-09 -0.000000000000000e+00 -1.365712195336378e-32  1.179831892676872e-14 
 1.380384264602880e+01  9.999196329518305e-09 -0.000000000000000e+00 -1.304245021061445e-32  1.152975639994580e-14 
 1.412537544622749e+01  9.999193019080699e-09 -0.000000000000000e+00 -1.245544325513133e-32  1.126730710258051e-14 
 1.445439770745922e+01  9.999193257274999e-09 -0.000000000000000e+00 -1.189485596366236e-32  1.101083188058145e-14 
 1.479108388168202e+01  9.999192289891870e-09 -0.000000000000000e+00 -1.135949925905240e-32  1.076019474739105e-14 
 1.513561248436203e+01  9.999201169791990e-09 -0.000000000000000e+00 -1.084823757243925e-32  1.051526281188374e-14 
 1.548816618912476e+01  9.999209387464207e-09 -0.000000000000000e+00 -1.035998645311828e-32  1.027590620790525e-14 
 1.584893192461108e+01  9.999202478586055e-09 -0.000000000000000e+00 -9.893710254898255e-33  1.004199802541589e-14 
 1.621810097358924e+01  9.999223426688121e-09  1.562500000000000e-02 -9.448419941678909e-33  9.813414243201165e-15 
 1.659586907437554e+01  9.999211035540348e-09 -0.000000000000000e+00 -9.023170993540818e-33  9.590033663114078e-15 
 1.698243652461738e+01  9.999203115886018e-09  1.562500000000000e-02 -8.617061401314204e-33  9.371737845814272e-15 
 1.737800828749369e+01  9.999194066258743e-09 -0.000000000000000e+00 -8.229229750763083e-33  9.158411047969940e-15 
 1.778279410038916e+01  9.999197368803850e-09 -0.000000000000000e+00 -7.858853400264576e-33  8.949940160889138e-15 
 1.819700858609976e+01  9.999190186876019e-09 -0.000000000000000e+00 -7.505146732577401e-33  8.746214650548101e-15 
 1.862087136662860e+01  9.999203640998801e-09 -0.000000000000000e+00 -7.167359485761679e-33  8.547126498984624e-15 
 1.905460717963240e+01  9.999196308057664e-09 -0.000000000000000e+00 -6.844775170436483e-33  8.352570147025500e-15 
 1.949844599758038e+01  9.999206488510290e-09 -0.000000000000000e+00 -6.536709542007908e-33  8.162442438317666e-15 
 1.995262314968872e+01  9.999197223776775e-09 -0.000000000000000e+00 -6.242509149621142e-33  7.976642564633328e-15 
 2.041737944669521e+01  9.999215786029166e-09 -0.000000000000000e+00 -5.961549957100331e-33  7.795072012420105e-15 
 2.089296130854031e+01  9.999231440252103e-09  1.562500000000000e-02 -5.693236010878938e-33  7.617634510567838e-15 
 2.137962089502224e+01  9.999221117292510e-09 -0.000000000000000e+00 -5.436998179646821e-33  7.444235979364393e-15 
 2.187761623949544e+01  9.999198305566134e-09 -0.000000000000000e+00 -5.192292951037016e-33  7.274784480613319e-15 
 2.238721138568331e+01  9.999203298733561e-09 -0.000000000000000e+00 -4.958601272863755e-33  7.109190168887020e-15 
 2.290867652767764e+01  9.999204570447748e-09 -0.000000000000000e+00 -4.735427453000339e-33  6.947365243889523e-15 
 2.344228815319913e+01  9.999194367230097e-09 -0.000000000000000e+00 -4.522298108204238e-33  6.789223903903586e-15 
 2.398832919019481e+01  9.999191720338079e-09 -0.000000000000000e+00 -4.318761164771825e-33  6.634682300297501e-15 
 2.454708915685020e+01  9.999198954466556e-09 -0.000000000000000e+00 -4.124384894060799e-33  6.483658493067433e-15 
 2.511886431509570e+01  9.999183769471387e-09 -0.000000000000000e+00 -3.938756995082869e-33  6.336072407391759e-15 
 2.570395782768853e+01  9.999205725575718e-09 -0.000000000000000e+00 -3.761483729289254e-33  6.191845791174316e-15 
 2.630267991895371e+01  9.999193562490565e-09 -0.000000000000000e+00 -3.592189073640559e-33  6.050902173554122e-15 
 2.691534803926904e+01  9.999220000733747e-09  3.125000000000000e-02 -3.430513933704224e-33  5.913166824359504e-15 
 2.754228703338154e+01  9.999204439752551e-09 -0.000000000000000e+00 -3.276115372163676e-33  5.778566714485179e-15 
 2.818382931264442e+01  9.999198746983114e-09 -0.000000000000000e+00 -3.128665891596596e-33  5.647030477171246e-15 
 2.884031503126593e+01  9.999201924686291e-09 -0.000000000000000e+00 -2.987852730355979e-33  5.518488370163594e-15 
 2.951209226666373e+01  9.999209905728409e-09 -0.000000000000000e+00 -2.853377205886886e-33  5.392872238735631e-15 
 3.019951720402003e+01  9.999196111582058e-09 -0.000000000000000e+00 -2.724954076794590e-33  5.270115479551750e-15 
 3.090295432513577e+01  9.999206952584435e-09 -0.000000000000000e+00 -2.602310940883559e-33  5.150153005353352e-15 
 3.162277660168365e+01  9.999230102765079e-09 -0.000000000000000e+00 -2.485187655459234e-33  5.032921210448726e-15 
 3.235936569296268e+01  9.999208003180648e-09 -0.000000000000000e+00 -2.373335784989064e-33  4.918357936988468e-15 
 3.311311214825896e+01  9.999200798584477e-09 -0.000000000000000e+00 -2.266518079122614e-33  4.806402442008564e-15 
 3.388441561392010e+01  9.999228447263475e-09  3.125000000000000e-02 -2.164507962232344e-33  4.696995365223670e-15 
 3.467368504525301e+01  9.999199782135092e-09 -0.000000000000000e+00 -2.067089055588600e-33  4.590078697553503e-15 
 3.548133892335738e+01  9.999192170684237e-09 -0.000000000000000e+00 -1.974054722774389e-33  4.485595750365654e-15 
 3.630780547700997e+01  9.999206807199698e-09 -0.000000000000000e+00 -1.885207624820442e-33  4.383491125418527e-15 
 3.715352290971708e+01  9.999206626234985e-09 -0.000000000000000e+00 -1.800359304884253e-33  4.283710685488460e-15 
 3.801893963205595e+01  9.999208394357369e-09  3.125000000000000e-02 -1.719329788664659e-33  4.186201525665451e-15 
 3.890451449942788e+01  9.999190521925056e-09 -0.000000000000000e+00 -1.641947200855684e-33  4.090911945302282e-15 
 3.981071705534954e+01  9.999202230359041e-09 -0.000000000000000e+00 -1.568047403548169e-33  3.997791420602132e-15 
 4.073802778041109e+01  9.999203987285175e-09 -0.000000000000000e+00 -1.497473644838666e-33  3.906790577830209e-15 
 4.168693834703335e+01  9.999228879832775e-09  3.125000000000000e-02 -1.430076228881450e-33  3.817861167135139e-15 
 4.265795188015907e+01  9.999215443772537e-09 -0.000000000000000e+00 -1.365712196133955e-33  3.730956036966252e-15 
 4.365158322401639e+01  9.999218093704203e-09  3.125000000000000e-02 -1.304245022001268e-33  3.646029109073203e-15 
 4.466835921509610e+01  9.999236817907974e-09  3.125000000000000e-02 -1.245544326537994e-33  3.563035354074687e-15 
 4.570881896148729e+01  9.999196108292230e-09 -0.000000000000000e+00 -1.189485597115097e-33  3.481930767583252e-15 
 4.677351412871960e+01  9.999188475626454e-09 -0.000000000000000e+00 -1.135949926094573e-33  3.402672346873591e-15 
 4.786300923226361e+01  9.999190836245084e-09 -0.000000000000000e+00 -1.084823757471968e-33  3.325218068081933e-15 
 4.897788193684438e+01  9.999205975976252e-09 -0.000000000000000e+00 -1.035998645880064e-33  3.249526863924439e-15 
 5.011872336272698e+01  9.999202166474660e-09 -0.000000000000000e+00 -9.893710258527153e-34  3.175558601922770e-15 
 5.128613839913623e+01  9.999206814121145e-09 -0.000000000000000e+00 -9.448419946772881e-34  3.103274063125327e-15 
 5.248074602497700e+01  9.999180406016790e-09 -0.000000000000000e+00 -9.023170997857912e-34  3.032634921312842e-15 
 5.370317963702501e+01  9.999230097929833e-09  6.250000000000000e-02 -8.617061408112844e-34  2.963603722677304e-15 
 5.495408738576219e+01  9.999226132020827e-09 -0.000000000000000e+00 -8.229229758329105e-34  2.896143865963465e-15 
 5.623413251903463e+01  9.999201853867655e-09 -0.000000000000000e+00 -7.858853406996103e-34  2.830219583062354e-15 
 5.754399373371541e+01  9.999209203693611e-09 -0.000000000000000e+00 -7.505146738936860e-34  2.765795920046568e-15 
 5.888436553555861e+01  9.999227366348976e-09 -0.000000000000000e+00 -7.167359494261637e-34  2.702838718637228e-15 
 6.025595860743547e+01  9.999192310818225e-09 -0.000000000000000e+00 -6.844775176051398e-34  2.641314598092809e-15 
 6.165950018614791e+01  9.999207098369639e-09 -0.000000000000000e+00 -6.536709547245437e-34  2.581190937510230e-15 
 6.309573444801901e+01  9.999201486396031e-09 -0.000000000000000e+00 -6.242509154871433e-34  2.522435858528821e-15 
 6.456542290346522e+01  9.999197987243989e-09 -0.000000000000000e+00 -5.961549962318367e-34  2.465018208427989e-15 
 6.606934480075925e+01  9.999197375918083e-09 -0.000000000000000e+00 -5.693236014201339e-34  2.408907543609640e-15 
 6.760829753919782e+01  9.999197548951856e-09 -0.000000000000000e+00 -5.436998184744609e-34  2.354074113456573e-15 
 6.918309709189329e+01  9.999193253800536e-09 -0.000000000000000e+00 -5.192292956860020e-34  2.300488844558316e-15 
 7.079457843841342e+01  9.999209488591988e-09 -0.000000000000000e+00 -4.958601278781104e-34  2.248123325296012e-15 
 7.244359600749863e+01  9.999201709990761e-09 -0.000000000000000e+00 -4.735427458060490e-34  2.196949790778211e-15 
 7.413102413009136e+01  9.999188761390206e-09 -0.000000000000000e+00 -4.522298114332819e-34  2.146941108119548e-15 
 7.585775750291798e+01  9.999212440921310e-09  6.250000000000000e-02 -4.318761173042150e-34  2.098070762054536e-15 
 7.762471166286876e+01  9.999192393573211e-09 -0.000000000000000e+00 -4.124384900651903e-34  2.050312840878815e-15 
 7.943282347242773e+01  9.999201498905242e-09 -0.000000000000000e+00 -3.938757001315702e-34  2.003642022710427e-15 
 8.128305161640949e+01  9.999200596173635e-09 -0.000000000000000e+00 -3.761483734825896e-34  1.958033562063816e-15 
 8.317637711026666e+01  9.999196606901021e-09 -0.000000000000000e+00 -3.592189079975549e-34  1.913463276729451e-15 
 8.511380382023719e+01  9.999207686920192e-09 -0.000000000000000e+00 -3.430513939263404e-34  1.869907534952088e-15 
 8.709635899560760e+01  9.999181678442314e-09 -0.000000000000000e+00 -3.276115377746650e-34  1.827343242900909e-15 
 8.912509381337408e+01  9.999199932479225e-09 -0.000000000000000e+00 -3.128665897294897e-34  1.785747832424863e-15 
 9.120108393559049e+01  9.999203903514766e-09 -0.000000000000000e+00 -2.987852736503598e-34  1.745099249086736e-15 
 9.332543007969861e+01  9.999200513991264e-09 -0.000000000000000e+00 -2.853377211588925e-34  1.705375940469594e-15 
 9.549925860214309e+01  9.999179288110017e-09 -0.000000000000000e+00 -2.724954082046318e-34  1.666556844749407e-15 
 9.772372209558054e+01  9.999203354414799e-09 -0.000000000000000e+00 -2.602310946636663e-34  1.628621379527796e-15 
 9.999999999999946e+01  9.999196088729494e-09 -0.000000000000000e+00 -2.485187660977414e-34  1.591549430918962e-15 
 1.023292992280749e+02  9.999200479136275e-09 -0.000000000000000e+00 -2.373335791154102e-34  1.555321342885048e-15 
 1.047128548050894e+02  9.999194244725899e-09 -0.000000000000000e+00 -2.266518084945378e-34  1.519917906814244e-15 
 1.071519305237600e+02  9.999201032873400e-09 -0.000000000000000e+00 -2.164507967490103e-34  1.485320351336125e-15 
 1.096478196143179e+02  9.999209003062811e-09 -0.000000000000000e+00 -2.067089061595015e-34  1.451510332368823e-15 
 1.122018454301957e+02  9.999237817995444e-09  1.250000000000000e-01 -1.974054729836412e-34  1.418469923392753e-15 
 1.148153621496876e+02  9.999214971102920e-09 -0.000000000000000e+00 -1.885207631120043e-34  1.386181605945737e-15 
 1.174897554939523e+02  9.999225904607323e-09  1.250000000000000e-01 -1.800359311094324e-34  1.354628260334474e-15 
 1.202264434617406e+02  9.999208694838288e-09 -0.000000000000000e+00 -1.719329794404903e-34  1.323793156557467e-15 
 1.230268770812374e+02  9.999209673606165e-09 -0.000000000000000e+00 -1.641947206791228e-34  1.293659945434539e-15 
 1.258925411794160e+02  9.999196766985340e-09 -0.000000000000000e+00 -1.568047409540167e-34  1.264212649938295e-15 
 1.288249551693126e+02  9.999193207793487e-09 -0.000000000000000e+00 -1.497473650642386e-34  1.235435656722880e-15 
 1.318256738556399e+02  9.999200586372473e-09 -0.000000000000000e+00 -1.430076234608882e-34  1.207313707845584e-15 
 1.348962882591645e+02  9.999217666638809e-09 -0.000000000000000e+00 -1.365712201867263e-34  1.179831892676875e-15 
 1.380384264602876e+02  9.999196329518278e-09 -0.000000000000000e+00 -1.304245027433761e-34  1.152975639994583e-15 
 1.412537544622746e+02  9.999215423323974e-09 -0.000000000000000e+00 -1.245544332076525e-34  1.126730710258054e-15 
 1.445439770745919e+02  9.999186379443424e-09 -0.000000000000000e+00 -1.189485602965574e-34  1.101083188058147e-15 
 1.479108388168198e+02  9.999196981916398e-09 -0.000000000000000e+00 -1.135949932212949e-34  1.076019474739108e-15 
 1.513561248436199e+02  9.999208371765729e-09 -0.000000000000000e+00 -1.084823763971593e-34  1.051526281188377e-15 
 1.548816618912472e+02  9.999187278276331e-09 -0.000000000000000e+00 -1.035998651536131e-34  1.027590620790528e-15 
 1.584893192461104e+02  9.999194937193701e-09 -0.000000000000000e+00 -9.893710316056831e-35  1.004199802541592e-15 
 1.621810097358920e+02  9.999205420228943e-09 -0.000000000000000e+00 -9.448420005613830e-35  9.813414243201189e-16 
 1.659586907437551e+02  9.999200506464054e-09 -0.000000000000000e+00 -9.023171057491254e-35  9.590033663114100e-16 
 1.698243652461734e+02  9.999211196633468e-09 -0.000000000000000e+00 -8.617061466402397e-35  9.371737845814297e-16 
 1.737800828749365e+02  9.999199578906893e-09 -0.000000000000000e+00 -8.229229815294219e-35  9.158411047969964e-16 
 1.778279410038912e+02  9.999205830385195e-09 -0.000000000000000e+00 -7.858853465236770e-35  8.949940160889158e-16 
 1.819700858609972e+02  9.999198845552909e-09 -0.000000000000000e+00 -7.505146796692329e-35  8.746214650548124e-16 
 1.862087136662855e+02  9.999200687544305e-09 -0.000000000000000e+00 -7.167359551348850e-35  8.547126498984645e-16 
 1.905460717963235e+02  9.999202352556162e-09 -0.000000000000000e+00 -6.844775235346109e-35  8.352570147025522e-16 
 1.949844599758032e+02  9.999221951742717e-09 -0.000000000000000e+00 -6.536709606612253e-35  8.162442438317690e-16 
 1.995262314968867e+02  9.999197223776747e-09 -0.000000000000000e+00 -6.242509213811129e-35  7.976642564633350e-16 
 2.041737944669516e+02  9.999219024427568e-09  2.500000000000000e-01 -5.961550021455433e-35  7.795072012420124e-16 
 2.089296130854026e+02  9.999201615778299e-09 -0.000000000000000e+00 -5.693236072988191e-35  7.617634510567862e-16 
 2.137962089502218e+02  9.999183816078574e-09 -0.000000000000000e+00 -5.436998242302805e-35  7.444235979364417e-16 
 2.187761623949538e+02  9.999222595611157e-09 -0.000000000000000e+00 -5.192293017450907e-35  7.274784480613338e-16 
 2.238721138568325e+02  9.999199747900264e-09 -0.000000000000000e+00 -4.958601337619489e-35  7.109190168887040e-16 
 2.290867652767758e+02  9.999182769190916e-09 -0.000000000000000e+00 -4.735427516873486e-35  6.947365243889541e-16 
 2.344228815319906e+02  9.999205521766728e-09 -0.000000000000000e+00 -4.522298173823164e-35  6.789223903903604e-16 
 2.398832919019474e+02  9.999206939483644e-09 -0.000000000000000e+00 -4.318761230436638e-35  6.634682300297517e-16 
 2.454708915685014e+02  9.999195061055271e-09 -0.000000000000000e+00 -4.124384958927472e-35  6.483658493067453e-16 
 2.511886431509563e+02  9.999195721772729e-09 -0.000000000000000e+00 -3.938757060172598e-35  6.336072407391775e-16 
 2.570395782768846e+02  9.999193494869461e-09 -0.000000000000000e+00 -3.761483793696298e-35  6.191845791174332e-16 
 2.630267991895364e+02  9.999210249951844e-09 -0.000000000000000e+00 -3.592189138377533e-35  6.050902173554137e-16 
 2.691534803926897e+02  9.999202924571512e-09 -0.000000000000000e+00 -3.430513997485580e-35  5.913166824359520e-16 
 2.754228703338148e+02  9.999208808231810e-09 -0.000000000000000e+00 -3.276115437070768e-35  5.778566714485193e-16 
 2.818382931264435e+02  9.999209922568680e-09 -0.000000000000000e+00 -3.128665956942259e-35  5.647030477171260e-16 
 2.884031503126586e+02  9.999206499045632e-09 -0.000000000000000e+00 -2.987852795299349e-35  5.518488370163608e-16 
 2.951209226666365e+02  9.999219267548152e-09  2.500000000000000e-01 -2.853377271326733e-35  5.392872238735644e-16 
 3.019951720401995e+02  9.999196111582033e-09 -0.000000000000000e+00 -2.724954141460810e-35  5.270115479551764e-16 
 3.090295432513569e+02  9.999187346526925e-09 -0.000000000000000e+00 -2.602311005165009e-35  5.150153005353366e-16 
 3.162277660168357e+02  9.999232610607705e-09  2.500000000000000e-01 -2.485187720478313e-35  5.032921210448737e-16 
 3.235936569296260e+02  9.999218268211872e-09  2.500000000000000e-01 -2.373335850385190e-35  4.918357936988480e-16 
 3.311311214825888e+02  9.999213928752634e-09 -0.000000000000000e+00 -2.266518144043506e-35  4.806402442008577e-16 
 3.388441561392002e+02  9.999185452034366e-09 -0.000000000000000e+00 -2.164508025897795e-35  4.696995365223685e-16 
 3.467368504525292e+02  9.999216280903798e-09  2.500000000000000e-01 -2.067089120649223e-35  4.590078697553514e-16 
 3.548133892335729e+02  9.999197798375685e-09 -0.000000000000000e+00 -1.974054787585013e-35  4.485595750365666e-16 
 3.630780547700987e+02  9.999180892702046e-09 -0.000000000000000e+00 -1.885207689209470e-35  4.383491125418538e-16 
 3.715352290971698e+02  9.999203679776755e-09 -0.000000000000000e+00 -1.800359369489812e-35  4.283710685488472e-16 
 3.801893963205584e+02  9.999199349087250e-09 -0.000000000000000e+00 -1.719329852879448e-35  4.186201525665464e-16 
 3.890451449942777e+02  9.999215204489020e-09 -0.000000000000000e+00 -1.641947265953192e-35  4.090911945302292e-16 
 3.981071705534943e+02  9.999205387545860e-09 -0.000000000000000e+00 -1.568047467978340e-35  3.997791420602141e-16 
 4.073802778041097e+02  9.999197525830798e-09 -0.000000000000000e+00 -1.497473709287205e-35  3.906790577830220e-16 
 4.168693834703323e+02  9.999202431988931e-09 -0.000000000000000e+00 -1.430076293194564e-35  3.817861167135150e-16 
 4.265795188015895e+02  9.999212060785853e-09 -0.000000000000000e+00 -1.365712260780367e-35  3.730956036966263e-16 
 4.365158322401627e+02  9.999197322984953e-09 -0.000000000000000e+00 -1.304245086269613e-35  3.646029109073215e-16 
 4.466835921509598e+02  9.999194308845097e-09 -0.000000000000000e+00 -1.245544390688843e-35  3.563035354074699e-16 
 4.570881896148716e+02  9.999203358163224e-09 -0.000000000000000e+00 -1.189485661570204e-35  3.481930767583261e-16 
 4.677351412871947e+02  9.999240406821899e-09  5.000000000000000e-01 -1.135949991470024e-35  3.402672346873599e-16 
 4.786300923226348e+02  9.999206019338887e-09 -0.000000000000000e+00 -1.084823822438973e-35  3.325218068081942e-16 
 4.897788193684425e+02  9.999202091787846e-09 -0.000000000000000e+00 -1.035998710571310e-35  3.249526863924448e-16 
 5.011872336272685e+02  9.999218065125631e-09  5.000000000000000e-01 -9.893710908741276e-36  3.175558601922777e-16 
 5.128613839913610e+02  9.999178343409353e-09 -0.000000000000000e+00 -9.448420590597110e-36  3.103274063125335e-16 
 5.248074602497686e+02  9.999226187827933e-09  5.000000000000000e-01 -9.023171646849936e-36  3.032634921312849e-16 
 5.370317963702487e+02  9.999217321146203e-09  5.000000000000000e-01 -8.617062053927194e-36  2.963603722677312e-16 
 5.495408738576203e+02  9.999186908841423e-09 -0.000000000000000e+00 -8.229230401302093e-36  2.896143865963472e-16 
 5.623413251903447e+02  9.999192934577721e-09 -0.000000000000000e+00 -7.858854050825406e-36  2.830219583062362e-16 
 5.754399373371524e+02  9.999204640170152e-09 -0.000000000000000e+00 -7.505147383262275e-36  2.765795920046576e-16 
 5.888436553555844e+02  9.999208687062764e-09 -0.000000000000000e+00 -7.167360139192573e-36  2.702838718637235e-16 
 6.025595860743530e+02  9.999211425200848e-09 -0.000000000000000e+00 -6.844775823512183e-36  2.641314598092817e-16 
 6.165950018614773e+02  9.999229102935159e-09  5.000000000000000e-01 -6.536710194615151e-36  2.581190937510237e-16 
 6.309573444801882e+02  9.999201486396001e-09 -0.000000000000000e+00 -6.242509800741405e-36  2.522435858528829e-16 
 6.456542290346504e+02  9.999226149210240e-09  5.000000000000000e-01 -5.961550607593113e-36  2.465018208427996e-16 
 6.606934480075907e+02  9.999197375918057e-09 -0.000000000000000e+00 -5.693236660122631e-36  2.408907543609648e-16 
 6.760829753919763e+02  9.999184144770528e-09 -0.000000000000000e+00 -5.436998829573022e-36  2.354074113456580e-16 
 6.918309709189309e+02  9.999217943329134e-09 -0.000000000000000e+00 -5.192293603140084e-36  2.300488844558321e-16 
 7.079457843841321e+02  9.999203874231596e-09 -0.000000000000000e+00 -4.958601924096378e-36  2.248123325296019e-16 
 7.244359600749841e+02  9.999207455126344e-09 -0.000000000000000e+00 -4.735428104125579e-36  2.196949790778217e-16 
 7.413102413009113e+02  9.999194640347188e-09 -0.000000000000000e+00 -4.522298760904856e-36  2.146941108119555e-16 
 7.585775750291774e+02  9.999200409130251e-09 -0.000000000000000e+00 -4.318761817406337e-36  2.098070762054543e-16 
 7.762471166286851e+02  9.999229329715505e-09  1.000000000000000e+00 -4.124385546588348e-36  2.050312840878821e-16 
 7.943282347242747e+02  9.999220397153011e-09 -0.000000000000000e+00 -3.938757648215373e-36  2.003642022710433e-16 
 8.128305161640923e+02  9.999216711544054e-09 -0.000000000000000e+00 -3.761484380491762e-36  1.958033562063823e-16 
 8.317637711026639e+02  9.999196606900990e-09 -0.000000000000000e+00 -3.592189725644287e-36  1.913463276729458e-16 
 8.511380382023692e+02  9.999200936974376e-09 -0.000000000000000e+00 -3.430514585033546e-36  1.869907534952094e-16 
 8.709635899560732e+02  9.999202399958941e-09 -0.000000000000000e+00 -3.276116024048416e-36  1.827343242900915e-16 
 8.912509381337379e+02  9.999221136661978e-09 -0.000000000000000e+00 -3.128666543010904e-36  1.785747832424869e-16 
 9.120108393559019e+02  9.999203903514735e-09 -0.000000000000000e+00 -2.987853382335595e-36  1.745099249086742e-16 
 9.332543007969830e+02  9.999200513991231e-09 -0.000000000000000e+00 -2.853377857486661e-36  1.705375940469600e-16 
 9.549925860214277e+02  9.999205795583059e-09 -0.000000000000000e+00 -2.724954728565122e-36  1.666556844749413e-16 
 9.772372209558022e+02  9.999211104389464e-09 -0.000000000000000e+00 -2.602311592586595e-36  1.628621379527801e-16 
 9.999999999999912e+02  9.999204019224259e-09 -0.000000000000000e+00 -2.485188306769877e-36  1.591549430918967e-16 
 1.023292992280745e+03  9.999208594355992e-09 -0.000000000000000e+00 -2.373336436966203e-36  1.555321342885054e-16 
 1.047128548050890e+03  9.999206701097120e-09 -0.000000000000000e+00 -2.266518730614655e-36  1.519917906814250e-16 
 1.071519305237597e+03  9.999196784034230e-09 -0.000000000000000e+00 -2.164508613083337e-36  1.485320351336130e-16 
 1.096478196143175e+03  9.999174220604253e-09 -0.000000000000000e+00 -2.067089706499586e-36  1.451510332368828e-16 
 1.122018454301953e+03  9.999208898970484e-09 -0.000000000000000e+00 -1.974055374938414e-36  1.418469923392759e-16 
 1.148153621496872e+03  9.999226352885791e-09  1.000000000000000e+00 -1.885208277060208e-36  1.386181605945741e-16 
 1.174897554939519e+03  9.999200281430182e-09 -0.000000000000000e+00 -1.800359956664050e-36  1.354628260334479e-16 
 1.202264434617402e+03  9.999206311200295e-09 -0.000000000000000e+00 -1.719330440141806e-36  1.323793156557471e-16 
 1.230268770812370e+03  9.999202356126066e-09 -0.000000000000000e+00 -1.641947852444589e-36  1.293659945434543e-16 
 1.258925411794156e+03  9.999239198566386e-09  1.000000000000000e+00 -1.568048055725766e-36  1.264212649938298e-16 
 1.288249551693122e+03  9.999203424249823e-09 -0.000000000000000e+00 -1.497474296493466e-36  1.235435656722884e-16 
 1.318256738556395e+03  9.999203199979492e-09 -0.000000000000000e+00 -1.430076880305818e-36  1.207313707845588e-16 
 1.348962882591641e+03  9.999206968695653e-09 -0.000000000000000e+00 -1.365712847487732e-36  1.179831892676878e-16 
 1.380384264602872e+03  9.999204539865918e-09 -0.000000000000000e+00 -1.304245673321541e-36  1.152975639994587e-16 
 1.412537544622741e+03  9.999195819611053e-09 -0.000000000000000e+00 -1.245544977768132e-36  1.126730710258057e-16 
 1.445439770745914e+03  9.999206439785413e-09 -0.000000000000000e+00 -1.189486248595897e-36  1.101083188058151e-16 
 1.479108388168193e+03  9.999202846947053e-09 -0.000000000000000e+00 -1.135950577970867e-36  1.076019474739112e-16 
 1.513561248436194e+03  9.999205370943292e-09 -0.000000000000000e+00 -1.084824409369046e-36  1.051526281188381e-16 
 1.548816618912467e+03  9.999202631878971e-09 -0.000000000000000e+00 -1.035999297494097e-36  1.027590620790531e-16 
 1.584893192461099e+03  9.999210648427689e-09 -0.000000000000000e+00 -9.893716778508946e-37  1.004199802541595e-16 
 1.621810097358915e+03  9.999195773911503e-09 -0.000000000000000e+00 -9.448426462030603e-37  9.813414243201223e-17 
 1.659586907437545e+03  9.999200506464020e-09 -0.000000000000000e+00 -9.023177513489539e-37  9.590033663114132e-17 
 1.698243652461728e+03  9.999234765480226e-09  2.000000000000000e+00 -8.617067925725130e-37  9.371737845814327e-17 
 1.737800828749359e+03  9.999203024311967e-09 -0.000000000000000e+00 -8.229236272455256e-37  9.158411047969992e-17 
 1.778279410038906e+03  9.999209356044064e-09 -0.000000000000000e+00 -7.858859922142739e-37  8.949940160889191e-17 
 1.819700858609966e+03  9.999202453334924e-09 -0.000000000000000e+00 -7.505153253875591e-37  8.746214650548154e-17 
 1.862087136662849e+03  9.999215454816622e-09 -0.000000000000000e+00 -7.167366009651470e-37  8.547126498984674e-17 
 1.905460717963228e+03  9.999206130367706e-09 -0.000000000000000e+00 -6.844781693123225e-37  8.352570147025551e-17 
 1.949844599758026e+03  9.999202622702115e-09 -0.000000000000000e+00 -6.536716061973546e-37  8.162442438317716e-17 
 1.995262314968860e+03  9.999213047194124e-09  2.000000000000000e+00 -6.242515670530645e-37  7.976642564633374e-17 
 2.041737944669509e+03  9.999202832435387e-09 -0.000000000000000e+00 -5.961556477329111e-37  7.795072012420151e-17 
 2.089296130854019e+03  9.999193331202217e-09 -0.000000000000000e+00 -5.693242529606846e-37  7.617634510567887e-17 
 2.137962089502211e+03  9.999205009950079e-09 -0.000000000000000e+00 -5.437004700656596e-37  7.444235979364440e-17 
 2.187761623949531e+03  9.999192233054810e-09 -0.000000000000000e+00 -5.192299472391564e-37  7.274784480613363e-17 
 2.238721138568317e+03  9.999190870817057e-09 -0.000000000000000e+00 -4.958607794478423e-37  7.109190168887064e-17 
 2.290867652767750e+03  9.999191853047884e-09 -0.000000000000000e+00 -4.735433974286490e-37  6.947365243889565e-17 
 2.344228815319898e+03  9.999205521766692e-09 -0.000000000000000e+00 -4.522304630729324e-37  6.789223903903629e-17 
 2.398832919019466e+03  9.999204561492109e-09 -0.000000000000000e+00 -4.318767686865468e-37  6.634682300297541e-17 
 2.454708915685005e+03  9.999192627673203e-09 -0.000000000000000e+00 -4.124391414650409e-37  6.483658493067474e-17 
 2.511886431509554e+03  9.999220622400544e-09  2.000000000000000e+00 -3.938763518802005e-37  6.336072407391796e-17 
 2.570395782768837e+03  9.999213879379811e-09 -0.000000000000000e+00 -3.761490250736783e-37  6.191845791174356e-17 
 2.630267991895354e+03  9.999191998041005e-09 -0.000000000000000e+00 -3.592195595343581e-37  6.050902173554162e-17 
 2.691534803926887e+03  9.999200256421131e-09 -0.000000000000000e+00 -3.430520454196623e-37  5.913166824359541e-17 
 2.754228703338138e+03  9.999203347632671e-09 -0.000000000000000e+00 -3.276121893761327e-37  5.778566714485216e-17 
 2.818382931264424e+03  9.999229479843421e-09  2.000000000000000e+00 -3.128672413545146e-37  5.647030477171279e-17 
 2.884031503126575e+03  9.999206499045596e-09 -0.000000000000000e+00 -2.987859251746144e-37  5.518488370163628e-17 
 2.951209226666354e+03  9.999198788567371e-09 -0.000000000000000e+00 -2.853383727116878e-37  5.392872238735665e-17 
 3.019951720401984e+03  9.999199105295921e-09 -0.000000000000000e+00 -2.724960598239610e-37  5.270115479551783e-17 
 3.090295432513557e+03  9.999196536866334e-09 -0.000000000000000e+00 -2.602317461686004e-37  5.150153005353385e-17 
 3.162277660168345e+03  9.999207532181133e-09 -0.000000000000000e+00 -2.485194176148008e-37  5.032921210448758e-17 
 3.235936569296248e+03  9.999182982166905e-09 -0.000000000000000e+00 -2.373342306109000e-37  4.918357936988498e-17 
 3.311311214825875e+03  9.999213928752596e-09 -0.000000000000000e+00 -2.266524600961469e-37  4.806402442008595e-17 
 3.388441561391989e+03  9.999195529041144e-09 -0.000000000000000e+00 -2.164514482563386e-37  4.696995365223701e-17 
 3.467368504525279e+03  9.999199094686330e-09 -0.000000000000000e+00 -2.067095576718684e-37  4.590078697553532e-17 
 3.548133892335716e+03  9.999211867604337e-09 -0.000000000000000e+00 -1.974061243916487e-37  4.485595750365682e-17 
 3.630780547700973e+03  9.999198888880914e-09 -0.000000000000000e+00 -1.885214145625123e-37  4.383491125418555e-17 
 3.715352290971684e+03  9.999192630558463e-09 -0.000000000000000e+00 -1.800365825553047e-37  4.283710685488487e-17 
 3.801893963205570e+03  9.999206886812286e-09 -0.000000000000000e+00 -1.719336309000670e-37  4.186201525665480e-17 
 3.890451449942763e+03  9.999195921235862e-09  4.000000000000000e+00 -1.641953721383777e-37  4.090911945302308e-17 
 3.981071705534928e+03  9.999205387545820e-09  4.000000000000000e+00 -1.568053924216378e-37  3.997791420602156e-17 
 4.073802778041082e+03  9.999201564239729e-09 -0.000000000000000e+00 -1.497480165354461e-37  3.906790577830235e-17 
 4.168693834703307e+03  9.999206564464488e-09 -0.000000000000000e+00 -1.430082749089321e-37  3.817861167135165e-17 
 4.265795188015879e+03  9.999178230919265e-09 -0.000000000000000e+00 -1.365718715701134e-37  3.730956036966277e-17 
 4.365158322401610e+03  9.999175686819058e-09 -0.000000000000000e+00 -1.304251541521606e-37  3.646029109073229e-17 
 4.466835921509581e+03  9.999194308845057e-09 -0.000000000000000e+00 -1.245550846076785e-37  3.563035354074713e-17 
 4.570881896148699e+03  9.999192030239714e-09 -0.000000000000000e+00 -1.189492116669559e-37  3.481930767583276e-17 
 4.677351412871929e+03  9.999200994753870e-09 -0.000000000000000e+00 -1.135956446263074e-37  3.402672346873612e-17 
 4.786300923226329e+03  9.999217881130903e-09 -0.000000000000000e+00 -1.084830277616865e-37  3.325218068081956e-17 
 4.897788193684407e+03  9.999187526081386e-09 -0.000000000000000e+00 -1.036005165481230e-37  3.249526863924459e-17 
 5.011872336272666e+03  9.999208128468719e-09 -0.000000000000000e+00 -9.893775455103403e-38  3.175558601922790e-17 
 5.128613839913590e+03  9.999206305715512e-09 -0.000000000000000e+00 -9.448485140207139e-38  3.103274063125347e-17 
 5.248074602497666e+03  9.999202776674454e-09 -0.000000000000000e+00 -9.023236190428572e-38  3.032634921312862e-17 
 5.370317963702466e+03  9.999204011996579e-09 -0.000000000000000e+00 -8.617126597336497e-38  2.963603722677324e-17 
 5.495408738576182e+03  9.999200528000893e-09 -0.000000000000000e+00 -8.229294945950547e-38  2.896143865963482e-17 
 5.623413251903426e+03  9.999206870968165e-09 -0.000000000000000e+00 -7.858918593566870e-38  2.830219583062372e-17 
 5.754399373371502e+03  9.999207492372257e-09 -0.000000000000000e+00 -7.505211923761634e-38  2.765795920046587e-17 
 5.888436553555821e+03  9.999211605701191e-09 -0.000000000000000e+00 -7.167424678542227e-38  2.702838718637245e-17 
 6.025595860743507e+03  9.999211425200809e-09 -0.000000000000000e+00 -6.844840360399005e-38  2.641314598092827e-17 
 6.165950018614749e+03  9.999195484848865e-09 -0.000000000000000e+00 -6.536774728492448e-38  2.581190937510248e-17 
 6.309573444801857e+03  9.999195231641040e-09 -0.000000000000000e+00 -6.242574333601056e-38  2.522435858528838e-17 
 6.456542290346478e+03  9.999194146975794e-09 -0.000000000000000e+00 -5.961615137094534e-38  2.465018208428007e-17 
 6.606934480075881e+03  9.999203925450458e-09 -0.000000000000000e+00 -5.693301189224502e-38  2.408907543609656e-17 
 6.760829753919737e+03  9.999200899997112e-09 -0.000000000000000e+00 -5.437063356674049e-38  2.354074113456589e-17 
 6.918309709189281e+03  9.999207656025499e-09 -0.000000000000000e+00 -5.192358126845461e-38  2.300488844558331e-17 
 7.079457843841294e+03  9.999175802429756e-09 -0.000000000000000e+00 -4.958666445207537e-38  2.248123325296027e-17 
 7.244359600749813e+03  9.999193092287270e-09 -0.000000000000000e+00 -4.735492622903780e-38  2.196949790778226e-17 
 7.413102413009085e+03  9.999205663391549e-09 -0.000000000000000e+00 -4.522363277299292e-38  2.146941108119563e-17 
 7.585775750291745e+03  9.999207928999605e-09 -0.000000000000000e+00 -4.318826330900944e-38  2.098070762054551e-17 
 7.762471166286822e+03  9.999210092141339e-09 -0.000000000000000e+00 -4.124450056021103e-38  2.050312840878830e-17 
 7.943282347242717e+03  9.999181025803389e-09 -0.000000000000000e+00 -3.938822154648965e-38  2.003642022710441e-17 
 8.128305161640892e+03  9.999204625016178e-09 -0.000000000000000e+00 -3.761548885301346e-38  1.958033562063830e-17 
 8.317637711026608e+03  9.999204852273778e-09 -0.000000000000000e+00 -3.592254226700188e-38  1.913463276729464e-17 
 8.511380382023659e+03  9.999179843393758e-09 -0.000000000000000e+00 -3.430579081690953e-38  1.869907534952101e-17 
 8.709635899560699e+03  9.999211033924178e-09 -0.000000000000000e+00 -3.276180517839115e-38  1.827343242900922e-17 
 8.912509381337344e+03  9.999252059428507e-09  8.000000000000000e+00 -3.128731034007406e-38  1.785747832424875e-17 
 9.120108393558983e+03  9.999203903514697e-09 -0.000000000000000e+00 -2.987917868141418e-38  1.745099249086749e-17 
 9.332543007969793e+03  9.999198201126072e-09 -0.000000000000000e+00 -2.853442339251759e-38  1.705375940469606e-17 
 9.549925860214238e+03  9.999198695367016e-09 -0.000000000000000e+00 -2.725019205412340e-38  1.666556844749420e-17 
 9.772372209557981e+03  9.999211104389423e-09 -0.000000000000000e+00 -2.602376064616487e-38  1.628621379527809e-17 
 9.999999999999871e+03  9.999189149546471e-09 -0.000000000000000e+00 -2.485252774268843e-38  1.591549430918974e-17 
 1.023292992280741e+04  9.999206058349779e-09 -0.000000000000000e+00 -2.373400899564319e-38  1.555321342885060e-17 
 1.047128548050886e+04  9.999183345400974e-09 -0.000000000000000e+00 -2.266583187788279e-38  1.519917906814256e-17 
 1.071519305237592e+04  9.999218028229880e-09 -0.000000000000000e+00 -2.164573065041461e-38  1.485320351336137e-17 
 1.096478196143171e+04  9.999223133436514e-09  8.000000000000000e+00 -2.067154153470650e-38  1.451510332368834e-17 
 1.122018454301949e+04  9.999225583023284e-09  8.000000000000000e+00 -1.974119814748831e-38  1.418469923392764e-17 
 1.148153621496868e+04  9.999180825754135e-09 -0.000000000000000e+00 -1.885272709704474e-38  1.386181605945747e-17 
 1.174897554939514e+04  9.999211928328827e-09 -0.000000000000000e+00 -1.800424383189264e-38  1.354628260334484e-17 
 1.202264434617397e+04  9.999197372557900e-09 -0.000000000000000e+00 -1.719394859687516e-38  1.323793156557476e-17 
 1.230268770812365e+04  9.999184062425863e-09 -0.000000000000000e+00 -1.642012264642622e-38  1.293659945434548e-17 
 1.258925411794151e+04  9.999204878905179e-09 -0.000000000000000e+00 -1.568112459672211e-38  1.264212649938304e-17 
 1.288249551693117e+04  9.999197038964550e-09 -0.000000000000000e+00 -1.497538692975522e-38  1.235435656722889e-17 
 1.318256738556390e+04  9.999219535023526e-09  1.600000000000000e+01 -1.430141268563037e-38  1.207313707845593e-17 
 1.348962882591636e+04  9.999216998017292e-09 -0.000000000000000e+00 -1.365777226923521e-38  1.179831892676883e-17 
 1.380384264602866e+04  9.999194276931287e-09 -0.000000000000000e+00 -1.304310043236858e-38  1.152975639994591e-17 
 1.412537544622735e+04  9.999223824915139e-09 -0.000000000000000e+00 -1.245609338275845e-38  1.126730710258062e-17 
 1.445439770745908e+04  9.999202857581440e-09 -0.000000000000000e+00 -1.189550598796009e-38  1.101083188058155e-17 
 1.479108388168187e+04  9.999199181302833e-09 -0.000000000000000e+00 -1.136014917468714e-38  1.076019474739116e-17 
 1.513561248436188e+04  9.999209121971255e-09 -0.000000000000000e+00 -1.084888737907256e-38  1.051526281188385e-17 
 1.548816618912460e+04  9.999206470279599e-09 -0.000000000000000e+00 -1.036063614490493e-38  1.027590620790536e-17 
 1.584893192461092e+04  9.999198865002130e-09 -0.000000000000000e+00 -9.894359823527601e-39  1.004199802541599e-17 
 1.621810097358908e+04  9.999191754612543e-09 -0.000000000000000e+00 -9.449069384297875e-39  9.813414243201264e-18 
 1.659586907437538e+04  9.999229296906905e-09  1.600000000000000e+01 -9.023820303595109e-39  9.590033663114170e-18 
 1.698243652461721e+04  9.999209513144333e-09 -0.000000000000000e+00 -8.617710571544604e-39  9.371737845814370e-18 
 1.737800828749351e+04  9.999233171606626e-09  1.600000000000000e+01 -8.229878776724715e-39  9.158411047970026e-18 
 1.778279410038898e+04  9.999209356044022e-09 -0.000000000000000e+00 -7.859502273191950e-39  8.949940160889226e-18 
 1.819700858609958e+04  9.999182159560860e-09 -0.000000000000000e+00 -7.505795443988809e-39  8.746214650548189e-18 
 1.862087136662842e+04  9.999185458794617e-09 -0.000000000000000e+00 -7.168008030657397e-39  8.547126498984710e-18 
 1.905460717963221e+04  9.999206130367665e-09 -0.000000000000000e+00 -6.845423540847905e-39  8.352570147025583e-18 
 1.949844599758018e+04  9.999238864653142e-09  1.600000000000000e+01 -6.537357732106785e-39  8.162442438317746e-18 
 1.995262314968852e+04  9.999225409238936e-09  1.600000000000000e+01 -6.243157145793296e-39  7.976642564633406e-18 
 2.041737944669501e+04  9.999200302436570e-09 -0.000000000000000e+00 -5.962197751829309e-39  7.795072012420184e-18 
 2.089296130854010e+04  9.999224398362359e-09 -0.000000000000000e+00 -5.693883596388094e-39  7.617634510567919e-18 
 2.137962089502202e+04  9.999228853055518e-09 -0.000000000000000e+00 -5.437645547190742e-39  7.444235979364471e-18 
 2.187761623949522e+04  9.999216631537520e-09  1.600000000000000e+01 -5.192940089455083e-39  7.274784480613392e-18 
 2.238721138568308e+04  9.999229708055895e-09 -0.000000000000000e+00 -4.959248171521607e-39  7.109190168887093e-18 
 2.290867652767740e+04  9.999225917511600e-09 -0.000000000000000e+00 -4.736074099868685e-39  6.947365243889594e-18 
 2.344228815319889e+04  9.999228760384684e-09 -0.000000000000000e+00 -4.522944493306487e-39  6.789223903903655e-18 
 2.398832919019456e+04  9.999216451449559e-09 -0.000000000000000e+00 -4.319407275528811e-39  6.634682300297568e-18 
 2.454708915684995e+04  9.999223044948610e-09 -0.000000000000000e+00 -4.125030716211521e-39  6.483658493067501e-18 
 2.511886431509544e+04  9.999220622400501e-09 -0.000000000000000e+00 -3.939402516444615e-39  6.336072407391824e-18 
 2.570395782768826e+04  9.999223434619012e-09 -0.000000000000000e+00 -3.762128935176027e-39  6.191845791174381e-18 
 2.630267991895344e+04  9.999227850008607e-09 -0.000000000000000e+00 -3.592833949914331e-39  6.050902173554184e-18 
 2.691534803926876e+04  9.999226937924541e-09 -0.000000000000000e+00 -3.431158465048590e-39  5.913166824359567e-18 
 2.754228703338126e+04  9.999227237753696e-09 -0.000000000000000e+00 -3.276759544083778e-39  5.778566714485238e-18 
 2.818382931264412e+04  9.999215510361393e-09  3.200000000000000e+01 -3.129309686213509e-39  5.647030477171303e-18 
 2.884031503126564e+04  9.999227941355087e-09 -0.000000000000000e+00 -2.988496131256706e-39  5.518488370163651e-18 
 2.951209226666342e+04  9.999246329058342e-09  3.200000000000000e+01 -2.854020195585044e-39  5.392872238735686e-18 
 3.019951720401971e+04  9.999229042435144e-09 -0.000000000000000e+00 -2.725596634396234e-39  5.270115479551804e-18 
 3.090295432513544e+04  9.999223342023008e-09 -0.000000000000000e+00 -2.602953047800341e-39  5.150153005353406e-18 
 3.162277660168332e+04  9.999238880214261e-09  3.200000000000000e+01 -2.485829290673121e-39  5.032921210448778e-18 
 3.235936569296234e+04  9.999243128834357e-09  3.200000000000000e+01 -2.373976928427546e-39  4.918357936988518e-18 
 3.311311214825861e+04  9.999218031930109e-09 -0.000000000000000e+00 -2.267158706805890e-39  4.806402442008616e-18 
 3.388441561391974e+04  9.999203926546781e-09  3.200000000000000e+01 -2.165148051165139e-39  4.696995365223721e-18 
 3.467368504525264e+04  9.999242060229864e-09  3.200000000000000e+01 -2.067728582628759e-39  4.590078697553551e-18 
 3.548133892335701e+04  9.999242644042054e-09  3.200000000000000e+01 -1.974693661656382e-39  4.485595750365698e-18 
 3.630780547700958e+04  9.999261875507041e-09  3.200000000000000e+01 -1.885845949192875e-39  4.383491125418571e-18 
 3.715352290971669e+04  9.999254782411115e-09  3.200000000000000e+01 -1.800996986481715e-39  4.283710685488504e-18 
 3.801893963205554e+04  9.999228086664019e-09 -0.000000000000000e+00 -1.719966797885983e-39  4.186201525665497e-18 
 3.890451449942747e+04  9.999270643841650e-09  3.200000000000000e+01 -1.642583509941523e-39  4.090911945302324e-18 
 3.981071705534912e+04  9.999230053068008e-09 -0.000000000000000e+00 -1.568682979147004e-39  3.997791420602174e-18 
 4.073802778041065e+04  9.999239424323760e-09 -0.000000000000000e+00 -1.498108454943971e-39  3.906790577830251e-18 
 4.168693834703290e+04  9.999234975234174e-09 -0.000000000000000e+00 -1.430710238958091e-39  3.817861167135180e-18 
 4.265795188015862e+04  9.999236376002359e-09 -0.000000000000000e+00 -1.366345371047804e-39  3.730956036966291e-18 
 4.365158322401593e+04  9.999248708878785e-09 -0.000000000000000e+00 -1.304877324908098e-39  3.646029109073244e-18 
 4.466835921509562e+04  9.999233054084594e-09 -0.000000000000000e+00 -1.246175718529838e-39  3.563035354074727e-18 
 4.570881896148680e+04  9.999228845990948e-09 -0.000000000000000e+00 -1.190116038564562e-39  3.481930767583290e-18 
 4.677351412871909e+04  9.999247361892641e-09 -0.000000000000000e+00 -1.136579375766522e-39  3.402672346873627e-18 
 4.786300923226309e+04  9.999253466507026e-09 -0.000000000000000e+00 -1.085452171463078e-39  3.325218068081970e-18 
 4.897788193684386e+04  9.999266423657799e-09 -0.000000000000000e+00 -1.036625978455333e-39  3.249526863924474e-18 
 5.011872336272644e+04  9.999257811753044e-09 -0.000000000000000e+00 -9.899972306865128e-40  3.175558601922803e-18 
 5.128613839913568e+04  9.999257146272197e-09 -0.000000000000000e+00 -9.454670227988015e-40  3.103274063125360e-18 
 5.248074602497643e+04  9.999261304558011e-09 -0.000000000000000e+00 -9.029409008275370e-40  3.032634921312874e-18 
 5.370317963702443e+04  9.999263903169674e-09 -0.000000000000000e+00 -8.623286614346145e-40  2.963603722677337e-18 
 5.495408738576159e+04  9.999272028588252e-09 -0.000000000000000e+00 -8.235441619590617e-40  2.896143865963496e-18 
 5.623413251903402e+04  9.999273068822914e-09 -0.000000000000000e+00 -7.865051355933820e-40  2.830219583062385e-18 
 5.754399373371479e+04  9.999250275404371e-09 -0.000000000000000e+00 -7.511330184336272e-40  2.765795920046598e-18 
 5.888436553555797e+04  9.999273626768556e-09 -0.000000000000000e+00 -7.173527827773676e-40  2.702838718637257e-18 
 6.025595860743483e+04  9.999248757979388e-09 -0.000000000000000e+00 -6.850927767455373e-40  2.641314598092837e-18 
 6.165950018614724e+04  9.999260428879088e-09 -0.000000000000000e+00 -6.542845740017612e-40  2.581190937510258e-18 
 6.309573444801832e+04  9.999281234521193e-09 -0.000000000000000e+00 -6.248628270094228e-40  2.522435858528848e-18 
 6.456542290346453e+04  9.999298154237576e-09 -0.000000000000000e+00 -5.967651295089719e-40  2.465018208428016e-18 
 6.606934480075855e+04  9.999293981521483e-09 -0.000000000000000e+00 -5.699318842192196e-40  2.408907543609666e-18 
 6.760829753919710e+04  9.999288864936850e-09 -0.000000000000000e+00 -5.443061753394736e-40  2.354074113456599e-18 
 6.918309709189254e+04  9.999301956308399e-09 -0.000000000000000e+00 -5.198336492683686e-40  2.300488844558340e-18 
 7.079457843841266e+04  9.999285457905511e-09 -0.000000000000000e+00 -4.964623977624987e-40  2.248123325296036e-18 
 7.244359600749785e+04  9.999307546160779e-09 -0.000000000000000e+00 -4.741428495464634e-40  2.196949790778235e-18 
 7.413102413009056e+04  9.999313597367916e-09 -0.000000000000000e+00 -4.528276635474427e-40  2.146941108119572e-18 
 7.585775750291716e+04  9.999334826795545e-09  6.400000000000000e+01 -4.324716298598632e-40  2.098070762054558e-18 
 7.762471166286792e+04  9.999318303495767e-09 -0.000000000000000e+00 -4.130315726238162e-40  2.050312840878838e-18 
 7.943282347242687e+04  9.999313904108204e-09 -0.000000000000000e+00 -3.944662595719299e-40  2.003642022710448e-18 
 8.128305161640861e+04  9.999360742667389e-09 -0.000000000000000e+00 -3.767363140922381e-40  1.958033562063838e-18 
 8.317637711026576e+04  9.999331109545130e-09 -0.000000000000000e+00 -3.598041311565150e-40  1.913463276729471e-18 
 8.511380382023628e+04  9.999385505804352e-09  6.400000000000000e+01 -3.436337987863305e-40  1.869907534952107e-18 
 8.709635899560666e+04  9.999345939631558e-09 -0.000000000000000e+00 -3.281910206062506e-40  1.827343242900929e-18 
 8.912509381337311e+04  9.999359736919185e-09 -0.000000000000000e+00 -3.134430443874136e-40  1.785747832424883e-18 
 9.120108393558950e+04  9.999359293493948e-09 -0.000000000000000e+00 -2.993585915576346e-40  1.745099249086755e-18 
 9.332543007969759e+04  9.999354319521513e-09 -0.000000000000000e+00 -2.859077911755965e-40  1.705375940469613e-18 
 9.549925860214204e+04  9.999382117613713e-09 -0.000000000000000e+00 -2.730621169713339e-40  1.666556844749426e-18 
 9.772372209557948e+04  9.999359443748836e-09 -0.000000000000000e+00 -2.607943261291592e-40  1.628621379527814e-18 
 9.999999999999837e+04  9.999393607615460e-09 -0.000000000000000e+00 -2.490784025305417e-40  1.591549430918980e-18 
 1.023292992280737e+05  9.999393088804981e-09 -0.000000000000000e+00 -2.378895003629559e-40  1.555321342885065e-18 
 1.047128548050882e+05  9.999416902361982e-09 -0.000000000000000e+00 -2.272038925040707e-40  1.519917906814261e-18 
 1.071519305237589e+05  9.999427150781190e-09 -0.000000000000000e+00 -2.169989196610241e-40  1.485320351336141e-18 
 1.096478196143167e+05  9.999430333628865e-09 -0.000000000000000e+00 -2.072529422692120e-40  1.451510332368839e-18 
 1.122018454301945e+05  9.999465416282854e-09 -0.000000000000000e+00 -1.979452951161464e-40  1.418469923392769e-18 
 1.148153621496864e+05  9.999447586290915e-09 -0.000000000000000e+00 -1.890562429038851e-40  1.386181605945752e-18 
 1.174897554939510e+05  9.999463064581697e-09 -0.000000000000000e+00 -1.805669389298086e-40  1.354628260334489e-18 
 1.202264434617393e+05  9.999472980697142e-09 -0.000000000000000e+00 -1.724593846857347e-40  1.323793156557480e-18 
 1.230268770812361e+05  9.999508013366243e-09 -0.000000000000000e+00 -1.647163920998918e-40  1.293659945434553e-18 
 1.258925411794146e+05  9.999520775786330e-09 -0.000000000000000e+00 -1.573215467861367e-40  1.264212649938308e-18 
 1.288249551693113e+05  9.999536257242394e-09 -0.000000000000000e+00 -1.502591734155767e-40  1.235435656722893e-18 
 1.318256738556385e+05  9.999517649577869e-09 -0.000000000000000e+00 -1.435143023447793e-40  1.207313707845597e-18 
 1.348962882591631e+05  9.999505341015517e-09 -0.000000000000000e+00 -1.370726381343159e-40  1.179831892676887e-18 
 1.380384264602862e+05  9.999562032087434e-09 -0.000000000000000e+00 -1.309205290489096e-40  1.152975639994595e-18 
 1.412537544622731e+05  9.999578267045452e-09 -0.000000000000000e+00 -1.250449379161525e-40  1.126730710258065e-18 
 1.445439770745904e+05  9.999599138891425e-09  1.280000000000000e+02 -1.194334149504103e-40  1.101083188058158e-18 
 1.479108388168183e+05  9.999590947024633e-09 -0.000000000000000e+00 -1.140740708883927e-40  1.076019474739119e-18 
 1.513561248436183e+05  9.999642834584015e-09  1.280000000000000e+02 -1.089555522664239e-40  1.051526281188388e-18 
 1.548816618912456e+05  9.999657482358155e-09 -0.000000000000000e+00 -1.040670167618200e-40  1.027590620790539e-18 
 1.584893192461087e+05  9.999684931304714e-09  1.280000000000000e+02 -9.939811073599725e-41  1.004199802541602e-18 
 1.621810097358903e+05  9.999689142853760e-09 -0.000000000000000e+00 -9.493894688666142e-41  9.813414243201296e-19 
 1.659586907437533e+05  9.999717706206496e-09  1.280000000000000e+02 -9.068008351976544e-41  9.590033663114197e-19 
 1.698243652461716e+05  9.999740864377782e-09 -0.000000000000000e+00 -8.661250436980661e-41  9.371737845814398e-19 
 1.737800828749346e+05  9.999749982372844e-09 -0.000000000000000e+00 -8.272759949437854e-41  9.158411047970058e-19 
 1.778279410038893e+05  9.999787784457751e-09 -0.000000000000000e+00 -7.901714707276604e-41  8.949940160889253e-19 
 1.819700858609953e+05  9.999841707216578e-09  1.280000000000000e+02 -7.547329587253764e-41  8.746214650548209e-19 
 1.862087136662836e+05  9.999851716590144e-09 -0.000000000000000e+00 -7.208854848649441e-41  8.547126498984734e-19 
 1.905460717963215e+05  9.999882004470293e-09 -0.000000000000000e+00 -6.885574571415671e-41  8.352570147025609e-19 
 1.949844599758012e+05  9.999894239934956e-09 -0.000000000000000e+00 -6.576805098433230e-41  8.162442438317772e-19 
 1.995262314968846e+05  9.999951679373965e-09 -0.000000000000000e+00 -6.281893608437040e-41  7.976642564633432e-19 
 2.041737944669495e+05  9.999994089551718e-09 -0.000000000000000e+00 -6.000216715270360e-41  7.795072012420206e-19 
 2.089296130854004e+05  1.000000107736694e-08 -0.000000000000000e+00 -5.731179142036210e-41  7.617634510567941e-19 
 2.137962089502196e+05  1.000006336174729e-08 -0.000000000000000e+00 -5.474212464918122e-41  7.444235979364492e-19 
 2.187761623949515e+05  1.000005702372117e-08 -0.000000000000000e+00 -5.228773888682007e-41  7.274784480613416e-19 
 2.238721138568301e+05  1.000015556008986e-08 -0.000000000000000e+00 -4.994345112169224e-41  7.109190168887115e-19 
 2.290867652767734e+05  1.000017333540985e-08 -0.000000000000000e+00 -4.770431192527650e-41  6.947365243889614e-19 
 2.344228815319882e+05  1.000023092578734e-08 -0.000000000000000e+00 -4.556559523568979e-41  6.789223903903673e-19 
 2.398832919019449e+05  1.000029026323551e-08 -0.000000000000000e+00 -4.352278808474137e-41  6.634682300297586e-19 
 2.454708915684988e+05  1.000030666038648e-08  2.560000000000000e+02 -4.157158103833776e-41  6.483658493067517e-19 
 2.511886431509537e+05  1.000038394860782e-08 -0.000000000000000e+00 -3.970785900579747e-41  6.336072407391841e-19 
 2.570395782768819e+05  1.000041385817470e-08 -0.000000000000000e+00 -3.792769245601905e-41  6.191845791174398e-19 
 2.630267991895336e+05  1.000045822435268e-08 -0.000000000000000e+00 -3.622732902808295e-41  6.050902173554201e-19 
 2.691534803926869e+05  1.000056101309718e-08 -0.000000000000000e+00 -3.460318555338816e-41  5.913166824359582e-19 
 2.754228703338119e+05  1.000059665362208e-08 -0.000000000000000e+00 -3.305184029466669e-41  5.778566714485255e-19 
 2.818382931264405e+05  1.000064301680175e-08 -0.000000000000000e+00 -3.157002583435212e-41  5.647030477171320e-19 
 2.884031503126556e+05  1.000074900518750e-08 -0.000000000000000e+00 -3.015462193876668e-41  5.518488370163665e-19 
 2.951209226666334e+05  1.000081653662204e-08  2.560000000000000e+02 -2.880264891097305e-41  5.392872238735699e-19 
 3.019951720401964e+05  1.000089897348464e-08  2.560000000000000e+02 -2.751126132710242e-41  5.270115479551817e-19 
 3.090295432513537e+05  1.000095610393919e-08 -0.000000000000000e+00 -2.627774182945222e-41  5.150153005353419e-19 
 3.162277660168324e+05  1.000102669773093e-08 -0.000000000000000e+00 -2.509949544414029e-41  5.032921210448791e-19 
 3.235936569296226e+05  1.000113774886043e-08 -0.000000000000000e+00 -2.397404398340621e-41  4.918357936988532e-19 
 3.311311214825853e+05  1.000122602444710e-08 -0.000000000000000e+00 -2.289902073201899e-41  4.806402442008627e-19 
 3.388441561391967e+05  1.000133741783373e-08 -0.000000000000000e+00 -2.187216544762540e-41  4.696995365223733e-19 
 3.467368504525256e+05  1.000141182018052e-08  2.560000000000000e+02 -2.089131952403201e-41  4.590078697553561e-19 
 3.548133892335693e+05  1.000150416263791e-08  2.560000000000000e+02 -1.995442139478879e-41  4.485595750365710e-19 
 3.630780547700950e+05  1.000164355730899e-08 -0.000000000000000e+00 -1.905950214031751e-41  4.383491125418583e-19 
 3.715352290971660e+05  1.000170057291066e-08 -0.000000000000000e+00 -1.820468124994060e-41  4.283710685488514e-19 
 3.801893963205545e+05  1.000185451274480e-08 -0.000000000000000e+00 -1.738816273734950e-41  4.186201525665508e-19 
 3.890451449942738e+05  1.000198235131126e-08 -0.000000000000000e+00 -1.660823117632142e-41  4.090911945302335e-19 
 3.981071705534903e+05  1.000211591916881e-08 -0.000000000000000e+00 -1.586324816945474e-41  3.997791420602183e-19 
 4.073802778041056e+05  1.000223983598645e-08 -0.000000000000000e+00 -1.515164880063351e-41  3.906790577830260e-19 
 4.168693834703281e+05  1.000236661689721e-08 -0.000000000000000e+00 -1.447193835802517e-41  3.817861167135189e-19 
 4.265795188015852e+05  1.000254007390763e-08 -0.000000000000000e+00 -1.382268915353832e-41  3.730956036966300e-19 
 4.365158322401583e+05  1.000266992760484e-08 -0.000000000000000e+00 -1.320253746954927e-41  3.646029109073252e-19 
 4.466835921509552e+05  1.000284466391653e-08 -0.000000000000000e+00 -1.261018072351383e-41  3.563035354074736e-19 
 4.570881896148669e+05  1.000303432028144e-08 -0.000000000000000e+00 -1.204437466526192e-41  3.481930767583297e-19 
 4.677351412871899e+05  1.000323928274984e-08  5.120000000000000e+02 -1.150393079185109e-41  3.402672346873634e-19 
 4.786300923226299e+05  1.000338285286614e-08 -0.000000000000000e+00 -1.098771378866773e-41  3.325218068081976e-19 
 4.897788193684375e+05  1.000360579036294e-08 -0.000000000000000e+00 -1.049463920133362e-41  3.249526863924481e-19 
 5.011872336272634e+05  1.000380693747790e-08 -0.000000000000000e+00 -1.002367107876746e-41  3.175558601922810e-19 
 5.128613839913558e+05  1.000401153270981e-08 -0.000000000000000e+00 -9.573819849362821e-42  3.103274063125366e-19 
 5.248074602497633e+05  1.000424430353668e-08 -0.000000000000000e+00 -9.144140201144011e-42  3.032634921312881e-19 
 5.370317963702432e+05  1.000446694883624e-08 -0.000000000000000e+00 -8.733729116492941e-42  2.963603722677343e-19 
 5.495408738576148e+05  1.000476225226383e-08  5.120000000000000e+02 -8.341723964840071e-42  2.896143865963501e-19 
 5.623413251903391e+05  1.000500005428684e-08  5.120000000000000e+02 -7.967300684923551e-42  2.830219583062390e-19 
 5.754399373371467e+05  1.000526886758416e-08 -0.000000000000000e+00 -7.609672079954595e-42  2.765795920046603e-19 
 5.888436553555785e+05  1.000557150133393e-08  5.120000000000000e+02 -7.268086147468390e-42  2.702838718637261e-19 
 6.025595860743470e+05  1.000581466041891e-08 -0.000000000000000e+00 -6.941824490500386e-42  2.641314598092843e-19 
 6.165950018614712e+05  1.000614401855728e-08 -0.000000000000000e+00 -6.630200855723513e-42  2.581190937510263e-19 
 6.309573444801820e+05  1.000647175941913e-08 -0.000000000000000e+00 -6.332559650351441e-42  2.522435858528853e-19 
 6.456542290346441e+05  1.000682367967218e-08  5.120000000000000e+02 -6.048274601094386e-42  2.465018208428020e-19 
 6.606934480075843e+05  1.000717388773963e-08 -0.000000000000000e+00 -5.776747421099007e-42  2.408907543609671e-19 
 6.760829753919698e+05  1.000755652207420e-08 -0.000000000000000e+00 -5.517406582559926e-42  2.354074113456603e-19 
 6.918309709189242e+05  1.000795239987668e-08 -0.000000000000000e+00 -5.269706102265480e-42  2.300488844558344e-19 
 7.079457843841253e+05  1.000835122436686e-08 -0.000000000000000e+00 -5.033124407038031e-42  2.248123325296041e-19 
 7.244359600749771e+05  1.000882292702022e-08  5.120000000000000e+02 -4.807163247732785e-42  2.196949790778238e-19 
 7.413102413009043e+05  1.000925443141826e-08 -0.000000000000000e+00 -4.591346645991655e-42  2.146941108119576e-19 
 7.585775750291703e+05  1.000970989659638e-08 -0.000000000000000e+00 -4.385219914804292e-42  2.098070762054563e-19 
 7.762471166286779e+05  1.001021157984547e-08 -0.000000000000000e+00 -4.188348699188140e-42  2.050312840878841e-19 
 7.943282347242674e+05  1.001075005080836e-08 -0.000000000000000e+00 -4.000318069033617e-42  2.003642022710451e-19 
 8.128305161640848e+05  1.001126471357499e-08 -0.000000000000000e+00 -3.820731652326728e-42  1.958033562063841e-19 
 8.317637711026561e+05  1.001186343207003e-08 -0.000000000000000e+00 -3.649210811547239e-42  1.913463276729475e-19 
 8.511380382023612e+05  1.001243056704275e-08 -0.000000000000000e+00 -3.485393845289054e-42  1.869907534952112e-19 
 8.709635899560649e+05  1.001303886893461e-08  1.024000000000000e+03 -3.328935237112864e-42  1.827343242900932e-19 
 8.912509381337294e+05  1.001369602847159e-08 -0.000000000000000e+00 -3.179504932778333e-42  1.785747832424886e-19 
 9.120108393558932e+05  1.001442505830391e-08  1.024000000000000e+03 -3.036787647797597e-42  1.745099249086758e-19 
 9.332543007969741e+05  1.001510348543564e-08 -0.000000000000000e+00 -2.900482207387211e-42  1.705375940469616e-19 
 9.549925860214186e+05  1.001585313952803e-08 -0.000000000000000e+00 -2.770300925012903e-42  1.666556844749430e-19 
 9.772372209557928e+05  1.001665308846008e-08 -0.000000000000000e+00 -2.645968990260951e-42  1.628621379527817e-19 
 9.999999999999817e+05  1.001747730425081e-08 -0.000000000000000e+00 -2.527223896706548e-42  1.591549430918982e-19 
 1.023292992280735e+06  1.001829425981095e-08 -0.000000000000000e+00 -2.413814896692737e-42  1.555321342885069e-19 
 1.047128548050880e+06  1.001924897000881e-08 -0.000000000000000e+00 -2.305502473652079e-42  1.519917906814264e-19 
 1.071519305237587e+06  1.002018588340738e-08 -0.000000000000000e+00 -2.202057836705802e-42  1.485320351336144e-19 
 1.096478196143165e+06  1.002120758335717e-08  1.024000000000000e+03 -2.103262448602746e-42  1.451510332368841e-19 
 1.122018454301943e+06  1.002220612789087e-08  1.024000000000000e+03 -2.008907560221090e-42  1.418469923392772e-19 
 1.148153621496861e+06  1.002326041021040e-08 -0.000000000000000e+00 -1.918793781621780e-42  1.386181605945755e-19 
 1.174897554939508e+06  1.002441972971388e-08 -0.000000000000000e+00 -1.832730658943496e-42  1.354628260334492e-19 
 1.202264434617390e+06  1.002564178729963e-08 -0.000000000000000e+00 -1.750536271759102e-42  1.323793156557484e-19 
 1.230268770812358e+06  1.002687710384673e-08  1.024000000000000e+03 -1.672036859414731e-42  1.293659945434555e-19 
 1.258925411794143e+06  1.002812943083607e-08 -0.000000000000000e+00 -1.597066446872412e-42  1.264212649938311e-19 
 1.288249551693110e+06  1.002952464955773e-08  1.024000000000000e+03 -1.525466509426836e-42  1.235435656722896e-19 
 1.318256738556382e+06  1.003095495237113e-08 -0.000000000000000e+00 -1.457085625566700e-42  1.207313707845600e-19 
 1.348962882591628e+06  1.003244278260109e-08 -0.000000000000000e+00 -1.391779168744380e-42  1.179831892676890e-19 
 1.380384264602859e+06  1.003402304214385e-08 -0.000000000000000e+00 -1.329408998853115e-42  1.152975639994598e-19 
 1.412537544622727e+06  1.003563509610761e-08 -0.000000000000000e+00 -1.269843173666272e-42  1.126730710258068e-19 
 1.445439770745900e+06  1.003734941142535e-08 -0.000000000000000e+00 -1.212955672246923e-42  1.101083188058161e-19 
 1.479108388168179e+06  1.003915413011761e-08 -0.000000000000000e+00 -1.158626127683866e-42  1.076019474739122e-19 
 1.513561248436179e+06  1.004104773665224e-08 -0.000000000000000e+00 -1.106739575587711e-42  1.051526281188391e-19 
 1.548816618912452e+06  1.004302541241464e-08 -0.000000000000000e+00 -1.057186211521631e-42  1.027590620790541e-19 
 1.584893192461083e+06  1.004507873695207e-08 -0.000000000000000e+00 -1.009861160376163e-42  1.004199802541605e-19 
 1.621810097358899e+06  1.004724247319114e-08 -0.000000000000000e+00 -9.646642554129990e-43  9.813414243201317e-20 
 1.659586907437529e+06  1.004950332257712e-08 -0.000000000000000e+00 -9.214998273424223e-43  9.590033663114223e-20 
 1.698243652461712e+06  1.005189285642106e-08 -0.000000000000000e+00 -8.802765031999901e-43  9.371737845814418e-20 
 1.737800828749342e+06  1.005440877727983e-08 -0.000000000000000e+00 -8.409070122027057e-43  9.158411047970079e-20 
 1.778279410038889e+06  1.005695923571064e-08 -0.000000000000000e+00 -8.033080044042245e-43  8.949940160889274e-20 
 1.819700858609949e+06  1.005966958511313e-08 -0.000000000000000e+00 -7.673998736489850e-43  8.746214650548234e-20 
 1.862087136662832e+06  1.006251167593421e-08 -0.000000000000000e+00 -7.331065894239208e-43  8.547126498984754e-20 
 1.905460717963211e+06  1.006550672356435e-08  2.048000000000000e+03 -7.003555371018374e-43  8.352570147025625e-20 
 1.949844599758008e+06  1.006861803965065e-08  2.048000000000000e+03 -6.690773645929334e-43  8.162442438317790e-20 
 1.995262314968841e+06  1.007191809610785e-08 -0.000000000000000e+00 -6.392058362054570e-43  7.976642564633452e-20 
 2.041737944669490e+06  1.007532480303173e-08 -0.000000000000000e+00 -6.106776928316728e-43  7.795072012420224e-20 
 2.089296130853999e+06  1.007890680999161e-08 -0.000000000000000e+00 -5.834325180352541e-43  7.617634510567958e-20 
 2.137962089502191e+06  1.008267392703656e-08 -0.000000000000000e+00 -5.574126115455296e-43  7.444235979364510e-20 
 2.187761623949510e+06  1.008661233562293e-08 -0.000000000000000e+00 -5.325628658065158e-43  7.274784480613433e-20 
 2.238721138568296e+06  1.009072521482005e-08 -0.000000000000000e+00 -5.088306510706663e-43  7.109190168887131e-20 
 2.290867652767729e+06  1.009503488311806e-08 -0.000000000000000e+00 -4.861657036581370e-43  6.947365243889630e-20 
 2.344228815319877e+06  1.009955105451972e-08 -0.000000000000000e+00 -4.645200196333487e-43  6.789223903903690e-20 
 2.398832919019444e+06  1.010426933485562e-08 -0.000000000000000e+00 -4.438477535605466e-43  6.634682300297602e-20 
 2.454708915684983e+06  1.010924090444024e-08 -0.000000000000000e+00 -4.241051216272383e-43  6.483658493067534e-20 
 2.511886431509531e+06  1.011444535973187e-08  2.048000000000000e+03 -4.052503087790566e-43  6.336072407391854e-20 
 2.570395782768813e+06  1.011984439534027e-08 -0.000000000000000e+00 -3.872433804766473e-43  6.191845791174410e-20 
 2.630267991895330e+06  1.012555816542431e-08  2.048000000000000e+03 -3.700461987779026e-43  6.050902173554213e-20 
 2.691534803926863e+06  1.013149319557072e-08 -0.000000000000000e+00 -3.536223403545370e-43  5.913166824359595e-20 
 2.754228703338112e+06  1.013773021465050e-08  2.048000000000000e+03 -3.379370208988436e-43  5.778566714485266e-20 
 2.818382931264398e+06  1.014427221029348e-08  2.048000000000000e+03 -3.229570205546998e-43  5.647030477171331e-20 
 2.884031503126549e+06  1.015107690520633e-08 -0.000000000000000e+00 -3.086506138048411e-43  5.518488370163679e-20 
 2.951209226666328e+06  1.015823727308748e-08 -0.000000000000000e+00 -2.949875026829837e-43  5.392872238735713e-20 
 3.019951720401957e+06  1.016571988171102e-08 -0.000000000000000e+00 -2.819387520108984e-43  5.270115479551831e-20 
 3.090295432513529e+06  1.017357413322976e-08 -0.000000000000000e+00 -2.694767286171283e-43  5.150153005353432e-20 
 3.162277660168317e+06  1.018180443744968e-08 -0.000000000000000e+00 -2.575750425049276e-43  5.032921210448804e-20 
 3.235936569296218e+06  1.019041179313401e-08 -0.000000000000000e+00 -2.462084911811641e-43  4.918357936988543e-20 
 3.311311214825845e+06  1.019939347241853e-08 -0.000000000000000e+00 -2.353530059243781e-43  4.806402442008639e-20 
 3.388441561391958e+06  1.020884109531071e-08 -0.000000000000000e+00 -2.249856013035553e-43  4.696995365223745e-20 
 3.467368504525247e+06  1.021871677019138e-08 -0.000000000000000e+00 -2.150843257947968e-43  4.590078697553575e-20 
 3.548133892335684e+06  1.022909523287600e-08  4.096000000000000e+03 -2.056282158639478e-43  4.485595750365720e-20 
 3.630780547700941e+06  1.023991366898868e-08 -0.000000000000000e+00 -1.965972509940609e-43  4.383491125418594e-20 
 3.715352290971651e+06  1.025126112263496e-08 -0.000000000000000e+00 -1.879723116448139e-43  4.283710685488525e-20 
 3.801893963205536e+06  1.026315740797026e-08  4.096000000000000e+03 -1.797351386630739e-43  4.186201525665516e-20 
 3.890451449942728e+06  1.027558233621567e-08 -0.000000000000000e+00 -1.718682941617479e-43  4.090911945302344e-20 
 3.981071705534893e+06  1.028858668992186e-08 -0.000000000000000e+00 -1.643551250230950e-43  3.997791420602194e-20 
 4.073802778041046e+06  1.030222184587686e-08 -0.000000000000000e+00 -1.571797273921444e-43  3.906790577830269e-20 
 4.168693834703270e+06  1.031651951027402e-08 -0.000000000000000e+00 -1.503269128542026e-43  3.817861167135199e-20 
 4.265795188015841e+06  1.033144797811415e-08 -0.000000000000000e+00 -1.437821762336732e-43  3.730956036966309e-20 
 4.365158322401572e+06  1.034713712678553e-08 -0.000000000000000e+00 -1.375316651125082e-43  3.646029109073261e-20 
 4.466835921509542e+06  1.036350835888191e-08 -0.000000000000000e+00 -1.315621499530173e-43  3.563035354074744e-20 
 4.570881896148658e+06  1.038071436870451e-08  4.096000000000000e+03 -1.258609965837775e-43  3.481930767583305e-20 
 4.677351412871888e+06  1.039867988658648e-08  4.096000000000000e+03 -1.204161388578190e-43  3.402672346873641e-20 
 4.786300923226287e+06  1.041751461825439e-08 -0.000000000000000e+00 -1.152160535210508e-43  3.325218068081986e-20 
 4.897788193684363e+06  1.043720344785472e-08 -0.000000000000000e+00 -1.102497355389147e-43  3.249526863924489e-20 
 5.011872336272622e+06  1.045785830069060e-08  4.096000000000000e+03 -1.055066748500011e-43  3.175558601922817e-20 
 5.128613839913545e+06  1.047946010626868e-08 -0.000000000000000e+00 -1.009768339387304e-43  3.103274063125374e-20 
 5.248074602497620e+06  1.050210981476951e-08  4.096000000000000e+03 -9.665062679331189e-44  3.032634921312887e-20 
 5.370317963702418e+06  1.052582169057897e-08  4.096000000000000e+03 -9.251889842393871e-44  2.963603722677349e-20 
 5.495408738576134e+06  1.055061922923580e-08  4.096000000000000e+03 -8.857290540483711e-44  2.896143865963508e-20 
 5.623413251903377e+06  1.057660437627205e-08 -0.000000000000000e+00 -8.480429758182152e-44  2.830219583062398e-20 
 5.754399373371452e+06  1.060382744148227e-08 -0.000000000000000e+00 -8.120510016864424e-44  2.765795920046611e-20 
 5.888436553555770e+06  1.063232345985928e-08 -0.000000000000000e+00 -7.776769691981522e-44  2.702838718637269e-20 
 6.025595860743455e+06  1.066216865788348e-08 -0.000000000000000e+00 -7.448481404955281e-44  2.641314598092849e-20 
 6.165950018614695e+06  1.069341063733998e-08 -0.000000000000000e+00 -7.134950474851935e-44  2.581190937510270e-20 
 6.309573444801803e+06  1.072611063248924e-08 -0.000000000000000e+00 -6.835513455839631e-44  2.522435858528860e-20 
 6.456542290346422e+06  1.076039191905083e-08 -0.000000000000000e+00 -6.549536731844199e-44  2.465018208428027e-20 
 6.606934480075824e+06  1.079622305215304e-08 -0.000000000000000e+00 -6.276415160374608e-44  2.408907543609677e-20 
 6.760829753919679e+06  1.083380845249400e-08 -0.000000000000000e+00 -6.015570825179615e-44  2.354074113456609e-20 
 6.918309709189222e+06  1.087313070597257e-08 -0.000000000000000e+00 -5.766451778187183e-44  2.300488844558351e-20 
 7.079457843841233e+06  1.091433504558741e-08 -0.000000000000000e+00 -5.528530897239219e-44  2.248123325296047e-20 
 7.244359600749752e+06  1.095745057439216e-08 -0.000000000000000e+00 -5.301304756260740e-44  2.196949790778244e-20 
 7.413102413009022e+06  1.100262736679612e-08 -0.000000000000000e+00 -5.084292576809193e-44  2.146941108119581e-20 
 7.585775750291681e+06  1.104991198612158e-08  8.192000000000000e+03 -4.877035195978608e-44  2.098070762054568e-20 
 7.762471166286756e+06  1.109942273731770e-08 -0.000000000000000e+00 -4.679094108025413e-44  2.050312840878847e-20 
 7.943282347242650e+06  1.115124269583856e-08 -0.000000000000000e+00 -4.490050531628174e-44  2.003642022710458e-20 
 8.128305161640823e+06  1.120557261445140e-08 -0.000000000000000e+00 -4.309504534216179e-44  1.958033562063847e-20 
 8.317637711026536e+06  1.126244251039549e-08  8.192000000000000e+03 -4.137074175698443e-44  1.913463276729480e-20 
 8.511380382023586e+06  1.132193817659185e-08 -0.000000000000000e+00 -3.972394707959680e-44  1.869907534952117e-20 
 8.709635899560623e+06  1.138427106878539e-08 -0.000000000000000e+00 -3.815117814426917e-44  1.827343242900938e-20 
 8.912509381337266e+06  1.144955552276435e-08 -0.000000000000000e+00 -3.664910861902960e-44  1.785747832424892e-20 
 9.120108393558905e+06  1.151792905562082e-08 -0.000000000000000e+00 -3.521456206152944e-44  1.745099249086764e-20 
 9.332543007969713e+06  1.158947574043066e-08 -0.000000000000000e+00 -3.384450519124984e-44  1.705375940469621e-20 
 9.549925860214157e+06  1.166442760882459e-08 -0.000000000000000e+00 -3.253604155991787e-44  1.666556844749434e-20 
 9.772372209557900e+06  1.174292163768700e-08 -0.000000000000000e+00 -3.128640539701202e-44  1.628621379527822e-20 
 9.999999999999788e+06  1.182508460637909e-08 -0.000000000000000e+00 -3.009295578571958e-44  1.591549430918987e-20 
 1.023292992280732e+07  1.191114301549570e-08 -0.000000000000000e+00 -2.895317113729073e-44  1.555321342885074e-20 
 1.047128548050877e+07  1.200123168942231e-08  8.192000000000000e+03 -2.786464387481930e-44  1.519917906814268e-20 
 1.071519305237583e+07  1.209560272776197e-08 -0.000000000000000e+00 -2.682507535575111e-44  1.485320351336149e-20 
 1.096478196143162e+07  1.219442658889100e-08  8.192000000000000e+03 -2.583227105440079e-44  1.451510332368845e-20 
 1.122018454301939e+07  1.229784956515890e-08 -0.000000000000000e+00 -2.488413592878995e-44  1.418469923392776e-20 
 1.148153621496858e+07  1.240618504671553e-08 -0.000000000000000e+00 -2.397867006988605e-44  1.386181605945759e-20 
 1.174897554939504e+07  1.251960569462481e-08 -0.000000000000000e+00 -2.311396443966360e-44  1.354628260334496e-20 
 1.202264434617387e+07  1.263841684066191e-08 -0.000000000000000e+00 -2.228819691172252e-44  1.323793156557487e-20 
 1.230268770812355e+07  1.276277380520929e-08 -0.000000000000000e+00 -2.149962840107889e-44  1.293659945434559e-20 
 1.258925411794140e+07  1.289302895848524e-08 -0.000000000000000e+00 -2.074659927265962e-44  1.264212649938314e-20 
 1.288249551693106e+07  1.302939587787639e-08 -0.000000000000000e+00 -2.002752580249792e-44  1.235435656722899e-20 
 1.318256738556379e+07  1.317221902289700e-08 -0.000000000000000e+00 -1.934089690019406e-44  1.207313707845603e-20 
 1.348962882591625e+07  1.332177625965419e-08 -0.000000000000000e+00 -1.868527090534374e-44  1.179831892676893e-20 
 1.380384264602855e+07  1.347835342430714e-08 -0.000000000000000e+00 -1.805927257040167e-44  1.152975639994601e-20 
 1.412537544622724e+07  1.364232991272841e-08  1.638400000000000e+04 -1.746159020527948e-44  1.126730710258071e-20 
 1.445439770745896e+07  1.381397886150072e-08 -0.000000000000000e+00 -1.689097286510695e-44  1.101083188058164e-20 
 1.479108388168175e+07  1.399381144439791e-08  1.638400000000000e+04 -1.634622779201670e-44  1.076019474739125e-20 
 1.513561248436175e+07  1.418205444245012e-08 -0.000000000000000e+00 -1.582621781813747e-44  1.051526281188393e-20 
 1.548816618912448e+07  1.437921491952248e-08  1.638400000000000e+04 -1.532985905270786e-44  1.027590620790544e-20 
 1.584893192461079e+07  1.458559468383644e-08 -0.000000000000000e+00 -1.485611853406389e-44  1.004199802541608e-20 
 1.621810097358895e+07  1.480177478722564e-08  1.638400000000000e+04 -1.440401209240676e-44  9.813414243201340e-21 
 1.659586907437524e+07  1.502808504226077e-08 -0.000000000000000e+00 -1.397260220323580e-44  9.590033663114252e-21 
 1.698243652461707e+07  1.526510689177083e-08 -0.000000000000000e+00 -1.356099605259402e-44  9.371737845814445e-21 
 1.737800828749337e+07  1.551326034813745e-08 -0.000000000000000e+00 -1.316834358302406e-44  9.158411047970104e-21 
 1.778279410038884e+07  1.577312740229746e-08 -0.000000000000000e+00 -1.279383568841610e-44  8.949940160889297e-21 
 1.819700858609944e+07  1.604527155046517e-08 -0.000000000000000e+00 -1.243670246562018e-44  8.746214650548258e-21 
 1.862087136662827e+07  1.633021111038891e-08  1.638400000000000e+04 -1.209621152746219e-44  8.547126498984774e-21 
 1.905460717963205e+07  1.662858505658387e-08  1.638400000000000e+04 -1.177166641526619e-44  8.352570147025649e-21 
 1.949844599758003e+07  1.694100037072412e-08 -0.000000000000000e+00 -1.146240504323268e-44  8.162442438317814e-21 
 1.995262314968836e+07  1.726814689651621e-08 -0.000000000000000e+00 -1.116779824020289e-44  7.976642564633473e-21 
 2.041737944669485e+07  1.761073096435670e-08 -0.000000000000000e+00 -1.088724831066084e-44  7.795072012420246e-21 
 2.089296130853994e+07  1.796944973343684e-08 -0.000000000000000e+00 -1.062018767881224e-44  7.617634510567978e-21 
 2.137962089502185e+07  1.834509129293198e-08 -0.000000000000000e+00 -1.036607757626048e-44  7.444235979364530e-21 
 2.187761623949505e+07  1.873841068501548e-08 -0.000000000000000e+00 -1.012440676270758e-44  7.274784480613448e-21 
 2.238721138568290e+07  1.915028597766051e-08  1.638400000000000e+04 -9.894690323630108e-45  7.109190168887145e-21 
 2.290867652767723e+07  1.958156389731758e-08 -0.000000000000000e+00 -9.676468467485911e-45  6.947365243889648e-21 
 2.344228815319870e+07  2.003318087261877e-08  1.638400000000000e+04 -9.469305396283862e-45  6.789223903903703e-21 
 2.398832919019438e+07  2.050605466659817e-08 -0.000000000000000e+00 -9.272788188848225e-45  6.634682300297619e-21 
 2.454708915684976e+07  2.100122761828419e-08 -0.000000000000000e+00 -9.086525739328361e-45  6.483658493067550e-21 
 2.511886431509525e+07  2.151972625757846e-08  3.276800000000000e+04 -8.910147700574169e-45  6.336072407391872e-21 
 2.570395782768807e+07  2.206266482969146e-08 -0.000000000000000e+00 -8.743303477368425e-45  6.191845791174426e-21 
 2.630267991895324e+07  2.263120445762135e-08 -0.000000000000000e+00 -8.585661238802671e-45  6.050902173554230e-21 
 2.691534803926856e+07  2.322655491594387e-08  3.276800000000000e+04 -8.436906953746260e-45  5.913166824359608e-21 
 2.754228703338105e+07  2.384992647344731e-08 -0.000000000000000e+00 -8.296743445634992e-45  5.778566714485282e-21 
 2.818382931264391e+07  2.450266239148117e-08 -0.000000000000000e+00 -8.164889482585217e-45  5.647030477171347e-21 
 2.884031503126542e+07  2.518616330026678e-08 -0.000000000000000e+00 -8.041078872769165e-45  5.518488370163692e-21 
 2.951209226666320e+07  2.590190726875289e-08 -0.000000000000000e+00 -7.925059582300107e-45  5.392872238735727e-21 
 3.019951720401949e+07  2.665138108826963e-08 -0.000000000000000e+00 -7.816592871936240e-45  5.270115479551844e-21 
 3.090295432513522e+07  2.743618854652575e-08 -0.000000000000000e+00 -7.715452449551310e-45  5.150153005353444e-21 
 3.162277660168309e+07  2.825800182367504e-08 -0.000000000000000e+00 -7.621423632080890e-45  5.032921210448816e-21 
 3.235936569296210e+07  2.911850540105965e-08 -0.000000000000000e+00 -7.534302528357786e-45  4.918357936988556e-21 
 3.311311214825837e+07  3.001955224151525e-08 -0.000000000000000e+00 -7.453895231702691e-45  4.806402442008651e-21 
 3.388441561391950e+07  3.096307546794134e-08 -0.000000000000000e+00 -7.380017021815638e-45  4.696995365223757e-21 
 3.467368504525239e+07  3.195109151381175e-08  3.276800000000000e+04 -7.312491580306792e-45  4.590078697553584e-21 
 3.548133892335676e+07  3.298563898473597e-08 -0.000000000000000e+00 -7.251150217825543e-45  4.485595750365732e-21 
 3.630780547700933e+07  3.406895028580667e-08 -0.000000000000000e+00 -7.195831110047561e-45  4.383491125418604e-21 
 3.715352290971643e+07  3.520333269362841e-08  3.276800000000000e+04 -7.146378545997016e-45  4.283710685488534e-21 
 3.801893963205528e+07  3.639113509772409e-08 -0.000000000000000e+00 -7.102642179599528e-45  4.186201525665527e-21 
 3.890451449942719e+07  3.763496880934802e-08 -0.000000000000000e+00 -7.064476303494400e-45  4.090911945302354e-21 
 3.981071705534884e+07  3.893742937341328e-08 -0.000000000000000e+00 -7.031739116649514e-45  3.997791420602202e-21 
 4.073802778041036e+07  4.030124609456045e-08 -0.000000000000000e+00 -7.004292016015109e-45  3.906790577830279e-21 
 4.168693834703261e+07  4.172932694122736e-08 -0.000000000000000e+00 -6.981998892444391e-45  3.817861167135207e-21 
 4.265795188015831e+07  4.322471875321099e-08 -0.000000000000000e+00 -6.964725436152461e-45  3.730956036966318e-21 
 4.365158322401562e+07  4.479060052721708e-08  3.276800000000000e+04 -6.952338460395571e-45  3.646029109073268e-21 
 4.466835921509531e+07  4.643023460567431e-08 -0.000000000000000e+00 -6.944705228788733e-45  3.563035354074752e-21 
 4.570881896148648e+07  4.814717323708302e-08 -0.000000000000000e+00 -6.941692810773925e-45  3.481930767583314e-21 
 4.677351412871877e+07  4.994504108103493e-08 -0.000000000000000e+00 -6.943167437018701e-45  3.402672346873650e-21 
 4.786300923226276e+07  5.182763303881698e-08 -0.000000000000000e+00 -6.948993883930476e-45  3.325218068081993e-21 
 4.897788193684352e+07  5.379892207800345e-08 -0.000000000000000e+00 -6.959034873478140e-45  3.249526863924496e-21 
 5.011872336272611e+07  5.586317353515733e-08 -0.000000000000000e+00 -6.973150495718465e-45  3.175558601922825e-21 
 5.128613839913534e+07  5.802467121114922e-08 -0.000000000000000e+00 -6.991197653307678e-45  3.103274063125381e-21 
 5.248074602497608e+07  6.028802269453221e-08 -0.000000000000000e+00 -7.013029538028240e-45  3.032634921312895e-21 
 5.370317963702407e+07  6.265806930588500e-08 -0.000000000000000e+00 -7.038495133025128e-45  2.963603722677357e-21 
 5.495408738576122e+07  6.513978156613324e-08 -0.000000000000000e+00 -7.067438748817939e-45  2.896143865963515e-21 
 5.623413251903364e+07  6.773849622116211e-08 -0.000000000000000e+00 -7.099699597930568e-45  2.830219583062404e-21 
 5.754399373371439e+07  7.045968134960358e-08 -0.000000000000000e+00 -7.135111407500874e-45  2.765795920046616e-21 
 5.888436553555757e+07  7.330911188001678e-08 -0.000000000000000e+00 -7.173502076427159e-45  2.702838718637275e-21 
 6.025595860743441e+07  7.629279607941999e-08 -0.000000000000000e+00 -7.214693379531261e-45  2.641314598092854e-21 
 6.165950018614683e+07  7.941711407030030e-08 -0.000000000000000e+00 -7.258500722527670e-45  2.581190937510275e-21 
 6.309573444801790e+07  8.268866941489753e-08 -0.000000000000000e+00 -7.304732950984940e-45  2.522435858528865e-21 
 6.456542290346409e+07  8.611446957142179e-08  6.553600000000000e+04 -7.353192217448592e-45  2.465018208428032e-21 
 6.606934480075811e+07  8.970163118813121e-08 -0.000000000000000e+00 -7.403673909450838e-45  2.408907543609682e-21 
 6.760829753919666e+07  9.345788066144651e-08 -0.000000000000000e+00 -7.455966642338225e-45  2.354074113456614e-21 
 6.918309709189209e+07  9.739118316903504e-08 -0.000000000000000e+00 -7.509852317826819e-45  2.300488844558355e-21 
 7.079457843841220e+07  1.015098301445717e-07 -0.000000000000000e+00 -7.565106251814031e-45  2.248123325296051e-21 
 7.244359600749739e+07  1.058226041504788e-07 -0.000000000000000e+00 -7.621497374318657e-45  2.196949790778249e-21 
 7.413102413009009e+07  1.103386291415692e-07 -0.000000000000000e+00 -7.678788499948721e-45  2.146941108119585e-21 
 7.585775750291668e+07  1.150674611703872e-07 -0.000000000000000e+00 -7.736736672941010e-45  2.098070762054572e-21 
 7.762471166286743e+07  1.200191787976026e-07  6.553600000000000e+04 -7.795093584978166e-45  2.050312840878850e-21 
 7.943282347242635e+07  1.252042559357613e-07  6.553600000000000e+04 -7.853606064073546e-45  2.003642022710461e-21 
 8.128305161640808e+07  1.306337094298910e-07 -0.000000000000000e+00 -7.912016638454546e-45  1.958033562063851e-21 
 8.317637711026521e+07  1.363190267754072e-07 -0.000000000000000e+00 -7.970064166176527e-45  1.913463276729484e-21 
 8.511380382023571e+07  1.422722871475083e-07 -0.000000000000000e+00 -8.027484534137954e-45  1.869907534952121e-21 
 8.709635899560608e+07  1.485061261875295e-07 -0.000000000000000e+00 -8.084011419530361e-45  1.827343242900941e-21 
 8.912509381337252e+07  1.550337604774718e-07 -0.000000000000000e+00 -8.139377110569721e-45  1.785747832424895e-21 
 9.120108393558890e+07  1.618690544187869e-07  6.553600000000000e+04 -8.193313382435104e-45  1.745099249086766e-21 
 9.332543007969697e+07  1.690264527876282e-07  6.553600000000000e+04 -8.245552421643272e-45  1.705375940469623e-21 
 9.549925860214141e+07  1.765211464889902e-07 -0.000000000000000e+00 -8.295827793965470e-45  1.666556844749437e-21 
 9.772372209557883e+07  1.843690965928141e-07 -0.000000000000000e+00 -8.343875448779535e-45  1.628621379527824e-21 
 9.999999999999771e+07  1.925869069321793e-07 -0.000000000000000e+00 -8.389434752260442e-45  1.591549430918990e-21 
