 frequency       er              ei              fr              fi              ir              ii             
 1.00000000e+00  2.38951346e-07  6.04992105e-07 -9.99999761e-01  6.04992105e-07  2.36461692e-15  6.05920103e-15 
 1.02329299e+00  2.38951790e-07  6.19084179e-07 -9.99999761e-01  6.19084179e-07  2.36351879e-15  6.20033795e-15 
 1.04712855e+00  2.38952256e-07  6.33504500e-07 -9.99999761e-01  6.33504500e-07  2.36221908e-15  6.34476237e-15 
 1.07151931e+00  2.38952743e-07  6.48260713e-07 -9.99999761e-01  6.48260713e-07  2.36104918e-15  6.49255087e-15 
 1.09647820e+00  2.38953254e-07  6.63360642e-07 -9.99999761e-01  6.63360642e-07  2.35966622e-15  6.64378180e-15 
 1.12201845e+00  2.38953787e-07  6.78812295e-07 -9.99999761e-01  6.78812295e-07  2.35826139e-15  6.79853536e-15 
 1.14815362e+00  2.38954347e-07  6.94623862e-07 -9.99999761e-01  6.94623862e-07  2.35674671e-15  6.95689360e-15 
 1.17489755e+00  2.38954933e-07  7.10803728e-07 -9.99999761e-01  7.10803728e-07  2.35525892e-15  7.11894047e-15 
 1.20226443e+00  2.38955546e-07  7.27360472e-07 -9.99999761e-01  7.27360472e-07  2.35363444e-15  7.28476191e-15 
 1.23026877e+00  2.38956188e-07  7.44302871e-07 -9.99999761e-01  7.44302871e-07  2.35193335e-15  7.45444582e-15 
 1.25892541e+00  2.38956860e-07  7.61639910e-07 -9.99999761e-01  7.61639910e-07  2.35030154e-15  7.62808218e-15 
 1.28824955e+00  2.38957564e-07  7.79380781e-07 -9.99999761e-01  7.79380781e-07  2.34830578e-15  7.80576306e-15 
 1.31825674e+00  2.38958301e-07  7.97534889e-07 -9.99999761e-01  7.97534889e-07  2.34641802e-15  7.98758266e-15 
 1.34896288e+00  2.38959072e-07  8.16111861e-07 -9.99999761e-01  8.16111861e-07  2.34438793e-15  8.17363738e-15 
 1.38038426e+00  2.38959880e-07  8.35121547e-07 -9.99999761e-01  8.35121547e-07  2.34231683e-15  8.36402588e-15 
 1.41253754e+00  2.38960727e-07  8.54574024e-07 -9.99999761e-01  8.54574024e-07  2.34014036e-15  8.55884909e-15 
 1.44543977e+00  2.38961612e-07  8.74479609e-07 -9.99999761e-01  8.74479609e-07  2.33775534e-15  8.75821033e-15 
 1.47910839e+00  2.38962540e-07  8.94848853e-07 -9.99999761e-01  8.94848853e-07  2.33541392e-15  8.96221530e-15 
 1.51356125e+00  2.38963511e-07  9.15692559e-07 -9.99999761e-01  9.15692559e-07  2.33284615e-15  9.17097215e-15 
 1.54881662e+00  2.38964528e-07  9.37021777e-07 -9.99999761e-01  9.37021777e-07  2.33023796e-15  9.38459157e-15 
 1.58489319e+00  2.38965593e-07  9.58847816e-07 -9.99999761e-01  9.58847816e-07  2.32740878e-15  9.60318685e-15 
 1.62181010e+00  2.38966708e-07  9.81182249e-07 -9.99999761e-01  9.81182249e-07  2.32446461e-15  9.82687386e-15 
 1.65958691e+00  2.38967875e-07  1.00403692e-06 -9.99999761e-01  1.00403692e-06  2.32147625e-15  1.00557712e-14 
 1.69824365e+00  2.38969097e-07  1.02742394e-06 -9.99999761e-01  1.02742394e-06  2.31825011e-15  1.02900003e-14 
 1.73780083e+00  2.38970378e-07  1.05135572e-06 -9.99999761e-01  1.05135572e-06  2.31494614e-15  1.05296853e-14 
 1.77827941e+00  2.38971718e-07  1.07584494e-06 -9.99999761e-01  1.07584494e-06  2.31141512e-15  1.07749532e-14 
 1.81970086e+00  2.38973121e-07  1.10090458e-06 -9.99999761e-01  1.10090458e-06  2.30768485e-15  1.10259342e-14 
 1.86208714e+00  2.38974590e-07  1.12654794e-06 -9.99999761e-01  1.12654794e-06  2.30393042e-15  1.12827613e-14 
 1.90546072e+00  2.38976129e-07  1.15278861e-06 -9.99999761e-01  1.15278861e-06  2.29989419e-15  1.15455707e-14 
 1.94984460e+00  2.38977741e-07  1.17964051e-06 -9.99999761e-01  1.17964051e-06  2.29568777e-15  1.18145017e-14 
 1.99526231e+00  2.38979428e-07  1.20711786e-06 -9.99999761e-01  1.20711786e-06  2.29125150e-15  1.20896969e-14 
 2.04173794e+00  2.38981194e-07  1.23523525e-06 -9.99999761e-01  1.23523525e-06  2.28667105e-15  1.23713022e-14 
 2.08929613e+00  2.38983044e-07  1.26400757e-06 -9.99999761e-01  1.26400757e-06  2.28178877e-15  1.26594670e-14 
 2.13796209e+00  2.38984981e-07  1.29345009e-06 -9.99999761e-01  1.29345009e-06  2.27665476e-15  1.29543440e-14 
 2.18776162e+00  2.38987010e-07  1.32357841e-06 -9.99999761e-01  1.32357841e-06  2.27145604e-15  1.32560896e-14 
 2.23872114e+00  2.38989134e-07  1.35440851e-06 -9.99999761e-01  1.35440851e-06  2.26586642e-15  1.35648638e-14 
 2.29086765e+00  2.38991357e-07  1.38595674e-06 -9.99999761e-01  1.38595674e-06  2.26011074e-15  1.38808303e-14 
 2.34422882e+00  2.38993686e-07  1.41823981e-06 -9.99999761e-01  1.41823981e-06  2.25398982e-15  1.42041565e-14 
 2.39883292e+00  2.38996124e-07  1.45127486e-06 -9.99999761e-01  1.45127486e-06  2.24755164e-15  1.45350141e-14 
 2.45470892e+00  2.38998678e-07  1.48507939e-06 -9.99999761e-01  1.48507939e-06  2.24085612e-15  1.48735783e-14 
 2.51188643e+00  2.39001352e-07  1.51967134e-06 -9.99999761e-01  1.51967134e-06  2.23387275e-15  1.52200287e-14 
 2.57039578e+00  2.39004151e-07  1.55506903e-06 -9.99999761e-01  1.55506903e-06  2.22650003e-15  1.55745490e-14 
 2.63026799e+00  2.39007083e-07  1.59129124e-06 -9.99999761e-01  1.59129124e-06  2.21895041e-15  1.59373271e-14 
 2.69153480e+00  2.39010153e-07  1.62835717e-06 -9.99999761e-01  1.62835717e-06  2.21090147e-15  1.63085555e-14 
 2.75422870e+00  2.39013367e-07  1.66628648e-06 -9.99999761e-01  1.66628648e-06  2.20249258e-15  1.66884309e-14 
 2.81838293e+00  2.39016733e-07  1.70509928e-06 -9.99999761e-01  1.70509928e-06  2.19371075e-15  1.70771547e-14 
 2.88403150e+00  2.39020257e-07  1.74481614e-06 -9.99999761e-01  1.74481614e-06  2.18450912e-15  1.74749332e-14 
 2.95120923e+00  2.39023948e-07  1.78545813e-06 -9.99999761e-01  1.78545813e-06  2.17482534e-15  1.78819771e-14 
 3.01995172e+00  2.39027813e-07  1.82704679e-06 -9.99999761e-01  1.82704679e-06  2.16478589e-15  1.82985023e-14 
 3.09029543e+00  2.39031859e-07  1.86960417e-06 -9.99999761e-01  1.86960417e-06  2.15413355e-15  1.87247297e-14 
 3.16227766e+00  2.39036097e-07  1.91315285e-06 -9.99999761e-01  1.91315285e-06  2.14304404e-15  1.91608852e-14 
 3.23593657e+00  2.39040534e-07  1.95771590e-06 -9.99999761e-01  1.95771590e-06  2.13144908e-15  1.96072001e-14 
 3.31131121e+00  2.39045179e-07  2.00331696e-06 -9.99999761e-01  2.00331696e-06  2.11937401e-15  2.00639111e-14 
 3.38844156e+00  2.39050044e-07  2.04998021e-06 -9.99999761e-01  2.04998021e-06  2.10660275e-15  2.05312602e-14 
 3.46736850e+00  2.39055139e-07  2.09773038e-06 -9.99999761e-01  2.09773038e-06  2.09328496e-15  2.10094954e-14 
 3.54813389e+00  2.39060474e-07  2.14659279e-06 -9.99999761e-01  2.14659279e-06  2.07934775e-15  2.14988702e-14 
 3.63078055e+00  2.39066059e-07  2.19659336e-06 -9.99999761e-01  2.19659336e-06  2.06478407e-15  2.19996440e-14 
 3.71535229e+00  2.39071908e-07  2.24775859e-06 -9.99999761e-01  2.24775859e-06  2.04947107e-15  2.25120824e-14 
 3.80189396e+00  2.39078033e-07  2.30011562e-06 -9.99999761e-01  2.30011562e-06  2.03342477e-15  2.30364571e-14 
 3.89045145e+00  2.39084446e-07  2.35369219e-06 -9.99999761e-01  2.35369219e-06  2.01670586e-15  2.35730461e-14 
 3.98107171e+00  2.39091162e-07  2.40851672e-06 -9.99999761e-01  2.40851672e-06  1.99910575e-15  2.41221340e-14 
 4.07380278e+00  2.39098194e-07  2.46461828e-06 -9.99999761e-01  2.46461828e-06  1.98071086e-15  2.46840118e-14 
 4.16869383e+00  2.39105558e-07  2.52202661e-06 -9.99999761e-01  2.52202661e-06  1.96147892e-15  2.52589775e-14 
 4.26579519e+00  2.39113268e-07  2.58077216e-06 -9.99999761e-01  2.58077216e-06  1.94127202e-15  2.58473360e-14 
 4.36515832e+00  2.39121342e-07  2.64088606e-06 -9.99999761e-01  2.64088606e-06  1.92016592e-15  2.64493992e-14 
 4.46683592e+00  2.39129797e-07  2.70240020e-06 -9.99999761e-01  2.70240020e-06  1.89810961e-15  2.70654864e-14 
 4.57088190e+00  2.39138649e-07  2.76534719e-06 -9.99999761e-01  2.76534719e-06  1.87495755e-15  2.76959241e-14 
 4.67735141e+00  2.39147919e-07  2.82976040e-06 -9.99999761e-01  2.82976040e-06  1.85071117e-15  2.83410468e-14 
 4.78630092e+00  2.39157626e-07  2.89567398e-06 -9.99999761e-01  2.89567398e-06  1.82529165e-15  2.90011965e-14 
 4.89778819e+00  2.39167790e-07  2.96312289e-06 -9.99999761e-01  2.96312289e-06  1.79876838e-15  2.96767231e-14 
 5.01187234e+00  2.39178434e-07  3.03214289e-06 -9.99999761e-01  3.03214289e-06  1.77102371e-15  3.03679849e-14 
 5.12861384e+00  2.39189579e-07  3.10277057e-06 -9.99999761e-01  3.10277057e-06  1.74175905e-15  3.10753484e-14 
 5.24807460e+00  2.39201249e-07  3.17504337e-06 -9.99999761e-01  3.17504337e-06  1.71127682e-15  3.17991888e-14 
 5.37031796e+00  2.39213469e-07  3.24899963e-06 -9.99999761e-01  3.24899963e-06  1.67938048e-15  3.25398896e-14 
 5.49540874e+00  2.39226265e-07  3.32467855e-06 -9.99999761e-01  3.32467855e-06  1.64593365e-15  3.32978439e-14 
 5.62341325e+00  2.39239665e-07  3.40212026e-06 -9.99999761e-01  3.40212026e-06  1.61087471e-15  3.40734533e-14 
 5.75439937e+00  2.39253696e-07  3.48136582e-06 -9.99999761e-01  3.48136582e-06  1.57422067e-15  3.48671292e-14 
 5.88843655e+00  2.39268387e-07  3.56245725e-06 -9.99999761e-01  3.56245725e-06  1.53578312e-15  3.56792925e-14 
 6.02559586e+00  2.39283772e-07  3.64543753e-06 -9.99999761e-01  3.64543753e-06  1.49557908e-15  3.65103737e-14 
 6.16595002e+00  2.39299881e-07  3.73035068e-06 -9.99999761e-01  3.73035068e-06  1.45335789e-15  3.73608135e-14 
 6.30957344e+00  2.39316750e-07  3.81724170e-06 -9.99999761e-01  3.81724170e-06  1.40931623e-15  3.82310629e-14 
 6.45654229e+00  2.39334414e-07  3.90615668e-06 -9.99999761e-01  3.90615668e-06  1.36310352e-15  3.91215833e-14 
 6.60693448e+00  2.39352910e-07  3.99714276e-06 -9.99999761e-01  3.99714276e-06  1.31482117e-15  4.00328470e-14 
 6.76082975e+00  2.39372277e-07  4.09024817e-06 -9.99999761e-01  4.09024817e-06  1.26416662e-15  4.09653370e-14 
 6.91830971e+00  2.39392558e-07  4.18552228e-06 -9.99999761e-01  4.18552228e-06  1.21108648e-15  4.19195479e-14 
 7.07945784e+00  2.39413794e-07  4.28301562e-06 -9.99999761e-01  4.28301562e-06  1.15557964e-15  4.28959857e-14 
 7.24435960e+00  2.39436031e-07  4.38277986e-06 -9.99999761e-01  4.38277986e-06  1.09745133e-15  4.38951680e-14 
 7.41310241e+00  2.39459317e-07  4.48486791e-06 -9.99999761e-01  4.48486791e-06  1.03661213e-15  4.49176247e-14 
 7.58577575e+00  2.39483700e-07  4.58933390e-06 -9.99999761e-01  4.58933390e-06  9.72865765e-16  4.59638980e-14 
 7.76247117e+00  2.39509231e-07  4.69623322e-06 -9.99999760e-01  4.69623322e-06  9.06090936e-16  4.70345427e-14 
 7.94328235e+00  2.39535966e-07  4.80562253e-06 -9.99999760e-01  4.80562253e-06  8.36120660e-16  4.81301265e-14 
 8.12830516e+00  2.39563961e-07  4.91755986e-06 -9.99999760e-01  4.91755986e-06  7.62983289e-16  4.92512303e-14 
 8.31763771e+00  2.39593275e-07  5.03210453e-06 -9.99999760e-01  5.03210453e-06  6.86362360e-16  5.03984486e-14 
 8.51138038e+00  2.39623971e-07  5.14931730e-06 -9.99999760e-01  5.14931730e-06  6.06112794e-16  5.15723898e-14 
 8.70963590e+00  2.39656114e-07  5.26926030e-06 -9.99999760e-01  5.26926030e-06  5.22101888e-16  5.27736763e-14 
 8.91250938e+00  2.39689771e-07  5.39199713e-06 -9.99999760e-01  5.39199713e-06  4.34057867e-16  5.40029452e-14 
 9.12010839e+00  2.39725015e-07  5.51759287e-06 -9.99999760e-01  5.51759287e-06  3.41886975e-16  5.52608482e-14 
 9.33254301e+00  2.39761919e-07  5.64611411e-06 -9.99999760e-01  5.64611411e-06  2.45417829e-16  5.65480526e-14 
 9.54992586e+00  2.39800563e-07  5.77762899e-06 -9.99999760e-01  5.77762899e-06  1.44327222e-16  5.78652407e-14 
 9.77237221e+00  2.39841027e-07  5.91220725e-06 -9.99999760e-01  5.91220725e-06  3.86400220e-17  5.92131112e-14 
 1.00000000e+01  2.39883400e-07  6.04992023e-06 -9.99999760e-01  6.04992023e-06 -7.21816897e-17  6.05923788e-14 
 1.02329299e+01  2.39927769e-07  6.19084097e-06 -9.99999760e-01  6.19084097e-06 -1.88149002e-16  6.20037748e-14 
 1.04712855e+01  2.39974229e-07  6.33504416e-06 -9.99999760e-01  6.33504416e-06 -3.09631084e-16  6.34480478e-14 
 1.07151931e+01  2.40022878e-07  6.48260628e-06 -9.99999760e-01  6.48260628e-06 -4.36834897e-16  6.49259636e-14 
 1.09647820e+01  2.40073820e-07  6.63360557e-06 -9.99999760e-01  6.63360557e-06 -5.69987418e-16  6.64383060e-14 
 1.12201845e+01  2.40127164e-07  6.78812208e-06 -9.99999760e-01  6.78812208e-06 -7.09476165e-16  6.79858770e-14 
 1.14815362e+01  2.40183021e-07  6.94623773e-06 -9.99999760e-01  6.94623773e-06 -8.55624686e-16  6.95694972e-14 
 1.17489755e+01  2.40241511e-07  7.10803638e-06 -9.99999760e-01  7.10803638e-06 -1.00841808e-15  7.11900066e-14 
 1.20226443e+01  2.40302757e-07  7.27360379e-06 -9.99999760e-01  7.27360379e-06 -1.16858795e-15  7.28482644e-14 
 1.23026877e+01  2.40366890e-07  7.44302777e-06 -9.99999760e-01  7.44302777e-06 -1.33624270e-15  7.45451502e-14 
 1.25892541e+01  2.40434045e-07  7.61639814e-06 -9.99999760e-01  7.61639814e-06 -1.51191318e-15  7.62815637e-14 
 1.28824955e+01  2.40504365e-07  7.79380682e-06 -9.99999759e-01  7.79380682e-06 -1.69570102e-15  7.80584260e-14 
 1.31825674e+01  2.40577999e-07  7.97534787e-06 -9.99999759e-01  7.97534787e-06 -1.88831289e-15  7.98766793e-14 
 1.34896288e+01  2.40655103e-07  8.16111756e-06 -9.99999759e-01  8.16111756e-06 -2.08975999e-15  8.17372879e-14 
 1.38038426e+01  2.40735841e-07  8.35121438e-06 -9.99999759e-01  8.35121438e-06 -2.30093031e-15  8.36412387e-14 
 1.41253754e+01  2.40820384e-07  8.54573912e-06 -9.99999759e-01  8.54573912e-06 -2.52187947e-15  8.55895413e-14 
 1.44543977e+01  2.40908912e-07  8.74479492e-06 -9.99999759e-01  8.74479492e-06 -2.75342300e-15  8.75832292e-14 
 1.47910839e+01  2.41001612e-07  8.94848733e-06 -9.99999759e-01  8.94848733e-06 -2.99573412e-15  8.96233598e-14 
 1.51356125e+01  2.41098680e-07  9.15692434e-06 -9.99999759e-01  9.15692434e-06 -3.24960875e-15  9.17110150e-14 
 1.54881662e+01  2.41200324e-07  9.37021646e-06 -9.99999759e-01  9.37021646e-06 -3.51529785e-15  9.38473022e-14 
 1.58489319e+01  2.41306757e-07  9.58847680e-06 -9.99999759e-01  9.58847680e-06 -3.79357363e-15  9.60333544e-14 
 1.62181010e+01  2.41418207e-07  9.81182107e-06 -9.99999759e-01  9.81182107e-06 -4.08495289e-15  9.82703311e-14 
 1.65958691e+01  2.41534909e-07  1.00403677e-05 -9.99999758e-01  1.00403677e-05 -4.39003991e-15  1.00559419e-13 
 1.69824365e+01  2.41657111e-07  1.02742378e-05 -9.99999758e-01  1.02742378e-05 -4.70952405e-15  1.02901832e-13 
 1.73780083e+01  2.41785073e-07  1.05135555e-05 -9.99999758e-01  1.05135555e-05 -5.04411805e-15  1.05298813e-13 
 1.77827941e+01  2.41919065e-07  1.07584476e-05 -9.99999758e-01  1.07584476e-05 -5.39447987e-15  1.07751633e-13 
 1.81970086e+01  2.42059371e-07  1.10090440e-05 -9.99999758e-01  1.10090440e-05 -5.76128575e-15  1.10261594e-13 
 1.86208714e+01  2.42206291e-07  1.12654775e-05 -9.99999758e-01  1.12654775e-05 -6.14537500e-15  1.12830026e-13 
 1.90546072e+01  2.42360133e-07  1.15278841e-05 -9.99999758e-01  1.15278841e-05 -6.54764902e-15  1.15458292e-13 
 1.94984460e+01  2.42521228e-07  1.17964030e-05 -9.99999757e-01  1.17964030e-05 -6.96874250e-15  1.18147788e-13 
 1.99526231e+01  2.42689913e-07  1.20711764e-05 -9.99999757e-01  1.20711764e-05 -7.40987557e-15  1.20899938e-13 
 2.04173794e+01  2.42866549e-07  1.23523501e-05 -9.99999757e-01  1.23523501e-05 -7.87161930e-15  1.23716204e-13 
 2.08929613e+01  2.43051509e-07  1.26400732e-05 -9.99999757e-01  1.26400732e-05 -8.35524057e-15  1.26598080e-13 
 2.13796209e+01  2.43245186e-07  1.29344982e-05 -9.99999757e-01  1.29344982e-05 -8.86168147e-15  1.29547095e-13 
 2.18776162e+01  2.43447991e-07  1.32357813e-05 -9.99999757e-01  1.32357813e-05 -9.39190970e-15  1.32564812e-13 
 2.23872114e+01  2.43660354e-07  1.35440821e-05 -9.99999756e-01  1.35440821e-05 -9.94710082e-15  1.35652834e-13 
 2.29086765e+01  2.43882725e-07  1.38595642e-05 -9.99999756e-01  1.38595642e-05 -1.05285017e-14  1.38812799e-13 
 2.34422882e+01  2.44115575e-07  1.41823948e-05 -9.99999756e-01  1.41823948e-05 -1.11372860e-14  1.42046384e-13 
 2.39883292e+01  2.44359400e-07  1.45127450e-05 -9.99999756e-01  1.45127450e-05 -1.17747480e-14  1.45355304e-13 
 2.45470892e+01  2.44614717e-07  1.48507901e-05 -9.99999755e-01  1.48507901e-05 -1.24422869e-14  1.48741316e-13 
 2.51188643e+01  2.44882065e-07  1.51967093e-05 -9.99999755e-01  1.51967093e-05 -1.31412300e-14  1.52206216e-13 
 2.57039578e+01  2.45162014e-07  1.55506859e-05 -9.99999755e-01  1.55506859e-05 -1.38731890e-14  1.55751843e-13 
 2.63026799e+01  2.45455155e-07  1.59129077e-05 -9.99999755e-01  1.59129077e-05 -1.46395773e-14  1.59380079e-13 
 2.69153480e+01  2.45762113e-07  1.62835667e-05 -9.99999754e-01  1.62835667e-05 -1.54421987e-14  1.63092850e-13 
 2.75422870e+01  2.46083536e-07  1.66628595e-05 -9.99999754e-01  1.66628595e-05 -1.62825160e-14  1.66892126e-13 
 2.81838293e+01  2.46420108e-07  1.70509871e-05 -9.99999754e-01  1.70509871e-05 -1.71624581e-14  1.70779923e-13 
 2.88403150e+01  2.46772542e-07  1.74481554e-05 -9.99999753e-01  1.74481554e-05 -1.80838722e-14  1.74758307e-13 
 2.95120923e+01  2.47141585e-07  1.78545748e-05 -9.99999753e-01  1.78545748e-05 -1.90487604e-14  1.78829388e-13 
 3.01995172e+01  2.47528021e-07  1.82704610e-05 -9.99999752e-01  1.82704610e-05 -2.00591357e-14  1.82995328e-13 
 3.09029543e+01  2.47932669e-07  1.86960344e-05 -9.99999752e-01  1.86960344e-05 -2.11170907e-14  1.87258339e-13 
 3.16227766e+01  2.48356388e-07  1.91315206e-05 -9.99999752e-01  1.91315206e-05 -2.22249302e-14  1.91620684e-13 
 3.23593657e+01  2.48800075e-07  1.95771506e-05 -9.99999751e-01  1.95771506e-05 -2.33849873e-14  1.96084680e-13 
 3.31131121e+01  2.49264672e-07  2.00331606e-05 -9.99999751e-01  2.00331606e-05 -2.45996175e-14  2.00652697e-13 
 3.38844156e+01  2.49751166e-07  2.04997925e-05 -9.99999750e-01  2.04997925e-05 -2.58715668e-14  2.05327160e-13 
 3.46736850e+01  2.50260587e-07  2.09772935e-05 -9.99999750e-01  2.09772935e-05 -2.72033794e-14  2.10110553e-13 
 3.54813389e+01  2.50794016e-07  2.14659170e-05 -9.99999749e-01  2.14659170e-05 -2.85981730e-14  2.15005417e-13 
 3.63078055e+01  2.51352584e-07  2.19659219e-05 -9.99999749e-01  2.19659219e-05 -3.00585441e-14  2.20014351e-13 
 3.71535229e+01  2.51937477e-07  2.24775734e-05 -9.99999748e-01  2.24775734e-05 -3.15877486e-14  2.25140016e-13 
 3.80189396e+01  2.52549936e-07  2.30011427e-05 -9.99999747e-01  2.30011427e-05 -3.31890655e-14  2.30385136e-13 
 3.89045145e+01  2.53191257e-07  2.35369075e-05 -9.99999747e-01  2.35369075e-05 -3.48657808e-14  2.35752497e-13 
 3.98107171e+01  2.53862804e-07  2.40851518e-05 -9.99999746e-01  2.40851518e-05 -3.66215277e-14  2.41244951e-13 
 4.07380278e+01  2.54565999e-07  2.46461663e-05 -9.99999745e-01  2.46461663e-05 -3.84601275e-14  2.46865418e-13 
 4.16869383e+01  2.55302334e-07  2.52202485e-05 -9.99999745e-01  2.52202485e-05 -4.03851803e-14  2.52616885e-13 
 4.26579519e+01  2.56073372e-07  2.58077027e-05 -9.99999744e-01  2.58077027e-05 -4.24011467e-14  2.58502409e-13 
 4.36515832e+01  2.56880747e-07  2.64088404e-05 -9.99999743e-01  2.64088404e-05 -4.45121023e-14  2.64525119e-13 
 4.46683592e+01  2.57726172e-07  2.70239803e-05 -9.99999742e-01  2.70239803e-05 -4.67224932e-14  2.70688216e-13 
 4.57088190e+01  2.58611441e-07  2.76534486e-05 -9.99999741e-01  2.76534486e-05 -4.90370123e-14  2.76994980e-13 
 4.67735141e+01  2.59538430e-07  2.82975791e-05 -9.99999740e-01  2.82975791e-05 -5.14606183e-14  2.83448763e-13 
 4.78630092e+01  2.60509106e-07  2.89567131e-05 -9.99999739e-01  2.89567131e-05 -5.39984714e-14  2.90052998e-13 
 4.89778819e+01  2.61525529e-07  2.96312003e-05 -9.99999738e-01  2.96312003e-05 -5.66560395e-14  2.96811199e-13 
 5.01187234e+01  2.62589854e-07  3.03213983e-05 -9.99999737e-01  3.03213983e-05 -5.94387534e-14  3.03727824e-13 
 5.12861384e+01  2.63704338e-07  3.10276729e-05 -9.99999736e-01  3.10276729e-05 -6.23524944e-14  3.10804849e-13 
 5.24807460e+01  2.64871345e-07  3.17503987e-05 -9.99999735e-01  3.17503987e-05 -6.54037342e-14  3.18046883e-13 
 5.37031796e+01  2.66093351e-07  3.24899587e-05 -9.99999734e-01  3.24899587e-05 -6.85987423e-14  3.25457782e-13 
 5.49540874e+01  2.67372947e-07  3.32467453e-05 -9.99999733e-01  3.32467453e-05 -7.19442245e-14  3.33041491e-13 
 5.62341325e+01  2.68712849e-07  3.40211595e-05 -9.99999731e-01  3.40211595e-05 -7.54475223e-14  3.40802049e-13 
 5.75439937e+01  2.70115896e-07  3.48136120e-05 -9.99999730e-01  3.48136120e-05 -7.91158749e-14  3.48743591e-13 
 5.88843655e+01  2.71585067e-07  3.56245230e-05 -9.99999728e-01  3.56245230e-05 -8.29569784e-14  3.56870346e-13 
 6.02559586e+01  2.73123476e-07  3.64543223e-05 -9.99999727e-01  3.64543223e-05 -8.69792647e-14  3.65186646e-13 
 6.16595002e+01  2.74734386e-07  3.73034500e-05 -9.99999725e-01  3.73034500e-05 -9.11910569e-14  3.73696925e-13 
 6.30957344e+01  2.76421215e-07  3.81723562e-05 -9.99999724e-01  3.81723562e-05 -9.56013186e-14  3.82405718e-13 
 6.45654229e+01  2.78187540e-07  3.90615016e-05 -9.99999722e-01  3.90615016e-05 -1.00219560e-13  3.91317670e-13 
 6.60693448e+01  2.80037108e-07  3.99713577e-05 -9.99999720e-01  3.99713577e-05 -1.05055302e-13  4.00437537e-13 
 6.76082975e+01  2.81973842e-07  4.09024068e-05 -9.99999718e-01  4.09024068e-05 -1.10118988e-13  4.09770183e-13 
 6.91830971e+01  2.84001849e-07  4.18551426e-05 -9.99999716e-01  4.18551426e-05 -1.15421377e-13  4.19321185e-13 
 7.07945784e+01  2.86125430e-07  4.28300703e-05 -9.99999714e-01  4.28300703e-05 -1.20973530e-13  4.29094467e-13 
 7.24435960e+01  2.88349090e-07  4.38277066e-05 -9.99999712e-01  4.38277066e-05 -1.26787468e-13  4.39095829e-13 
 7.41310241e+01  2.90677546e-07  4.48485805e-05 -9.99999709e-01  4.48485805e-05 -1.32875375e-13  4.49330616e-13 
 7.58577575e+01  2.93115735e-07  4.58932334e-05 -9.99999707e-01  4.58932334e-05 -1.39250207e-13  4.59804297e-13 
 7.76247117e+01  2.95668830e-07  4.69622189e-05 -9.99999704e-01  4.69622189e-05 -1.45925363e-13  4.70522473e-13 
 7.94328235e+01  2.98342244e-07  4.80561040e-05 -9.99999702e-01  4.80561040e-05 -1.52915233e-13  4.81490876e-13 
 8.12830516e+01  3.01141649e-07  4.91754686e-05 -9.99999699e-01  4.91754686e-05 -1.60234552e-13  4.92715376e-13 
 8.31763771e+01  3.04072980e-07  5.03209061e-05 -9.99999696e-01  5.03209061e-05 -1.67898726e-13  5.04202697e-13 
 8.51138038e+01  3.07142457e-07  5.14930238e-05 -9.99999693e-01  5.14930238e-05 -1.75924085e-13  5.15957577e-13 
 8.70963590e+01  3.10356589e-07  5.26924431e-05 -9.99999690e-01  5.26924431e-05 -1.84327819e-13  5.27987013e-13 
 8.91250938e+01  3.13722192e-07  5.39198000e-05 -9.99999686e-01  5.39198000e-05 -1.93127428e-13  5.40297455e-13 
 9.12010839e+01  3.17246405e-07  5.51757452e-05 -9.99999683e-01  5.51757452e-05 -2.02341851e-13  5.52895505e-13 
 9.33254301e+01  3.20936702e-07  5.64609444e-05 -9.99999679e-01  5.64609444e-05 -2.11990437e-13  5.65787925e-13 
 9.54992586e+01  3.24800910e-07  5.77760792e-05 -9.99999675e-01  5.77760792e-05 -2.22093818e-13  5.78983278e-13 
 9.77237221e+01  3.28847224e-07  5.91218467e-05 -9.99999671e-01  5.91218467e-05 -2.32673335e-13  5.92485409e-13 
 1.00000000e+02  3.33084226e-07  6.04989605e-05 -9.99999667e-01  6.04989605e-05 -2.43751460e-13  6.06303180e-13 
 1.02329299e+02  3.37520903e-07  6.19081505e-05 -9.99999662e-01  6.19081505e-05 -2.55351583e-13  6.20444025e-13 
 1.04712855e+02  3.42166662e-07  6.33501640e-05 -9.99999658e-01  6.33501640e-05 -2.67498562e-13  6.34915557e-13 
 1.07151931e+02  3.47031357e-07  6.48257653e-05 -9.99999653e-01  6.48257653e-05 -2.80217910e-13  6.49725571e-13 
 1.09647820e+02  3.52125306e-07  6.63357369e-05 -9.99999648e-01  6.63357369e-05 -2.93536695e-13  6.64882051e-13 
 1.12201845e+02  3.57459310e-07  6.78808792e-05 -9.99999643e-01  6.78808792e-05 -3.07483194e-13  6.80393175e-13 
 1.14815362e+02  3.63044683e-07  6.94620113e-05 -9.99999637e-01  6.94620113e-05 -3.22087004e-13  6.96267318e-13 
 1.17489755e+02  3.68893269e-07  7.10799716e-05 -9.99999631e-01  7.10799716e-05 -3.37379001e-13  7.12513059e-13 
 1.20226443e+02  3.75017471e-07  7.27356177e-05 -9.99999625e-01  7.27356177e-05 -3.53391700e-13  7.29139185e-13 
 1.23026877e+02  3.81430278e-07  7.44298275e-05 -9.99999619e-01  7.44298275e-05 -3.70159043e-13  7.46154697e-13 
 1.25892541e+02  3.88145288e-07  7.61634990e-05 -9.99999612e-01  7.61634990e-05 -3.87716489e-13  7.63570982e-13 
 1.28824955e+02  3.95176743e-07  7.79375513e-05 -9.99999605e-01  7.79375513e-05 -4.06101556e-13  7.81393208e-13 
 1.31825674e+02  4.02539553e-07  7.97529249e-05 -9.99999597e-01  7.97529249e-05 -4.25352968e-13  7.99633167e-13 
 1.34896288e+02  4.10249331e-07  8.16105822e-05 -9.99999590e-01  8.16105822e-05 -4.45511695e-13  8.18301937e-13 
 1.38038426e+02  4.18322427e-07  8.35115080e-05 -9.99999582e-01  8.35115080e-05 -4.66620477e-13  8.37407385e-13 
 1.41253754e+02  4.26775961e-07  8.54567099e-05 -9.99999573e-01  8.54567099e-05 -4.88724048e-13  8.56962271e-13 
 1.44543977e+02  4.35627859e-07  8.74472192e-05 -9.99999564e-01  8.74472192e-05 -5.11869238e-13  8.76974862e-13 
 1.47910839e+02  4.44896890e-07  8.94840911e-05 -9.99999555e-01  8.94840911e-05 -5.36105311e-13  8.97458553e-13 
 1.51356125e+02  4.54602711e-07  9.15684053e-05 -9.99999545e-01  9.15684053e-05 -5.61483564e-13  9.18422036e-13 
 1.54881662e+02  4.64765902e-07  9.37012666e-05 -9.99999535e-01  9.37012666e-05 -5.88057841e-13  9.39878039e-13 
 1.58489319e+02  4.75408012e-07  9.58838058e-05 -9.99999525e-01  9.58838058e-05 -6.15884492e-13  9.61838337e-13 
 1.62181010e+02  4.86551608e-07  9.81171797e-05 -9.99999513e-01  9.81171797e-05 -6.45022512e-13  9.84317788e-13 
 1.65958691e+02  4.98220318e-07  1.00402572e-04 -9.99999502e-01  1.00402572e-04 -6.75533721e-13  1.00732325e-12 
 1.69824365e+02  5.10438882e-07  1.02741195e-04 -9.99999490e-01  1.02741195e-04 -7.07482933e-13  1.03087161e-12 
 1.73780083e+02  5.23233209e-07  1.05134287e-04 -9.99999477e-01  1.05134287e-04 -7.40937735e-13  1.05497297e-12 
 1.77827941e+02  5.36630424e-07  1.07583118e-04 -9.99999463e-01  1.07583118e-04 -7.75969297e-13  1.07964364e-12 
 1.81970086e+02  5.50658934e-07  1.10088984e-04 -9.99999449e-01  1.10088984e-04 -8.12651612e-13  1.10489584e-12 
 1.86208714e+02  5.65348479e-07  1.12653215e-04 -9.99999435e-01  1.12653215e-04 -8.51062822e-13  1.13074360e-12 
 1.90546072e+02  5.80730204e-07  1.15277170e-04 -9.99999419e-01  1.15277170e-04 -8.91284246e-13  1.15719969e-12 
 1.94984460e+02  5.96836719e-07  1.17962239e-04 -9.99999403e-01  1.17962239e-04 -9.33401100e-13  1.18428044e-12 
 1.99526231e+02  6.13702170e-07  1.20709845e-04 -9.99999386e-01  1.20709845e-04 -9.77502909e-13  1.21200443e-12 
 2.04173794e+02  6.31362311e-07  1.23521445e-04 -9.99999369e-01  1.23521445e-04 -1.02368291e-12  1.24038218e-12 
 2.08929613e+02  6.49854580e-07  1.26398529e-04 -9.99999350e-01  1.26398529e-04 -1.07203945e-12  1.26943133e-12 
 2.13796209e+02  6.69218178e-07  1.29342622e-04 -9.99999331e-01  1.29342622e-04 -1.12267473e-12  1.29917009e-12 
 2.18776162e+02  6.89494152e-07  1.32355284e-04 -9.99999311e-01  1.32355284e-04 -1.17569644e-12  1.32960977e-12 
 2.23872114e+02  7.10725482e-07  1.35438112e-04 -9.99999289e-01  1.35438112e-04 -1.23121678e-12  1.36077314e-12 
 2.29086765e+02  7.32957169e-07  1.38592739e-04 -9.99999267e-01  1.38592739e-04 -1.28935369e-12  1.39267610e-12 
 2.34422882e+02  7.56236339e-07  1.41820837e-04 -9.99999244e-01  1.41820837e-04 -1.35023029e-12  1.42533683e-12 
 2.39883292e+02  7.80612331e-07  1.45124118e-04 -9.99999219e-01  1.45124118e-04 -1.41397590e-12  1.45877405e-12 
 2.45470892e+02  8.06136809e-07  1.48504331e-04 -9.99999194e-01  1.48504331e-04 -1.48072555e-12  1.49300696e-12 
 2.51188643e+02  8.32863869e-07  1.51963268e-04 -9.99999167e-01  1.51963268e-04 -1.55062078e-12  1.52805746e-12 
 2.57039578e+02  8.60850156e-07  1.55502761e-04 -9.99999139e-01  1.55502761e-04 -1.62380996e-12  1.56394156e-12 
 2.63026799e+02  8.90154977e-07  1.59124686e-04 -9.99999110e-01  1.59124686e-04 -1.70044825e-12  1.60068673e-12 
 2.69153480e+02  9.20840433e-07  1.62830963e-04 -9.99999079e-01  1.62830963e-04 -1.78069835e-12  1.63830315e-12 
 2.75422870e+02  9.52971550e-07  1.66623555e-04 -9.99999047e-01  1.66623555e-04 -1.86473010e-12  1.67682423e-12 
 2.81838293e+02  9.86616410e-07  1.70504471e-04 -9.99999013e-01  1.70504471e-04 -1.95272194e-12  1.71626809e-12 
 2.88403150e+02  1.02184630e-06  1.74475768e-04 -9.99998978e-01  1.74475768e-04 -2.04486050e-12  1.75665558e-12 
 2.95120923e+02  1.05873587e-06  1.78539550e-04 -9.99998941e-01  1.78539550e-04 -2.14134106e-12  1.79801558e-12 
 3.01995172e+02  1.09736328e-06  1.82697969e-04 -9.99998903e-01  1.82697969e-04 -2.24236837e-12  1.84037035e-12 
 3.09029543e+02  1.13781035e-06  1.86953229e-04 -9.99998862e-01  1.86953229e-04 -2.34815660e-12  1.88374531e-12 
 3.16227766e+02  1.18016277e-06  1.91307584e-04 -9.99998820e-01  1.91307584e-04 -2.45892996e-12  1.92816660e-12 
 3.23593657e+02  1.22451026e-06  1.95763340e-04 -9.99998775e-01  1.95763340e-04 -2.57492364e-12  1.97366118e-12 
 3.31131121e+02  1.27094676e-06  2.00322858e-04 -9.99998729e-01  2.00322858e-04 -2.69638343e-12  2.02025965e-12 
 3.38844156e+02  1.31957061e-06  2.04988552e-04 -9.99998680e-01  2.04988552e-04 -2.82356691e-12  2.06798496e-12 
 3.46736850e+02  1.37048481e-06  2.09762894e-04 -9.99998630e-01  2.09762894e-04 -2.95674376e-12  2.11686937e-12 
 3.54813389e+02  1.42379717e-06  2.14648412e-04 -9.99998576e-01  2.14648412e-04 -3.09619655e-12  2.16694632e-12 
 3.63078055e+02  1.47962059e-06  2.19647694e-04 -9.99998520e-01  2.19647694e-04 -3.24222078e-12  2.21824423e-12 
 3.71535229e+02  1.53807329e-06  2.24763388e-04 -9.99998462e-01  2.24763388e-04 -3.39512626e-12  2.27079542e-12 
 3.80189396e+02  1.59927902e-06  2.29998201e-04 -9.99998401e-01  2.29998201e-04 -3.55523722e-12  2.32462999e-12 
 3.89045145e+02  1.66336737e-06  2.35354906e-04 -9.99998337e-01  2.35354906e-04 -3.72289290e-12  2.37979217e-12 
 3.98107171e+02  1.73047401e-06  2.40836340e-04 -9.99998270e-01  2.40836340e-04 -3.89844919e-12  2.43631113e-12 
 4.07380278e+02  1.80074100e-06  2.46445404e-04 -9.99998199e-01  2.46445404e-04 -4.08227811e-12  2.49421659e-12 
 4.16869383e+02  1.87431707e-06  2.52185067e-04 -9.99998126e-01  2.52185067e-04 -4.27476939e-12  2.55356392e-12 
 4.26579519e+02  1.95135794e-06  2.58058368e-04 -9.99998049e-01  2.58058368e-04 -4.47633128e-12  2.61437843e-12 
 4.36515832e+02  2.03202665e-06  2.64068417e-04 -9.99997968e-01  2.64068417e-04 -4.68739115e-12  2.67670041e-12 
 4.46683592e+02  2.11649391e-06  2.70218393e-04 -9.99997884e-01  2.70218393e-04 -4.90839642e-12  2.74058692e-12 
 4.57088190e+02  2.20493843e-06  2.76511552e-04 -9.99997795e-01  2.76511552e-04 -5.13981569e-12  2.80605858e-12 
 4.67735141e+02  2.29754734e-06  2.82951224e-04 -9.99997702e-01  2.82951224e-04 -5.38213962e-12  2.87317962e-12 
 4.78630092e+02  2.39451654e-06  2.89540817e-04 -9.99997605e-01  2.89540817e-04 -5.63588188e-12  2.94198892e-12 
 4.89778819e+02  2.49605114e-06  2.96283817e-04 -9.99997504e-01  2.96283817e-04 -5.90158054e-12  3.01253467e-12 
 5.01187234e+02  2.60236589e-06  3.03183792e-04 -9.99997398e-01  3.03183792e-04 -6.17979886e-12  3.08486256e-12 
 5.12861384e+02  2.71368562e-06  3.10244391e-04 -9.99997286e-01  3.10244391e-04 -6.47112650e-12  3.15903733e-12 
 5.24807460e+02  2.83024570e-06  3.17469349e-04 -9.99997170e-01  3.17469349e-04 -6.77618112e-12  3.23509981e-12 
 5.37031796e+02  2.95229258e-06  3.24862489e-04 -9.99997048e-01  3.24862489e-04 -7.09560939e-12  3.31311470e-12 
 5.49540874e+02  3.08008425e-06  3.32427718e-04 -9.99996920e-01  3.32427718e-04 -7.43008836e-12  3.39314499e-12 
 5.62341325e+02  3.21389084e-06  3.40169038e-04 -9.99996786e-01  3.40169038e-04 -7.78032720e-12  3.47523217e-12 
 5.75439937e+02  3.35399511e-06  3.48090540e-04 -9.99996646e-01  3.48090540e-04 -8.14706806e-12  3.55945790e-12 
 5.88843655e+02  3.50069314e-06  3.56196414e-04 -9.99996499e-01  3.56196414e-04 -8.53108846e-12  3.64587270e-12 
 6.02559586e+02  3.65429486e-06  3.64490943e-04 -9.99996346e-01  3.64490943e-04 -8.93320221e-12  3.73454907e-12 
 6.16595002e+02  3.81512477e-06  3.72978510e-04 -9.99996185e-01  3.72978510e-04 -9.35426167e-12  3.82555740e-12 
 6.30957344e+02  3.98352256e-06  3.81663601e-04 -9.99996016e-01  3.81663601e-04 -9.79515885e-12  3.91899268e-12 
 6.45654229e+02  4.15984388e-06  3.90550803e-04 -9.99995840e-01  3.90550803e-04 -1.02568286e-11  4.01488840e-12 
 6.60693448e+02  4.34446103e-06  3.99644813e-04 -9.99995656e-01  3.99644813e-04 -1.07402490e-11  4.11336807e-12 
 6.76082975e+02  4.53776378e-06  4.08950431e-04 -9.99995462e-01  4.08950431e-04 -1.12464446e-11  4.21447559e-12 
 6.91830971e+02  4.74016017e-06  4.18472573e-04 -9.99995260e-01  4.18472573e-04 -1.17764879e-11  4.31832613e-12 
 7.07945784e+02  4.95207737e-06  4.28216266e-04 -9.99995048e-01  4.28216266e-04 -1.23315020e-11  4.42499874e-12 
 7.24435960e+02  5.17396254e-06  4.38186653e-04 -9.99994826e-01  4.38186653e-04 -1.29126629e-11  4.53459411e-12 
 7.41310241e+02  5.40628382e-06  4.48388995e-04 -9.99994594e-01  4.48388995e-04 -1.35212019e-11  4.64721772e-12 
 7.58577575e+02  5.64953128e-06  4.58828677e-04 -9.99994350e-01  4.58828677e-04 -1.41584081e-11  4.76295410e-12 
 7.76247117e+02  5.90421794e-06  4.69511204e-04 -9.99994096e-01  4.69511204e-04 -1.48256317e-11  4.88191743e-12 
 7.94328235e+02  6.17088084e-06  4.80442212e-04 -9.99993829e-01  4.80442212e-04 -1.55242856e-11  5.00423434e-12 
 8.12830516e+02  6.45008219e-06  4.91627464e-04 -9.99993550e-01  4.91627464e-04 -1.62558502e-11  5.13001014e-12 
 8.31763771e+02  6.74241051e-06  5.03072856e-04 -9.99993258e-01  5.03072856e-04 -1.70218748e-11  5.25936878e-12 
 8.51138038e+02  7.04848187e-06  5.14784420e-04 -9.99992952e-01  5.14784420e-04 -1.78239818e-11  5.39244022e-12 
 8.70963590e+02  7.36894118e-06  5.26768327e-04 -9.99992631e-01  5.26768327e-04 -1.86638697e-11  5.52938322e-12 
 8.91250938e+02  7.70446355e-06  5.39030889e-04 -9.99992296e-01  5.39030889e-04 -1.95433174e-11  5.67031172e-12 
 9.12010839e+02  8.05575565e-06  5.51578562e-04 -9.99991944e-01  5.51578562e-04 -2.04641866e-11  5.81540671e-12 
 9.33254301e+02  8.42355725e-06  5.64417953e-04 -9.99991576e-01  5.64417953e-04 -2.14284277e-11  5.96479550e-12 
 9.54992586e+02  8.80864272e-06  5.77555818e-04 -9.99991191e-01  5.77555818e-04 -2.24380817e-11  6.11865975e-12 
 9.77237221e+02  9.21182263e-06  5.90999068e-04 -9.99990788e-01  5.90999068e-04 -2.34952864e-11  6.27717437e-12 
 1.00000000e+03  9.63394549e-06  6.04754772e-04 -9.99990366e-01  6.04754772e-04 -2.46022791e-11  6.44052335e-12 
 1.02329299e+03  1.00758995e-05  6.18830162e-04 -9.99989924e-01  6.18830162e-04 -2.57614033e-11  6.60890036e-12 
 1.04712855e+03  1.05386143e-05  6.33232634e-04 -9.99989461e-01  6.33232634e-04 -2.69751118e-11  6.78251831e-12 
 1.07151931e+03  1.10230631e-05  6.47969754e-04 -9.99988977e-01  6.47969754e-04 -2.82459734e-11  6.96157425e-12 
 1.09647820e+03  1.15302647e-05  6.63049259e-04 -9.99988470e-01  6.63049259e-04 -2.95766768e-11  7.14630341e-12 
 1.12201845e+03  1.20612852e-05  6.78479063e-04 -9.99987939e-01  6.78479063e-04 -3.09700376e-11  7.33695422e-12 
 1.14815362e+03  1.26172407e-05  6.94267261e-04 -9.99987383e-01  6.94267261e-04 -3.24290035e-11  7.53375954e-12 
 1.17489755e+03  1.31992996e-05  7.10422132e-04 -9.99986801e-01  7.10422132e-04 -3.39566601e-11  7.73700478e-12 
 1.20226443e+03  1.38086846e-05  7.26952140e-04 -9.99986191e-01  7.26952140e-04 -3.55562385e-11  7.94697142e-12 
 1.23026877e+03  1.44466757e-05  7.43865946e-04 -9.99985553e-01  7.43865946e-04 -3.72311213e-11  8.16394626e-12 
 1.25892541e+03  1.51146127e-05  7.61172403e-04 -9.99984885e-01  7.61172403e-04 -3.89848502e-11  8.38823199e-12 
 1.28824955e+03  1.58138977e-05  7.78880568e-04 -9.99984186e-01  7.78880568e-04 -4.08211319e-11  8.62020363e-12 
 1.31825674e+03  1.65459986e-05  7.96999698e-04 -9.99983454e-01  7.96999698e-04 -4.27438486e-11  8.86016882e-12 
 1.34896288e+03  1.73124516e-05  8.15539264e-04 -9.99982688e-01  8.15539264e-04 -4.47570633e-11  9.10853262e-12 
 1.38038426e+03  1.81148646e-05  8.34508947e-04 -9.99981885e-01  8.34508947e-04 -4.68650299e-11  9.36567761e-12 
 1.41253754e+03  1.89549206e-05  8.53918647e-04 -9.99981045e-01  8.53918647e-04 -4.90722027e-11  9.63200853e-12 
 1.44543977e+03  1.98343809e-05  8.73778487e-04 -9.99980166e-01  8.73778487e-04 -5.13832434e-11  9.90799099e-12 
 1.47910839e+03  2.07550892e-05  8.94098816e-04 -9.99979245e-01  8.94098816e-04 -5.38030337e-11  1.01940430e-11 
 1.51356125e+03  2.17189749e-05  9.14890214e-04 -9.99978281e-01  9.14890214e-04 -5.63366812e-11  1.04907492e-11 
 1.54881662e+03  2.27280573e-05  9.36163499e-04 -9.99977272e-01  9.36163499e-04 -5.89895364e-11  1.07985595e-11 
 1.58489319e+03  2.37844500e-05  9.57929729e-04 -9.99976216e-01  9.57929729e-04 -6.17671977e-11  1.11180713e-11 
 1.62181010e+03  2.48903648e-05  9.80200210e-04 -9.99975110e-01  9.80200210e-04 -6.46755267e-11  1.14498638e-11 
 1.65958691e+03  2.60481165e-05  1.00298649e-03 -9.99973952e-01  1.00298649e-03 -6.77206589e-11  1.17945663e-11 
 1.69824365e+03  2.72601275e-05  1.02630040e-03 -9.99972740e-01  1.02630040e-03 -7.09090162e-11  1.21528902e-11 
 1.73780083e+03  2.85289329e-05  1.05015399e-03 -9.99971471e-01  1.05015399e-03 -7.42473225e-11  1.25255033e-11 
 1.77827941e+03  2.98571857e-05  1.07455960e-03 -9.99970143e-01  1.07455960e-03 -7.77426151e-11  1.29131597e-11 
 1.81970086e+03  3.12476620e-05  1.09952986e-03 -9.99968752e-01  1.09952986e-03 -8.14022594e-11  1.33166917e-11 
 1.86208714e+03  3.27032668e-05  1.12507763e-03 -9.99967297e-01  1.12507763e-03 -8.52339660e-11  1.37369376e-11 
 1.90546072e+03  3.42270399e-05  1.15121609e-03 -9.99965773e-01  1.15121609e-03 -8.92458049e-11  1.41748207e-11 
 1.94984460e+03  3.58221619e-05  1.17795870e-03 -9.99964178e-01  1.17795870e-03 -9.34462231e-11  1.46312902e-11 
 1.99526231e+03  3.74919609e-05  1.20531919e-03 -9.99962508e-01  1.20531919e-03 -9.78440621e-11  1.51073727e-11 
 2.04173794e+03  3.92399189e-05  1.23331161e-03 -9.99960760e-01  1.23331161e-03 -1.02448573e-10  1.56041956e-11 
 2.08929613e+03  4.10696789e-05  1.26195030e-03 -9.99958930e-01  1.26195030e-03 -1.07269443e-10  1.61229061e-11 
 2.13796209e+03  4.29850525e-05  1.29124993e-03 -9.99957015e-01  1.29124993e-03 -1.12316804e-10  1.66647618e-11 
 2.18776162e+03  4.49900271e-05  1.32122545e-03 -9.99955010e-01  1.32122545e-03 -1.17601267e-10  1.72310458e-11 
 2.23872114e+03  4.70887738e-05  1.35189214e-03 -9.99952911e-01  1.35189214e-03 -1.23133931e-10  1.78232199e-11 
 2.29086765e+03  4.92856561e-05  1.38326563e-03 -9.99950714e-01  1.38326563e-03 -1.28926412e-10  1.84427641e-11 
 2.34422882e+03  5.15852383e-05  1.41536184e-03 -9.99948415e-01  1.41536184e-03 -1.34990869e-10  1.90912749e-11 
 2.39883292e+03  5.39922944e-05  1.44819705e-03 -9.99946008e-01  1.44819705e-03 -1.41340023e-10  1.97704533e-11 
 2.45470892e+03  5.65118177e-05  1.48178786e-03 -9.99943488e-01  1.48178786e-03 -1.47987184e-10  2.04821544e-11 
 2.51188643e+03  5.91490303e-05  1.51615124e-03 -9.99940851e-01  1.51615124e-03 -1.54946284e-10  2.12282492e-11 
 2.57039578e+03  6.19093934e-05  1.55130449e-03 -9.99938091e-01  1.55130449e-03 -1.62231896e-10  2.20108847e-11 
 2.63026799e+03  6.47986182e-05  1.58726527e-03 -9.99935201e-01  1.58726527e-03 -1.69859271e-10  2.28321945e-11 
 2.69153480e+03  6.78226762e-05  1.62405159e-03 -9.99932177e-01  1.62405159e-03 -1.77844362e-10  2.36945907e-11 
 2.75422870e+03  7.09878115e-05  1.66168186e-03 -9.99929012e-01  1.66168186e-03 -1.86203865e-10  2.46005293e-11 
 2.81838293e+03  7.43005523e-05  1.70017481e-03 -9.99925699e-01  1.70017481e-03 -1.94955240e-10  2.55527496e-11 
 2.88403150e+03  7.77677232e-05  1.73954957e-03 -9.99922232e-01  1.73954957e-03 -2.04116759e-10  2.65540519e-11 
 2.95120923e+03  8.13964584e-05  1.77982565e-03 -9.99918604e-01  1.77982565e-03 -2.13707532e-10  2.76075233e-11 
 3.01995172e+03  8.51942153e-05  1.82102294e-03 -9.99914806e-01  1.82102294e-03 -2.23747550e-10  2.87164074e-11 
 3.09029543e+03  8.91687880e-05  1.86316171e-03 -9.99910831e-01  1.86316171e-03 -2.34257729e-10  2.98841382e-11 
 3.16227766e+03  9.33283220e-05  1.90626263e-03 -9.99906672e-01  1.90626263e-03 -2.45259936e-10  3.11144610e-11 
 3.23593657e+03  9.76813294e-05  1.95034675e-03 -9.99902319e-01  1.95034675e-03 -2.56777051e-10  3.24112905e-11 
 3.31131121e+03  1.02236704e-04  1.99543551e-03 -9.99897763e-01  1.99543551e-03 -2.68832997e-10  3.37788609e-11 
 3.38844156e+03  1.07003740e-04  2.04155079e-03 -9.99892996e-01  2.04155079e-03 -2.81452790e-10  3.52217497e-11 
 3.46736850e+03  1.11992143e-04  2.08871483e-03 -9.99888008e-01  2.08871483e-03 -2.94662598e-10  3.67446964e-11 
 3.54813389e+03  1.17212055e-04  2.13695029e-03 -9.99882788e-01  2.13695029e-03 -3.08489779e-10  3.83528190e-11 
 3.63078055e+03  1.22674066e-04  2.18628023e-03 -9.99877326e-01  2.18628023e-03 -3.22962937e-10  4.00516426e-11 
 3.71535229e+03  1.28389238e-04  2.23672814e-03 -9.99871611e-01  2.23672814e-03 -3.38111979e-10  4.18470028e-11 
 3.80189396e+03  1.34369121e-04  2.28831788e-03 -9.99865631e-01  2.28831788e-03 -3.53968173e-10  4.37451288e-11 
 3.89045145e+03  1.40625773e-04  2.34107375e-03 -9.99859374e-01  2.34107375e-03 -3.70564202e-10  4.57527364e-11 
 3.98107171e+03  1.47171782e-04  2.39502045e-03 -9.99852828e-01  2.39502045e-03 -3.87934231e-10  4.78769284e-11 
 4.07380278e+03  1.54020289e-04  2.45018308e-03 -9.99845980e-01  2.45018308e-03 -4.06113967e-10  5.01253562e-11 
 4.16869383e+03  1.61185007e-04  2.50658715e-03 -9.99838815e-01  2.50658715e-03 -4.25140737e-10  5.25060466e-11 
 4.26579519e+03  1.68680246e-04  2.56425858e-03 -9.99831320e-01  2.56425858e-03 -4.45053539e-10  5.50277117e-11 
 4.36515832e+03  1.76520935e-04  2.62322368e-03 -9.99823479e-01  2.62322368e-03 -4.65893127e-10  5.76996159e-11 
 4.46683592e+03  1.84722650e-04  2.68350917e-03 -9.99815277e-01  2.68350917e-03 -4.87702075e-10  6.05317249e-11 
 4.57088190e+03  1.93301634e-04  2.74514214e-03 -9.99806698e-01  2.74514214e-03 -5.10524883e-10  6.35344056e-11 
 4.67735141e+03  2.02274825e-04  2.80815010e-03 -9.99797725e-01  2.80815010e-03 -5.34408011e-10  6.67190781e-11 
 4.78630092e+03  2.11659886e-04  2.87256090e-03 -9.99788340e-01  2.87256090e-03 -5.59400002e-10  7.00977315e-11 
 4.89778819e+03  2.21475228e-04  2.93840280e-03 -9.99778525e-01  2.93840280e-03 -5.85551551e-10  7.36832029e-11 
 5.01187234e+03  2.31740037e-04  3.00570441e-03 -9.99768260e-01  3.00570441e-03 -6.12915598e-10  7.74891923e-11 
 5.12861384e+03  2.42474309e-04  3.07449467e-03 -9.99757526e-01  3.07449467e-03 -6.41547428e-10  8.15302325e-11 
 5.24807460e+03  2.53698874e-04  3.14480290e-03 -9.99746301e-01  3.14480290e-03 -6.71504742e-10  8.58220973e-11 
 5.37031796e+03  2.65435427e-04  3.21665872e-03 -9.99734565e-01  3.21665872e-03 -7.02847792e-10  9.03813478e-11 
 5.49540874e+03  2.77706562e-04  3.29009208e-03 -9.99722293e-01  3.29009208e-03 -7.35639460e-10  9.52257442e-11 
 5.62341325e+03  2.90535800e-04  3.36513322e-03 -9.99709464e-01  3.36513322e-03 -7.69945362e-10  1.00374329e-10 
 5.75439937e+03  3.03947624e-04  3.44181268e-03 -9.99696052e-01  3.44181268e-03 -8.05833979e-10  1.05847270e-10 
 5.88843655e+03  3.17967508e-04  3.52016123e-03 -9.99682032e-01  3.52016123e-03 -8.43376748e-10  1.11666179e-10 
 6.02559586e+03  3.32621956e-04  3.60020992e-03 -9.99667378e-01  3.60020992e-03 -8.82648196e-10  1.17854000e-10 
 6.16595002e+03  3.47938532e-04  3.68199000e-03 -9.99652061e-01  3.68199000e-03 -9.23726023e-10  1.24435514e-10 
 6.30957344e+03  3.63945893e-04  3.76553289e-03 -9.99636054e-01  3.76553289e-03 -9.66691304e-10  1.31436614e-10 
 6.45654229e+03  3.80673829e-04  3.85087023e-03 -9.99619326e-01  3.85087023e-03 -1.01162850e-09  1.38885553e-10 
 6.60693448e+03  3.98153294e-04  3.93803375e-03 -9.99601847e-01  3.93803375e-03 -1.05862575e-09  1.46811672e-10 
 6.76082975e+03  4.16416443e-04  4.02705530e-03 -9.99583584e-01  4.02705530e-03 -1.10777479e-09  1.55247091e-10 
 6.91830971e+03  4.35496668e-04  4.11796681e-03 -9.99564503e-01  4.11796681e-03 -1.15917130e-09  1.64225463e-10 
 7.07945784e+03  4.55428633e-04  4.21080025e-03 -9.99544571e-01  4.21080025e-03 -1.21291494e-09  1.73782817e-10 
 7.24435960e+03  4.76248310e-04  4.30558756e-03 -9.99523752e-01  4.30558756e-03 -1.26910947e-09  1.83957598e-10 
 7.41310241e+03  4.97993017e-04  4.40236065e-03 -9.99502007e-01  4.40236065e-03 -1.32786299e-09  1.94790691e-10 
 7.58577575e+03  5.20701450e-04  4.50115134e-03 -9.99479299e-01  4.50115134e-03 -1.38928802e-09  2.06325569e-10 
 7.76247117e+03  5.44413724e-04  4.60199129e-03 -9.99455586e-01  4.60199129e-03 -1.45350161e-09  2.18608975e-10 
 7.94328235e+03  5.69171401e-04  4.70491200e-03 -9.99430829e-01  4.70491200e-03 -1.52062569e-09  2.31689937e-10 
 8.12830516e+03  5.95017531e-04  4.80994468e-03 -9.99404982e-01  4.80994468e-03 -1.59078698e-09  2.45621174e-10 
 8.31763771e+03  6.21996682e-04  4.91712027e-03 -9.99378003e-01  4.91712027e-03 -1.66411734e-09  2.60458503e-10 
 8.51138038e+03  6.50154973e-04  5.02646932e-03 -9.99349845e-01  5.02646932e-03 -1.74075383e-09  2.76261657e-10 
 8.70963590e+03  6.79540110e-04  5.13802196e-03 -9.99320460e-01  5.13802196e-03 -1.82083892e-09  2.93093876e-10 
 8.91250938e+03  7.10201411e-04  5.25180780e-03 -9.99289799e-01  5.25180780e-03 -1.90452066e-09  3.11022477e-10 
 9.12010839e+03  7.42189838e-04  5.36785588e-03 -9.99257810e-01  5.36785588e-03 -1.99195282e-09  3.30119096e-10 
 9.33254301e+03  7.75558026e-04  5.48619458e-03 -9.99224442e-01  5.48619458e-03 -2.08329510e-09  3.50459706e-10 
 9.54992586e+03  8.10360304e-04  5.60685153e-03 -9.99189640e-01  5.60685153e-03 -2.17871322e-09  3.72125503e-10 
 9.77237221e+03  8.46652722e-04  5.72985357e-03 -9.99153347e-01  5.72985357e-03 -2.27837923e-09  3.95202088e-10 
 1.00000000e+04  8.84493070e-04  5.85522657e-03 -9.99115507e-01  5.85522657e-03 -2.38247155e-09  4.19780845e-10 
 1.02329299e+04  9.23940896e-04  5.98299542e-03 -9.99076059e-01  5.98299542e-03 -2.49117516e-09  4.45958703e-10 
 1.04712855e+04  9.65057520e-04  6.11318388e-03 -9.99034942e-01  6.11318388e-03 -2.60468185e-09  4.73838438e-10 
 1.07151931e+04  1.00790605e-03  6.24581450e-03 -9.98992094e-01  6.24581450e-03 -2.72319028e-09  5.03529171e-10 
 1.09647820e+04  1.05255137e-03  6.38090848e-03 -9.98947449e-01  6.38090848e-03 -2.84690623e-09  5.35146534e-10 
 1.12201845e+04  1.09906017e-03  6.51848558e-03 -9.98900940e-01  6.51848558e-03 -2.97604266e-09  5.68813391e-10 
 1.14815362e+04  1.14750092e-03  6.65856398e-03 -9.98852499e-01  6.65856398e-03 -3.11081997e-09  6.04659574e-10 
 1.17489755e+04  1.19794389e-03  6.80116018e-03 -9.98802056e-01  6.80116018e-03 -3.25146598e-09  6.42823394e-10 
 1.20226443e+04  1.25046109e-03  6.94628882e-03 -9.98749539e-01  6.94628882e-03 -3.39821634e-09  6.83450342e-10 
 1.23026877e+04  1.30512628e-03  7.09396260e-03 -9.98694874e-01  7.09396260e-03 -3.55131434e-09  7.26695322e-10 
 1.25892541e+04  1.36201497e-03  7.24419209e-03 -9.98637985e-01  7.24419209e-03 -3.71101130e-09  7.72721736e-10 
 1.28824955e+04  1.42120431e-03  7.39698561e-03 -9.98578796e-01  7.39698561e-03 -3.87756652e-09  8.21702610e-10 
 1.31825674e+04  1.48277312e-03  7.55234907e-03 -9.98517227e-01  7.55234907e-03 -4.05124745e-09  8.73820866e-10 
 1.34896288e+04  1.54680177e-03  7.71028580e-03 -9.98453198e-01  7.71028580e-03 -4.23232969e-09  9.29270014e-10 
 1.38038426e+04  1.61337217e-03  7.87079642e-03 -9.98386628e-01  7.87079642e-03 -4.42109717e-09  9.88254329e-10 
 1.41253754e+04  1.68256768e-03  8.03387862e-03 -9.98317432e-01  8.03387862e-03 -4.61784214e-09  1.05098957e-09 
 1.44543977e+04  1.75447300e-03  8.19952705e-03 -9.98245527e-01  8.19952705e-03 -4.82286529e-09  1.11770303e-09 
 1.47910839e+04  1.82917409e-03  8.36773312e-03 -9.98170826e-01  8.36773312e-03 -5.03647560e-09  1.18863500e-09 
 1.51356125e+04  1.90675805e-03  8.53848479e-03 -9.98093242e-01  8.53848479e-03 -5.25899041e-09  1.26403883e-09 
 1.54881662e+04  1.98731301e-03  8.71176644e-03 -9.98012687e-01  8.71176644e-03 -5.49073552e-09  1.34418105e-09 
 1.58489319e+04  2.07092795e-03  8.88755870e-03 -9.97929072e-01  8.88755870e-03 -5.73204507e-09  1.42934206e-09 
 1.62181010e+04  2.15769257e-03  9.06583819e-03 -9.97842307e-01  9.06583819e-03 -5.98326125e-09  1.51981777e-09 
 1.65958691e+04  2.24769710e-03  9.24657742e-03 -9.97752303e-01  9.24657742e-03 -6.24473462e-09  1.61591834e-09 
 1.69824365e+04  2.34103210e-03  9.42974458e-03 -9.97658968e-01  9.42974458e-03 -6.51682350e-09  1.71797069e-09 
 1.73780083e+04  2.43778825e-03  9.61530337e-03 -9.97562212e-01  9.61530337e-03 -6.79989426e-09  1.82631719e-09 
 1.77827941e+04  2.53805612e-03  9.80321281e-03 -9.97461944e-01  9.80321281e-03 -7.09432080e-09  1.94131773e-09 
 1.81970086e+04  2.64192590e-03  9.99342711e-03 -9.97358074e-01  9.99342711e-03 -7.40048444e-09  2.06334950e-09 
 1.86208714e+04  2.74948712e-03  1.01858955e-02 -9.97250513e-01  1.01858955e-02 -7.71877386e-09  2.19280717e-09 
 1.90546072e+04  2.86082838e-03  1.03805620e-02 -9.97139172e-01  1.03805620e-02 -8.04958441e-09  2.33010457e-09 
 1.94984460e+04  2.97603696e-03  1.05773655e-02 -9.97023963e-01  1.05773655e-02 -8.39331827e-09  2.47567367e-09 
 1.99526231e+04  3.09519855e-03  1.07762393e-02 -9.96904801e-01  1.07762393e-02 -8.75038356e-09  2.62996689e-09 
 2.04173794e+04  3.21839683e-03  1.09771115e-02 -9.96781603e-01  1.09771115e-02 -9.12119448e-09  2.79345559e-09 
 2.08929613e+04  3.34571310e-03  1.11799044e-02 -9.96654287e-01  1.11799044e-02 -9.50617069e-09  2.96663149e-09 
 2.13796209e+04  3.47722584e-03  1.13845347e-02 -9.96522774e-01  1.13845347e-02 -9.90573683e-09  3.15000684e-09 
 2.18776162e+04  3.61301031e-03  1.15909134e-02 -9.96386990e-01  1.15909134e-02 -1.03203221e-08  3.34411489e-09 
 2.23872114e+04  3.75313806e-03  1.17989460e-02 -9.96246862e-01  1.17989460e-02 -1.07503598e-08  3.54950992e-09 
 2.29086765e+04  3.89767645e-03  1.20085320e-02 -9.96102324e-01  1.20085320e-02 -1.11962867e-08  3.76676742e-09 
 2.34422882e+04  4.04668820e-03  1.22195657e-02 -9.95953312e-01  1.22195657e-02 -1.16585432e-08  3.99648368e-09 
 2.39883292e+04  4.20023081e-03  1.24319356e-02 -9.95799769e-01  1.24319356e-02 -1.21375715e-08  4.23927712e-09 
 2.45470892e+04  4.35835610e-03  1.26455250e-02 -9.95641644e-01  1.26455250e-02 -1.26338168e-08  4.49578635e-09 
 2.51188643e+04  4.52110961e-03  1.28602118e-02 -9.95478890e-01  1.28602118e-02 -1.31477250e-08  4.76667249e-09 
 2.57039578e+04  4.68853012e-03  1.30758691e-02 -9.95311470e-01  1.30758691e-02 -1.36797439e-08  5.05261623e-09 
 2.63026799e+04  4.86064905e-03  1.32923652e-02 -9.95139351e-01  1.32923652e-02 -1.42303216e-08  5.35431946e-09 
 2.69153480e+04  5.03748995e-03  1.35095641e-02 -9.94962510e-01  1.35095641e-02 -1.47999062e-08  5.67250449e-09 
 2.75422870e+04  5.21906792e-03  1.37273257e-02 -9.94780932e-01  1.37273257e-02 -1.53889462e-08  6.00791257e-09 
 2.81838293e+04  5.40538911e-03  1.39455063e-02 -9.94594611e-01  1.39455063e-02 -1.59978897e-08  6.36130354e-09 
 2.88403150e+04  5.59645016e-03  1.41639592e-02 -9.94403550e-01  1.41639592e-02 -1.66271836e-08  6.73345648e-09 
 2.95120923e+04  5.79223777e-03  1.43825351e-02 -9.94207762e-01  1.43825351e-02 -1.72772745e-08  7.12516744e-09 
 3.01995172e+04  5.99272813e-03  1.46010827e-02 -9.94007272e-01  1.46010827e-02 -1.79486082e-08  7.53724807e-09 
 3.09029543e+04  6.19788656e-03  1.48194493e-02 -9.93802113e-01  1.48194493e-02 -1.86416295e-08  7.97052588e-09 
 3.16227766e+04  6.40766707e-03  1.50374817e-02 -9.93592333e-01  1.50374817e-02 -1.93567829e-08  8.42584271e-09 
 3.23593657e+04  6.62201200e-03  1.52550269e-02 -9.93377988e-01  1.52550269e-02 -2.00945125e-08  8.90405253e-09 
 3.31131121e+04  6.84085170e-03  1.54719326e-02 -9.93159148e-01  1.54719326e-02 -2.08552632e-08  9.40602094e-09 
 3.38844156e+04  7.06410430e-03  1.56880485e-02 -9.92935896e-01  1.56880485e-02 -2.16394805e-08  9.93262386e-09 
 3.46736850e+04  7.29167553e-03  1.59032268e-02 -9.92708324e-01  1.59032268e-02 -2.24476122e-08  1.04847452e-08 
 3.54813389e+04  7.52345853e-03  1.61173236e-02 -9.92476541e-01  1.61173236e-02 -2.32801089e-08  1.10632757e-08 
 3.63078055e+04  7.75933389e-03  1.63301994e-02 -9.92240666e-01  1.63301994e-02 -2.41374258e-08  1.16691121e-08 
 3.71535229e+04  7.99916960e-03  1.65417201e-02 -9.92000830e-01  1.65417201e-02 -2.50200242e-08  1.23031532e-08 
 3.80189396e+04  8.24282120e-03  1.67517585e-02 -9.91757179e-01  1.67517585e-02 -2.59283732e-08  1.29663003e-08 
 3.89045145e+04  8.49013199e-03  1.69601947e-02 -9.91509868e-01  1.69601947e-02 -2.68629511e-08  1.36594561e-08 
 3.98107171e+04  8.74093325e-03  1.71669176e-02 -9.91259067e-01  1.71669176e-02 -2.78242494e-08  1.43835201e-08 
 4.07380278e+04  8.99504470e-03  1.73718255e-02 -9.91004955e-01  1.73718255e-02 -2.88127742e-08  1.51393885e-08 
 4.16869383e+04  9.25227487e-03  1.75748276e-02 -9.90747725e-01  1.75748276e-02 -2.98290489e-08  1.59279543e-08 
 4.26579519e+04  9.51242174e-03  1.77758444e-02 -9.90487578e-01  1.77758444e-02 -3.08736181e-08  1.67501034e-08 
 4.36515832e+04  9.77527332e-03  1.79748090e-02 -9.90224727e-01  1.79748090e-02 -3.19470505e-08  1.76067147e-08 
 4.46683592e+04  1.00406084e-02  1.81716680e-02 -9.89959392e-01  1.81716680e-02 -3.30499437e-08  1.84986572e-08 
 4.57088190e+04  1.03081974e-02  1.83663819e-02 -9.89691803e-01  1.83663819e-02 -3.41829268e-08  1.94267908e-08 
 4.67735141e+04  1.05778031e-02  1.85589267e-02 -9.89422197e-01  1.85589267e-02 -3.53466655e-08  2.03919645e-08 
 4.78630092e+04  1.08491819e-02  1.87492936e-02 -9.89150818e-01  1.87492936e-02 -3.65418669e-08  2.13950152e-08 
 4.89778819e+04  1.11220845e-02  1.89374905e-02 -9.88877915e-01  1.89374905e-02 -3.77692831e-08  2.24367686e-08 
 5.01187234e+04  1.13962573e-02  1.91235421e-02 -9.88603743e-01  1.91235421e-02 -3.90297175e-08  2.35180377e-08 
 5.12861384e+04  1.16714432e-02  1.93074903e-02 -9.88328557e-01  1.93074903e-02 -4.03240301e-08  2.46396222e-08 
 5.24807460e+04  1.19473830e-02  1.94893948e-02 -9.88052617e-01  1.94893948e-02 -4.16531418e-08  2.58023107e-08 
 5.37031796e+04  1.22238168e-02  1.96693333e-02 -9.87776183e-01  1.96693333e-02 -4.30180413e-08  2.70068792e-08 
 5.49540874e+04  1.25004845e-02  1.98474015e-02 -9.87499515e-01  1.98474015e-02 -4.44197908e-08  2.82540923e-08 
 5.62341325e+04  1.27771280e-02  2.00237134e-02 -9.87222872e-01  2.00237134e-02 -4.58595309e-08  2.95447059e-08 
 5.75439937e+04  1.30534915e-02  2.01984008e-02 -9.86946509e-01  2.01984008e-02 -4.73384884e-08  3.08794659e-08 
 5.88843655e+04  1.33293235e-02  2.03716137e-02 -9.86670677e-01  2.03716137e-02 -4.88579819e-08  3.22591110e-08 
 6.02559586e+04  1.36043774e-02  2.05435198e-02 -9.86395623e-01  2.05435198e-02 -5.04194275e-08  3.36843756e-08 
 6.16595002e+04  1.38784130e-02  2.07143040e-02 -9.86121587e-01  2.07143040e-02 -5.20243472e-08  3.51559896e-08 
 6.30957344e+04  1.41511977e-02  2.08841681e-02 -9.85848802e-01  2.08841681e-02 -5.36743732e-08  3.66746834e-08 
 6.45654229e+04  1.44225070e-02  2.10533305e-02 -9.85577493e-01  2.10533305e-02 -5.53712568e-08  3.82411886e-08 
 6.60693448e+04  1.46921262e-02  2.12220249e-02 -9.85307874e-01  2.12220249e-02 -5.71168734e-08  3.98562424e-08 
 6.76082975e+04  1.49598510e-02  2.13905004e-02 -9.85040149e-01  2.13905004e-02 -5.89132307e-08  4.15205895e-08 
 6.91830971e+04  1.52254886e-02  2.15590203e-02 -9.84774511e-01  2.15590203e-02 -6.07624751e-08  4.32349863e-08 
 7.07945784e+04  1.54888579e-02  2.17278613e-02 -9.84511142e-01  2.17278613e-02 -6.26668976e-08  4.50002055e-08 
 7.24435960e+04  1.57497912e-02  2.18973128e-02 -9.84250209e-01  2.18973128e-02 -6.46289428e-08  4.68170383e-08 
 7.41310241e+04  1.60081339e-02  2.20676759e-02 -9.83991866e-01  2.20676759e-02 -6.66512138e-08  4.86863000e-08 
 7.58577575e+04  1.62637456e-02  2.22392623e-02 -9.83736254e-01  2.22392623e-02 -6.87364822e-08  5.06088317e-08 
 7.76247117e+04  1.65165005e-02  2.24123939e-02 -9.83483500e-01  2.24123939e-02 -7.08876909e-08  5.25855100e-08 
 7.94328235e+04  1.67662875e-02  2.25874010e-02 -9.83233713e-01  2.25874010e-02 -7.31079661e-08  5.46172457e-08 
 8.12830516e+04  1.70130109e-02  2.27646222e-02 -9.82986989e-01  2.27646222e-02 -7.54006207e-08  5.67049932e-08 
 8.31763771e+04  1.72565903e-02  2.29444026e-02 -9.82743410e-01  2.29444026e-02 -7.77691643e-08  5.88497528e-08 
 8.51138038e+04  1.74969609e-02  2.31270936e-02 -9.82503039e-01  2.31270936e-02 -8.02173102e-08  6.10525766e-08 
 8.70963590e+04  1.77340736e-02  2.33130513e-02 -9.82265926e-01  2.33130513e-02 -8.27489815e-08  6.33145747e-08 
 8.91250938e+04  1.79678949e-02  2.35026361e-02 -9.82032105e-01  2.35026361e-02 -8.53683209e-08  6.56369198e-08 
 9.12010839e+04  1.81984066e-02  2.36962114e-02 -9.81801593e-01  2.36962114e-02 -8.80796976e-08  6.80208528e-08 
 9.33254301e+04  1.84256063e-02  2.38941431e-02 -9.81574394e-01  2.38941431e-02 -9.08877160e-08  7.04676884e-08 
 9.54992586e+04  1.86495067e-02  2.40967984e-02 -9.81350493e-01  2.40967984e-02 -9.37972234e-08  7.29788218e-08 
 9.77237221e+04  1.88701354e-02  2.43045453e-02 -9.81129865e-01  2.43045453e-02 -9.68133186e-08  7.55557347e-08 
 1.00000000e+05  1.90875349e-02  2.45177519e-02 -9.80912465e-01  2.45177519e-02 -9.99413623e-08  7.81999995e-08 
 1.02329299e+05  1.93017619e-02  2.47367853e-02 -9.80698238e-01  2.47367853e-02 -1.03186984e-07  8.09132892e-08 
 1.04712855e+05  1.95128874e-02  2.49620114e-02 -9.80487113e-01  2.49620114e-02 -1.06556091e-07  8.36973807e-08 
 1.07151931e+05  1.97209959e-02  2.51937941e-02 -9.80279004e-01  2.51937941e-02 -1.10054883e-07  8.65541636e-08 
 1.09647820e+05  1.99261854e-02  2.54324947e-02 -9.80073815e-01  2.54324947e-02 -1.13689856e-07  8.94856457e-08 
 1.12201845e+05  2.01285666e-02  2.56784714e-02 -9.79871433e-01  2.56784714e-02 -1.17467815e-07  9.24939626e-08 
 1.14815362e+05  2.03282628e-02  2.59320790e-02 -9.79671737e-01  2.59320790e-02 -1.21395884e-07  9.55813828e-08 
 1.17489755e+05  2.05254093e-02  2.61936681e-02 -9.79474591e-01  2.61936681e-02 -1.25481521e-07  9.87503154e-08 
 1.20226443e+05  2.07201530e-02  2.64635849e-02 -9.79279847e-01  2.64635849e-02 -1.29732521e-07  1.02003323e-07 
 1.23026877e+05  2.09126520e-02  2.67421711e-02 -9.79087348e-01  2.67421711e-02 -1.34157039e-07  1.05343119e-07 
 1.25892541e+05  2.11030751e-02  2.70297630e-02 -9.78896925e-01  2.70297630e-02 -1.38763589e-07  1.08772591e-07 
 1.28824955e+05  2.12916014e-02  2.73266915e-02 -9.78708399e-01  2.73266915e-02 -1.43561069e-07  1.12294797e-07 
 1.31825674e+05  2.14784199e-02  2.76332821e-02 -9.78521580e-01  2.76332821e-02 -1.48558765e-07  1.15912984e-07 
 1.34896288e+05  2.16637290e-02  2.79498538e-02 -9.78336271e-01  2.79498538e-02 -1.53766369e-07  1.19630589e-07 
 1.38038426e+05  2.18477361e-02  2.82767199e-02 -9.78152264e-01  2.82767199e-02 -1.59193989e-07  1.23451259e-07 
 1.41253754e+05  2.20306573e-02  2.86141871e-02 -9.77969343e-01  2.86141871e-02 -1.64852168e-07  1.27378851e-07 
 1.44543977e+05  2.22127169e-02  2.89625552e-02 -9.77787283e-01  2.89625552e-02 -1.70751892e-07  1.31417454e-07 
 1.47910839e+05  2.23941469e-02  2.93221174e-02 -9.77605853e-01  2.93221174e-02 -1.76904611e-07  1.35571388e-07 
 1.51356125e+05  2.25751866e-02  2.96931598e-02 -9.77424813e-01  2.96931598e-02 -1.83322249e-07  1.39845229e-07 
 1.54881662e+05  2.27560826e-02  3.00759612e-02 -9.77243917e-01  3.00759612e-02 -1.90017224e-07  1.44243808e-07 
 1.58489319e+05  2.29370877e-02  3.04707931e-02 -9.77062912e-01  3.04707931e-02 -1.97002457e-07  1.48772234e-07 
 1.62181010e+05  2.31184610e-02  3.08779191e-02 -9.76881539e-01  3.08779191e-02 -2.04291397e-07  1.53435900e-07 
 1.65958691e+05  2.33004674e-02  3.12975953e-02 -9.76699533e-01  3.12975953e-02 -2.11898029e-07  1.58240502e-07 
 1.69824365e+05  2.34833768e-02  3.17300697e-02 -9.76516623e-01  3.17300697e-02 -2.19836900e-07  1.63192045e-07 
 1.73780083e+05  2.36674641e-02  3.21755822e-02 -9.76332536e-01  3.21755822e-02 -2.28123124e-07  1.68296864e-07 
 1.77827941e+05  2.38530085e-02  3.26343644e-02 -9.76146992e-01  3.26343644e-02 -2.36772410e-07  1.73561635e-07 
 1.81970086e+05  2.40402931e-02  3.31066396e-02 -9.75959707e-01  3.31066396e-02 -2.45801078e-07  1.78993386e-07 
 1.86208714e+05  2.42296042e-02  3.35926221e-02 -9.75770396e-01  3.35926221e-02 -2.55226073e-07  1.84599518e-07 
 1.90546072e+05  2.44212309e-02  3.40925180e-02 -9.75578769e-01  3.40925180e-02 -2.65064987e-07  1.90387814e-07 
 1.94984460e+05  2.46154647e-02  3.46065243e-02 -9.75384535e-01  3.46065243e-02 -2.75336076e-07  1.96366458e-07 
 1.99526231e+05  2.48125982e-02  3.51348290e-02 -9.75187402e-01  3.51348290e-02 -2.86058283e-07  2.02544045e-07 
 2.04173794e+05  2.50129255e-02  3.56776112e-02 -9.74987075e-01  3.56776112e-02 -2.97251257e-07  2.08929596e-07 
 2.08929613e+05  2.52167405e-02  3.62350411e-02 -9.74783259e-01  3.62350411e-02 -3.08935372e-07  2.15532576e-07 
 2.13796209e+05  2.54243369e-02  3.68072798e-02 -9.74575663e-01  3.68072798e-02 -3.21131750e-07  2.22362905e-07 
 2.18776162e+05  2.56360072e-02  3.73944794e-02 -9.74363993e-01  3.73944794e-02 -3.33862287e-07  2.29430970e-07 
 2.23872114e+05  2.58520418e-02  3.79967832e-02 -9.74147958e-01  3.79967832e-02 -3.47149669e-07  2.36747642e-07 
 2.29086765e+05  2.60727282e-02  3.86143259e-02 -9.73927272e-01  3.86143259e-02 -3.61017406e-07  2.44324287e-07 
 2.34422882e+05  2.62983507e-02  3.92472335e-02 -9.73701649e-01  3.92472335e-02 -3.75489853e-07  2.52172775e-07 
 2.39883292e+05  2.65291887e-02  3.98956240e-02 -9.73470811e-01  3.98956240e-02 -3.90592235e-07  2.60305499e-07 
 2.45470892e+05  2.67655165e-02  4.05596078e-02 -9.73234483e-01  4.05596078e-02 -4.06350684e-07  2.68735376e-07 
 2.51188643e+05  2.70076020e-02  4.12392876e-02 -9.72992398e-01  4.12392876e-02 -4.22792265e-07  2.77475866e-07 
 2.57039578e+05  2.72557063e-02  4.19347596e-02 -9.72744294e-01  4.19347596e-02 -4.39945012e-07  2.86540978e-07 
 2.63026799e+05  2.75100821e-02  4.26461139e-02 -9.72489918e-01  4.26461139e-02 -4.57837961e-07  2.95945279e-07 
 2.69153480e+05  2.77709736e-02  4.33734351e-02 -9.72229026e-01  4.33734351e-02 -4.76501193e-07  3.05703901e-07 
 2.75422870e+05  2.80386153e-02  4.41168034e-02 -9.71961385e-01  4.41168034e-02 -4.95965874e-07  3.15832551e-07 
 2.81838293e+05  2.83132313e-02  4.48762953e-02 -9.71686769e-01  4.48762953e-02 -5.16264300e-07  3.26347518e-07 
 2.88403150e+05  2.85950345e-02  4.56519851e-02 -9.71404965e-01  4.56519851e-02 -5.37429944e-07  3.37265680e-07 
 2.95120923e+05  2.88842261e-02  4.64439453e-02 -9.71115774e-01  4.64439453e-02 -5.59497517e-07  3.48604506e-07 
 3.01995172e+05  2.91809949e-02  4.72522485e-02 -9.70819005e-01  4.72522485e-02 -5.82503013e-07  3.60382072e-07 
 3.09029543e+05  2.94855168e-02  4.80769688e-02 -9.70514483e-01  4.80769688e-02 -6.06483783e-07  3.72617058e-07 
 3.16227766e+05  2.97979545e-02  4.89181825e-02 -9.70202046e-01  4.89181825e-02 -6.31478592e-07  3.85328764e-07 
 3.23593657e+05  3.01184573e-02  4.97759703e-02 -9.69881543e-01  4.97759703e-02 -6.57527698e-07  3.98537110e-07 
 3.31131121e+05  3.04471608e-02  5.06504187e-02 -9.69552839e-01  5.06504187e-02 -6.84672926e-07  4.12262651e-07 
 3.38844156e+05  3.07841871e-02  5.15416214e-02 -9.69215813e-01  5.15416214e-02 -7.12957754e-07  4.26526583e-07 
 3.46736850e+05  3.11296448e-02  5.24496811e-02 -9.68870355e-01  5.24496811e-02 -7.42427400e-07  4.41350762e-07 
 3.54813389e+05  3.14836292e-02  5.33747114e-02 -9.68516371e-01  5.33747114e-02 -7.73128920e-07  4.56757707e-07 
 3.63078055e+05  3.18462232e-02  5.43168381e-02 -9.68153777e-01  5.43168381e-02 -8.05111307e-07  4.72770632e-07 
 3.71535229e+05  3.22174975e-02  5.52762012e-02 -9.67782503e-01  5.52762012e-02 -8.38425607e-07  4.89413448e-07 
 3.80189396e+05  3.25975115e-02  5.62529564e-02 -9.67402489e-01  5.62529564e-02 -8.73125025e-07  5.06710806e-07 
 3.89045145e+05  3.29863145e-02  5.72472768e-02 -9.67013686e-01  5.72472768e-02 -9.09265058e-07  5.24688106e-07 
 3.98107171e+05  3.33839464e-02  5.82593545e-02 -9.66616054e-01  5.82593545e-02 -9.46903614e-07  5.43371543e-07 
 4.07380278e+05  3.37904394e-02  5.92894020e-02 -9.66209561e-01  5.92894020e-02 -9.86101158e-07  5.62788138e-07 
 4.16869383e+05  3.42058190e-02  6.03376536e-02 -9.65794181e-01  6.03376536e-02 -1.02692085e-06  5.82965775e-07 
 4.26579519e+05  3.46301060e-02  6.14043668e-02 -9.65369894e-01  6.14043668e-02 -1.06942870e-06  6.03933259e-07 
 4.36515832e+05  3.50633177e-02  6.24898234e-02 -9.64936682e-01  6.24898234e-02 -1.11369373e-06  6.25720363e-07 
 4.46683592e+05  3.55054700e-02  6.35943306e-02 -9.64494530e-01  6.35943306e-02 -1.15978811e-06  6.48357892e-07 
 4.57088190e+05  3.59565794e-02  6.47182217e-02 -9.64043421e-01  6.47182217e-02 -1.20778738e-06  6.71877743e-07 
 4.67735141e+05  3.64166646e-02  6.58618572e-02 -9.63583335e-01  6.58618572e-02 -1.25777058e-06  6.96312996e-07 
 4.78630092e+05  3.68857488e-02  6.70256251e-02 -9.63114251e-01  6.70256251e-02 -1.30982047e-06  7.21697983e-07 
 4.89778819e+05  3.73638617e-02  6.82099417e-02 -9.62636138e-01  6.82099417e-02 -1.36402369e-06  7.48068383e-07 
 5.01187234e+05  3.78510419e-02  6.94152512e-02 -9.62148958e-01  6.94152512e-02 -1.42047100e-06  7.75461324e-07 
 5.12861384e+05  3.83473385e-02  7.06420266e-02 -9.61652661e-01  7.06420266e-02 -1.47925743e-06  8.03915493e-07 
 5.24807460e+05  3.88528139e-02  7.18907693e-02 -9.61147186e-01  7.18907693e-02 -1.54048257e-06  8.33471248e-07 
 5.37031796e+05  3.93675454e-02  7.31620088e-02 -9.60632455e-01  7.31620088e-02 -1.60425070e-06  8.64170751e-07 
 5.49540874e+05  3.98916279e-02  7.44563024e-02 -9.60108372e-01  7.44563024e-02 -1.67067108e-06  8.96058108e-07 
 5.62341325e+05  4.04251752e-02  7.57742351e-02 -9.59574825e-01  7.57742351e-02 -1.73985814e-06  9.29179505e-07 
 5.75439937e+05  4.09683230e-02  7.71164184e-02 -9.59031677e-01  7.71164184e-02 -1.81193177e-06  9.63583385e-07 
 5.88843655e+05  4.15212301e-02  7.84834900e-02 -9.58478770e-01  7.84834900e-02 -1.88701750e-06  9.99320602e-07 
 6.02559586e+05  4.20840809e-02  7.98761126e-02 -9.57915919e-01  7.98761126e-02 -1.96524681e-06  1.03644461e-06 
 6.16595002e+05  4.26570870e-02  8.12949735e-02 -9.57342913e-01  8.12949735e-02 -2.04675735e-06  1.07501165e-06 
 6.30957344e+05  4.32404890e-02  8.27407828e-02 -9.56759511e-01  8.27407828e-02 -2.13169324e-06  1.11508097e-06 
 6.45654229e+05  4.38345582e-02  8.42142728e-02 -9.56165442e-01  8.42142728e-02 -2.22020529e-06  1.15671502e-06 
 6.60693448e+05  4.44395988e-02  8.57161968e-02 -9.55560401e-01  8.57161968e-02 -2.31245135e-06  1.19997973e-06 
 6.76082975e+05  4.50559486e-02  8.72473275e-02 -9.54944051e-01  8.72473275e-02 -2.40859657e-06  1.24494469e-06 
 6.91830971e+05  4.56839813e-02  8.88084558e-02 -9.54316019e-01  8.88084558e-02 -2.50881366e-06  1.29168348e-06 
 7.07945784e+05  4.63241076e-02  9.04003897e-02 -9.53675892e-01  9.04003897e-02 -2.61328325e-06  1.34027389e-06 
 7.24435960e+05  4.69767768e-02  9.20239524e-02 -9.53023223e-01  9.20239524e-02 -2.72219418e-06  1.39079828e-06 
 7.41310241e+05  4.76424779e-02  9.36799814e-02 -9.52357522e-01  9.36799814e-02 -2.83574382e-06  1.44334382e-06 
 7.58577575e+05  4.83217413e-02  9.53693265e-02 -9.51678259e-01  9.53693265e-02 -2.95413840e-06  1.49800288e-06 
 7.76247117e+05  4.90151397e-02  9.70928484e-02 -9.50984860e-01  9.70928484e-02 -3.07759335e-06  1.55487336e-06 
 7.94328235e+05  4.97232897e-02  9.88514175e-02 -9.50276710e-01  9.88514175e-02 -3.20633362e-06  1.61405907e-06 
 8.12830516e+05  5.04468525e-02  1.00645912e-01 -9.49553148e-01  1.00645912e-01 -3.34059411e-06  1.67567011e-06 
 8.31763771e+05  5.11865356e-02  1.02477215e-01 -9.48813464e-01  1.02477215e-01 -3.48061993e-06  1.73982331e-06 
 8.51138038e+05  5.19430939e-02  1.04346218e-01 -9.48056906e-01  1.04346218e-01 -3.62666683e-06  1.80664265e-06 
 8.70963590e+05  5.27173303e-02  1.06253810e-01 -9.47282670e-01  1.06253810e-01 -3.77900160e-06  1.87625978e-06 
 8.91250938e+05  5.35100977e-02  1.08200884e-01 -9.46489902e-01  1.08200884e-01 -3.93790237e-06  1.94881446e-06 
 9.12010839e+05  5.43222993e-02  1.10188334e-01 -9.45677701e-01  1.10188334e-01 -4.10365907e-06  2.02445512e-06 
 9.33254301e+05  5.51548902e-02  1.12217048e-01 -9.44845110e-01  1.12217048e-01 -4.27657380e-06  2.10333944e-06 
 9.54992586e+05  5.60088787e-02  1.14287911e-01 -9.43991121e-01  1.14287911e-01 -4.45696126e-06  2.18563490e-06 
 9.77237221e+05  5.68853267e-02  1.16401801e-01 -9.43114673e-01  1.16401801e-01 -4.64514908e-06  2.27151945e-06 
 1.00000000e+06  5.77853515e-02  1.18559590e-01 -9.42214649e-01  1.18559590e-01 -4.84147831e-06  2.36118213e-06 
 1.02329299e+06  5.87101266e-02  1.20762136e-01 -9.41289873e-01  1.20762136e-01 -5.04630380e-06  2.45482384e-06 
 1.04712855e+06  5.96608830e-02  1.23010285e-01 -9.40339117e-01  1.23010285e-01 -5.25999459e-06  2.55265802e-06 
 1.07151931e+06  6.06389098e-02  1.25304868e-01 -9.39361090e-01  1.25304868e-01 -5.48293432e-06  2.65491149e-06 
 1.09647820e+06  6.16455560e-02  1.27646700e-01 -9.38354444e-01  1.27646700e-01 -5.71552169e-06  2.76182524e-06 
 1.12201845e+06  6.26822309e-02  1.30036572e-01 -9.37317769e-01  1.30036572e-01 -5.95817078e-06  2.87365532e-06 
 1.14815362e+06  6.37504055e-02  1.32475255e-01 -9.36249595e-01  1.32475255e-01 -6.21131153e-06  2.99067378e-06 
 1.17489755e+06  6.48516133e-02  1.34963492e-01 -9.35148387e-01  1.34963492e-01 -6.47539005e-06  3.11316964e-06 
 1.20226443e+06  6.59874512e-02  1.37502000e-01 -9.34012549e-01  1.37502000e-01 -6.75086903e-06  3.24144993e-06 
 1.23026877e+06  6.71595808e-02  1.40091461e-01 -9.32840419e-01  1.40091461e-01 -7.03822813e-06  3.37584073e-06 
 1.25892541e+06  6.83697287e-02  1.42732523e-01 -9.31630271e-01  1.42732523e-01 -7.33796426e-06  3.51668834e-06 
 1.28824955e+06  6.96196873e-02  1.45425796e-01 -9.30380313e-01  1.45425796e-01 -7.65059197e-06  3.66436050e-06 
 1.31825674e+06  7.09113160e-02  1.48171847e-01 -9.29088684e-01  1.48171847e-01 -7.97664369e-06  3.81924759e-06 
 1.34896288e+06  7.22465410e-02  1.50971196e-01 -9.27753459e-01  1.50971196e-01 -8.31667005e-06  3.98176399e-06 
 1.38038426e+06  7.36273564e-02  1.53824314e-01 -9.26372644e-01  1.53824314e-01 -8.67124012e-06  4.15234944e-06 
 1.41253754e+06  7.50558239e-02  1.56731619e-01 -9.24944176e-01  1.56731619e-01 -9.04094156e-06  4.33147047e-06 
 1.44543977e+06  7.65340737e-02  1.59693467e-01 -9.23465926e-01  1.59693467e-01 -9.42638088e-06  4.51962192e-06 
 1.47910839e+06  7.80643038e-02  1.62710155e-01 -9.21935696e-01  1.62710155e-01 -9.82818348e-06  4.71732856e-06 
 1.51356125e+06  7.96487803e-02  1.65781911e-01 -9.20351220e-01  1.65781911e-01 -1.02469937e-05  4.92514662e-06 
 1.54881662e+06  8.12898366e-02  1.68908888e-01 -9.18710163e-01  1.68908888e-01 -1.06834751e-05  5.14366561e-06 
 1.58489319e+06  8.29898733e-02  1.72091164e-01 -9.17010127e-01  1.72091164e-01 -1.11383098e-05  5.37351001e-06 
 1.62181010e+06  8.47513570e-02  1.75328735e-01 -9.15248643e-01  1.75328735e-01 -1.16121992e-05  5.61534117e-06 
 1.65958691e+06  8.65768192e-02  1.78621505e-01 -9.13423181e-01  1.78621505e-01 -1.21058630e-05  5.86985917e-06 
 1.69824365e+06  8.84688550e-02  1.81969287e-01 -9.11531145e-01  1.81969287e-01 -1.26200395e-05  6.13780484e-06 
 1.73780083e+06  9.04301214e-02  1.85371793e-01 -9.09569879e-01  1.85371793e-01 -1.31554849e-05  6.41996171e-06 
 1.77827941e+06  9.24633352e-02  1.88828631e-01 -9.07536665e-01  1.88828631e-01 -1.37129730e-05  6.71715822e-06 
 1.81970086e+06  9.45712704e-02  1.92339296e-01 -9.05428730e-01  1.92339296e-01 -1.42932944e-05  7.03026978e-06 
 1.86208714e+06  9.67567557e-02  1.95903164e-01 -9.03243244e-01  1.95903164e-01 -1.48972564e-05  7.36022100e-06 
 1.90546072e+06  9.90226708e-02  1.99519488e-01 -9.00977329e-01  1.99519488e-01 -1.55256813e-05  7.70798796e-06 
 1.94984460e+06  1.01371943e-01  2.03187391e-01 -8.98628057e-01  2.03187391e-01 -1.61794064e-05  8.07460052e-06 
 1.99526231e+06  1.03807544e-01  2.06905858e-01 -8.96192456e-01  2.06905858e-01 -1.68592822e-05  8.46114461e-06 
 2.04173794e+06  1.06332482e-01  2.10673730e-01 -8.93667518e-01  2.10673730e-01 -1.75661717e-05  8.86876463e-06 
 2.08929613e+06  1.08949800e-01  2.14489698e-01 -8.91050200e-01  2.14489698e-01 -1.83009488e-05  9.29866583e-06 
 2.13796209e+06  1.11662568e-01  2.18352297e-01 -8.88337432e-01  2.18352297e-01 -1.90644966e-05  9.75211673e-06 
 2.18776162e+06  1.14473878e-01  2.22259896e-01 -8.85526122e-01  2.22259896e-01 -1.98577061e-05  1.02304515e-05 
 2.23872114e+06  1.17386836e-01  2.26210697e-01 -8.82613164e-01  2.26210697e-01 -2.06814741e-05  1.07350724e-05 
 2.29086765e+06  1.20404553e-01  2.30202726e-01 -8.79595447e-01  2.30202726e-01 -2.15367009e-05  1.12674520e-05 
 2.34422882e+06  1.23530139e-01  2.34233826e-01 -8.76469861e-01  2.34233826e-01 -2.24242886e-05  1.18291357e-05 
 2.39883292e+06  1.26766693e-01  2.38301652e-01 -8.73233307e-01  2.38301652e-01 -2.33451382e-05  1.24217441e-05 
 2.45470892e+06  1.30117293e-01  2.42403667e-01 -8.69882707e-01  2.42403667e-01 -2.43001471e-05  1.30469748e-05 
 2.51188643e+06  1.33584987e-01  2.46537135e-01 -8.66415013e-01  2.46537135e-01 -2.52902061e-05  1.37066049e-05 
 2.57039578e+06  1.37172778e-01  2.50699119e-01 -8.62827222e-01  2.50699119e-01 -2.63161967e-05  1.44024929e-05 
 2.63026799e+06  1.40883618e-01  2.54886472e-01 -8.59116382e-01  2.54886472e-01 -2.73789875e-05  1.51365806e-05 
 2.69153480e+06  1.44720390e-01  2.59095839e-01 -8.55279610e-01  2.59095839e-01 -2.84794308e-05  1.59108948e-05 
 2.75422870e+06  1.48685896e-01  2.63323653e-01 -8.51314104e-01  2.63323653e-01 -2.96183591e-05  1.67275491e-05 
 2.81838293e+06  1.52782847e-01  2.67566128e-01 -8.47217153e-01  2.67566128e-01 -3.07965809e-05  1.75887449e-05 
 2.88403150e+06  1.57013844e-01  2.71819266e-01 -8.42986156e-01  2.71819266e-01 -3.20148771e-05  1.84967728e-05 
 2.95120923e+06  1.61381363e-01  2.76078850e-01 -8.38618637e-01  2.76078850e-01 -3.32739965e-05  1.94540136e-05 
 3.01995172e+06  1.65887741e-01  2.80340450e-01 -8.34112259e-01  2.80340450e-01 -3.45746513e-05  2.04629388e-05 
 3.09029543e+06  1.70535160e-01  2.84599421e-01 -8.29464840e-01  2.84599421e-01 -3.59175131e-05  2.15261111e-05 
 3.16227766e+06  1.75325630e-01  2.88850906e-01 -8.24674370e-01  2.88850906e-01 -3.73032076e-05  2.26461843e-05 
 3.23593657e+06  1.80260970e-01  2.93089847e-01 -8.19739030e-01  2.93089847e-01 -3.87323103e-05  2.38259032e-05 
 3.31131121e+06  1.85342794e-01  2.97310983e-01 -8.14657206e-01  2.97310983e-01 -4.02053417e-05  2.50681029e-05 
 3.38844156e+06  1.90572492e-01  3.01508860e-01 -8.09427508e-01  3.01508860e-01 -4.17227622e-05  2.63757079e-05 
 3.46736850e+06  1.95951213e-01  3.05677844e-01 -8.04048787e-01  3.05677844e-01 -4.32849675e-05  2.77517304e-05 
 3.54813389e+06  2.01479848e-01  3.09812124e-01 -7.98520152e-01  3.09812124e-01 -4.48922834e-05  2.91992689e-05 
 3.63078055e+06  2.07159013e-01  3.13905731e-01 -7.92840987e-01  3.13905731e-01 -4.65449616e-05  3.07215060e-05 
 3.71535229e+06  2.12989033e-01  3.17952547e-01 -7.87010967e-01  3.17952547e-01 -4.82431745e-05  3.23217051e-05 
 3.80189396e+06  2.18969924e-01  3.21946323e-01 -7.81030076e-01  3.21946323e-01 -4.99870111e-05  3.40032083e-05 
 3.89045145e+06  2.25101383e-01  3.25880695e-01 -7.74898617e-01  3.25880695e-01 -5.17764723e-05  3.57694323e-05 
 3.98107171e+06  2.31382770e-01  3.29749203e-01 -7.68617230e-01  3.29749203e-01 -5.36114675e-05  3.76238647e-05 
 4.07380278e+06  2.37813094e-01  3.33545311e-01 -7.62186906e-01  3.33545311e-01 -5.54918101e-05  3.95700595e-05 
 4.16869383e+06  2.44391005e-01  3.37262430e-01 -7.55608995e-01  3.37262430e-01 -5.74172146e-05  4.16116328e-05 
 4.26579519e+06  2.51114783e-01  3.40893940e-01 -7.48885217e-01  3.40893940e-01 -5.93872936e-05  4.37522575e-05 
 4.36515832e+06  2.57982328e-01  3.44433214e-01 -7.42017672e-01  3.44433214e-01 -6.14015549e-05  4.59956577e-05 
 4.46683592e+06  2.64991153e-01  3.47873647e-01 -7.35008847e-01  3.47873647e-01 -6.34594000e-05  4.83456036e-05 
 4.57088190e+06  2.72138384e-01  3.51208681e-01 -7.27861616e-01  3.51208681e-01 -6.55601221e-05  5.08059051e-05 
 4.67735141e+06  2.79420754e-01  3.54431832e-01 -7.20579246e-01  3.54431832e-01 -6.77029054e-05  5.33804058e-05 
 4.78630092e+06  2.86834602e-01  3.57536722e-01 -7.13165398e-01  3.57536722e-01 -6.98868250e-05  5.60729770e-05 
 4.89778819e+06  2.94375879e-01  3.60517104e-01 -7.05624121e-01  3.60517104e-01 -7.21108468e-05  5.88875109e-05 
 5.01187234e+06  3.02040153e-01  3.63366896e-01 -6.97959847e-01  3.63366896e-01 -7.43738288e-05  6.18279147e-05 
 5.12861384e+06  3.09822612e-01  3.66080207e-01 -6.90177388e-01  3.66080207e-01 -7.66745231e-05  6.48981040e-05 
 5.24807460e+06  3.17718082e-01  3.68651367e-01 -6.82281918e-01  3.68651367e-01 -7.90115776e-05  6.81019970e-05 
 5.37031796e+06  3.25721033e-01  3.71074958e-01 -6.74278967e-01  3.71074958e-01 -8.13835399e-05  7.14435082e-05 
 5.49540874e+06  3.33825601e-01  3.73345838e-01 -6.66174399e-01  3.73345838e-01 -8.37888605e-05  7.49265433e-05 
 5.62341325e+06  3.42025602e-01  3.75459173e-01 -6.57974398e-01  3.75459173e-01 -8.62258977e-05  7.85549933e-05 
 5.75439937e+06  3.50314556e-01  3.77410457e-01 -6.49685444e-01  3.77410457e-01 -8.86929225e-05  8.23327304e-05 
 5.88843655e+06  3.58685709e-01  3.79195540e-01 -6.41314291e-01  3.79195540e-01 -9.11881244e-05  8.62636036e-05 
 6.02559586e+06  3.67132062e-01  3.80810647e-01 -6.32867938e-01  3.80810647e-01 -9.37096177e-05  9.03514351e-05 
 6.16595002e+06  3.75646394e-01  3.82252399e-01 -6.24353606e-01  3.82252399e-01 -9.62554484e-05  9.46000172e-05 
 6.30957344e+06  3.84221300e-01  3.83517831e-01 -6.15778700e-01  3.83517831e-01 -9.88236010e-05  9.90131109e-05 
 6.45654229e+06  3.92849214e-01  3.84604404e-01 -6.07150786e-01  3.84604404e-01 -1.01412007e-04  1.03594444e-04 
 6.60693448e+06  4.01522448e-01  3.85510019e-01 -5.98477552e-01  3.85510019e-01 -1.04018550e-04  1.08347710e-04 
 6.76082975e+06  4.10233226e-01  3.86233025e-01 -5.89766774e-01  3.86233025e-01 -1.06641079e-04  1.13276573e-04 
 6.91830971e+06  4.18973719e-01  3.86772222e-01 -5.81026281e-01  3.86772222e-01 -1.09277411e-04  1.18384661e-04 
 7.07945784e+06  4.27736077e-01  3.87126867e-01 -5.72263923e-01  3.87126867e-01 -1.11925340e-04  1.23675577e-04 
 7.24435960e+06  4.36512472e-01  3.87296671e-01 -5.63487528e-01  3.87296671e-01 -1.14582650e-04  1.29152897e-04 
 7.41310241e+06  4.45295128e-01  3.87281795e-01 -5.54704872e-01  3.87281795e-01 -1.17247114e-04  1.34820178e-04 
 7.58577575e+06  4.54076359e-01  3.87082841e-01 -5.45923641e-01  3.87082841e-01 -1.19916508e-04  1.40680959e-04 
 7.76247117e+06  4.62848602e-01  3.86700842e-01 -5.37151398e-01  3.86700842e-01 -1.22588616e-04  1.46738774e-04 
 7.94328235e+06  4.71604453e-01  3.86137250e-01 -5.28395547e-01  3.86137250e-01 -1.25261236e-04  1.52997152e-04 
 8.12830516e+06  4.80336696e-01  3.85393915e-01 -5.19663304e-01  3.85393915e-01 -1.27932182e-04  1.59459630e-04 
 8.31763771e+06  4.89038332e-01  3.84473066e-01 -5.10961668e-01  3.84473066e-01 -1.30599295e-04  1.66129763e-04 
 8.51138038e+06  4.97702612e-01  3.83377292e-01 -5.02297388e-01  3.83377292e-01 -1.33260441e-04  1.73011129e-04 
 8.70963590e+06  5.06323058e-01  3.82109514e-01 -4.93676942e-01  3.82109514e-01 -1.35913519e-04  1.80107343e-04 
 8.91250938e+06  5.14893487e-01  3.80672957e-01 -4.85106513e-01  3.80672957e-01 -1.38556458e-04  1.87422067e-04 
 9.12010839e+06  5.23408032e-01  3.79071123e-01 -4.76591968e-01  3.79071123e-01 -1.41187219e-04  1.94959020e-04 
 9.33254301e+06  5.31861161e-01  3.77307762e-01 -4.68138839e-01  3.77307762e-01 -1.43803796e-04  2.02721994e-04 
 9.54992586e+06  5.40247688e-01  3.75386837e-01 -4.59752312e-01  3.75386837e-01 -1.46404212e-04  2.10714861e-04 
 9.77237221e+06  5.48562788e-01  3.73312493e-01 -4.51437212e-01  3.73312493e-01 -1.48986518e-04  2.18941588e-04 
 1.00000000e+07  5.56802002e-01  3.71089023e-01 -4.43197998e-01  3.71089023e-01 -1.51548787e-04  2.27406248e-04 
 1.02329299e+07  5.64961244e-01  3.68720836e-01 -4.35038756e-01  3.68720836e-01 -1.54089107e-04  2.36113033e-04 
 1.04712855e+07  5.73036805e-01  3.66212420e-01 -4.26963195e-01  3.66212420e-01 -1.56605577e-04  2.45066264e-04 
 1.07151931e+07  5.81025347e-01  3.63568314e-01 -4.18974653e-01  3.63568314e-01 -1.59096295e-04  2.54270405e-04 
 1.09647820e+07  5.88923905e-01  3.60793068e-01 -4.11076095e-01  3.60793068e-01 -1.61559353e-04  2.63730072e-04 
 1.12201845e+07  5.96729872e-01  3.57891216e-01 -4.03270128e-01  3.57891216e-01 -1.63992819e-04  2.73450042e-04 
 1.14815362e+07  6.04440999e-01  3.54867245e-01 -3.95559001e-01  3.54867245e-01 -1.66394731e-04  2.83435266e-04 
 1.17489755e+07  6.12055374e-01  3.51725562e-01 -3.87944626e-01  3.51725562e-01 -1.68763078e-04  2.93690874e-04 
 1.20226443e+07  6.19571412e-01  3.48470468e-01 -3.80428588e-01  3.48470468e-01 -1.71095792e-04  3.04222186e-04 
 1.23026877e+07  6.26987836e-01  3.45106131e-01 -3.73012164e-01  3.45106131e-01 -1.73390723e-04  3.15034714e-04 
 1.25892541e+07  6.34303657e-01  3.41636562e-01 -3.65696343e-01  3.41636562e-01 -1.75645629e-04  3.26134172e-04 
 1.28824955e+07  6.41518153e-01  3.38065589e-01 -3.58481847e-01  3.38065589e-01 -1.77858155e-04  3.37526474e-04 
 1.31825674e+07  6.48630848e-01  3.34396844e-01 -3.51369152e-01  3.34396844e-01 -1.80025814e-04  3.49217744e-04 
 1.34896288e+07  6.55641482e-01  3.30633735e-01 -3.44358518e-01  3.30633735e-01 -1.82145968e-04  3.61214307e-04 
 1.38038426e+07  6.62549991e-01  3.26779439e-01 -3.37450009e-01  3.26779439e-01 -1.84215808e-04  3.73522698e-04 
 1.41253754e+07  6.69356475e-01  3.22836884e-01 -3.30643525e-01  3.22836884e-01 -1.86232330e-04  3.86149651e-04 
 1.44543977e+07  6.76061171e-01  3.18808738e-01 -3.23938829e-01  3.18808738e-01 -1.88192317e-04  3.99102098e-04 
 1.47910839e+07  6.82664426e-01  3.14697402e-01 -3.17335574e-01  3.14697402e-01 -1.90092314e-04  4.12387160e-04 
 1.51356125e+07  6.89166665e-01  3.10505008e-01 -3.10833335e-01  3.10505008e-01 -1.91928610e-04  4.26012141e-04 
 1.54881662e+07  6.95568361e-01  3.06233407e-01 -3.04431639e-01  3.06233407e-01 -1.93697211e-04  4.39984514e-04 
 1.58489319e+07  7.01870009e-01  3.01884179e-01 -2.98129991e-01  3.01884179e-01 -1.95393821e-04  4.54311907e-04 
 1.62181010e+07  7.08072090e-01  2.97458627e-01 -2.91927910e-01  2.97458627e-01 -1.97013820e-04  4.69002090e-04 
 1.65958691e+07  7.14175045e-01  2.92957789e-01 -2.85824955e-01  2.92957789e-01 -1.98552244e-04  4.84062953e-04 
 1.69824365e+07  7.20179247e-01  2.88382439e-01 -2.79820753e-01  2.88382439e-01 -2.00003762e-04  4.99502487e-04 
 1.73780083e+07  7.26084968e-01  2.83733103e-01 -2.73915032e-01  2.83733103e-01 -2.01362660e-04  5.15328759e-04 
 1.77827941e+07  7.31892356e-01  2.79010068e-01 -2.68107644e-01  2.79010068e-01 -2.02622820e-04  5.31549889e-04 
 1.81970086e+07  7.37601405e-01  2.74213397e-01 -2.62398595e-01  2.74213397e-01 -2.03777708e-04  5.48174016e-04 
 1.86208714e+07  7.43211933e-01  2.69342953e-01 -2.56788067e-01  2.69342953e-01 -2.04820352e-04  5.65209273e-04 
 1.90546072e+07  7.48723553e-01  2.64398409e-01 -2.51276447e-01  2.64398409e-01 -2.05743338e-04  5.82663746e-04 
 1.94984460e+07  7.54135656e-01  2.59379278e-01 -2.45864344e-01  2.59379278e-01 -2.06538795e-04  6.00545445e-04 
 1.99526231e+07  7.59447387e-01  2.54284937e-01 -2.40552613e-01  2.54284937e-01 -2.07198388e-04  6.18862259e-04 
 2.04173794e+07  7.64657628e-01  2.49114648e-01 -2.35342372e-01  2.49114648e-01 -2.07713314e-04  6.37621920e-04 
 2.08929613e+07  7.69764983e-01  2.43867593e-01 -2.30235017e-01  2.43867593e-01 -2.08074302e-04  6.56831955e-04 
 2.13796209e+07  7.74767759e-01  2.38542902e-01 -2.25232241e-01  2.38542902e-01 -2.08271616e-04  6.76499646e-04 
 2.18776162e+07  7.79663961e-01  2.33139683e-01 -2.20336039e-01  2.33139683e-01 -2.08295058e-04  6.96631981e-04 
 2.23872114e+07  7.84451281e-01  2.27657059e-01 -2.15548719e-01  2.27657059e-01 -2.08133985e-04  7.17235606e-04 
 2.29086765e+07  7.89127091e-01  2.22094199e-01 -2.10872909e-01  2.22094199e-01 -2.07777321e-04  7.38316775e-04 
 2.34422882e+07  7.93688441e-01  2.16450357e-01 -2.06311559e-01  2.16450357e-01 -2.07213577e-04  7.59881303e-04 
 2.39883292e+07  7.98132065e-01  2.10724906e-01 -2.01867935e-01  2.10724906e-01 -2.06430880e-04  7.81934515e-04 
 2.45470892e+07  8.02454375e-01  2.04917379e-01 -1.97545625e-01  2.04917379e-01 -2.05417003e-04  8.04481196e-04 
 2.51188643e+07  8.06651478e-01  1.99027500e-01 -1.93348522e-01  1.99027500e-01 -2.04159403e-04  8.27525541e-04 
 2.57039578e+07  8.10719186e-01  1.93055225e-01 -1.89280814e-01  1.93055225e-01 -2.02645262e-04  8.51071111e-04 
 2.63026799e+07  8.14653024e-01  1.87000781e-01 -1.85346976e-01  1.87000781e-01 -2.00861538e-04  8.75120786e-04 
 2.69153480e+07  8.18448260e-01  1.80864696e-01 -1.81551740e-01  1.80864696e-01 -1.98795020e-04  8.99676719e-04 
 2.75422870e+07  8.22099916e-01  1.74647840e-01 -1.77900084e-01  1.74647840e-01 -1.96432388e-04  9.24740301e-04 
 2.81838293e+07  8.25602806e-01  1.68351452e-01 -1.74397194e-01  1.68351452e-01 -1.93760279e-04  9.50312125e-04 
 2.88403150e+07  8.28951555e-01  1.61977179e-01 -1.71048445e-01  1.61977179e-01 -1.90765364e-04  9.76391950e-04 
 2.95120923e+07  8.32140642e-01  1.55527096e-01 -1.67859358e-01  1.55527096e-01 -1.87434421e-04  1.00297868e-03 
 3.01995172e+07  8.35164430e-01  1.49003741e-01 -1.64835570e-01  1.49003741e-01 -1.83754420e-04  1.03007035e-03 
 3.09029543e+07  8.38017211e-01  1.42410132e-01 -1.61982789e-01  1.42410132e-01 -1.79712612e-04  1.05766411e-03 
 3.16227766e+07  8.40693248e-01  1.35749790e-01 -1.59306752e-01  1.35749790e-01 -1.75296619e-04  1.08575620e-03 
 3.23593657e+07  8.43186819e-01  1.29026751e-01 -1.56813181e-01  1.29026751e-01 -1.70494530e-04  1.11434200e-03 
 3.31131121e+07  8.45492267e-01  1.22245582e-01 -1.54507733e-01  1.22245582e-01 -1.65295000e-04  1.14341598e-03 
 3.38844156e+07  8.47604052e-01  1.15411385e-01 -1.52395948e-01  1.15411385e-01 -1.59687347e-04  1.17297180e-03 
 3.46736850e+07  8.49516798e-01  1.08529798e-01 -1.50483202e-01  1.08529798e-01 -1.53661657e-04  1.20300227e-03 
 3.54813389e+07  8.51225350e-01  1.01606995e-01 -1.48774650e-01  1.01606995e-01 -1.47208879e-04  1.23349943e-03 
 3.63078055e+07  8.52724825e-01  9.46496757e-02 -1.47275175e-01  9.46496757e-02 -1.40320929e-04  1.26445459e-03 
 3.71535229e+07  8.54010665e-01  8.76650491e-02 -1.45989335e-01  8.76650491e-02 -1.32990782e-04  1.29585841e-03 
 3.80189396e+07  8.55078690e-01  8.06608180e-02 -1.44921310e-01  8.06608180e-02 -1.25212570e-04  1.32770096e-03 
 3.89045145e+07  8.55925149e-01  7.36451519e-02 -1.44074851e-01  7.36451519e-02 -1.16981669e-04  1.35997178e-03 
 3.98107171e+07  8.56546766e-01  6.66266565e-02 -1.43453234e-01  6.66266565e-02 -1.08294778e-04  1.39266004e-03 
 4.07380278e+07  8.56940792e-01  5.96143384e-02 -1.43059208e-01  5.96143384e-02 -9.91499973e-05  1.42575457e-03 
 4.16869383e+07  8.57105042e-01  5.26175641e-02 -1.42894958e-01  5.26175641e-02 -8.95468956e-05  1.45924404e-03 
 4.26579519e+07  8.57037939e-01  4.56460147e-02 -1.42962061e-01  4.56460147e-02 -7.94865654e-05  1.49311702e-03 
 4.36515832e+07  8.56738546e-01  3.87096355e-02 -1.43261454e-01  3.87096355e-02 -6.89716706e-05  1.52736215e-03 
 4.46683592e+07  8.56206597e-01  3.18185830e-02 -1.43793403e-01  3.18185830e-02 -5.80064816e-05  1.56196826e-03 
 4.57088190e+07  8.55442524e-01  2.49831671e-02 -1.44557476e-01  2.49831671e-02 -4.65968986e-05  1.59692451e-03 
 4.67735141e+07  8.54447472e-01  1.82137918e-02 -1.45552528e-01  1.82137918e-02 -3.47504620e-05  1.63222053e-03 
 4.78630092e+07  8.53223317e-01  1.15208930e-02 -1.46776683e-01  1.15208930e-02 -2.24763489e-05  1.66784657e-03 
 4.89778819e+07  8.51772666e-01  4.91487517e-03 -1.48227334e-01  4.91487517e-03 -9.78535708e-06  1.70379363e-03 
 5.01187234e+07  8.50098866e-01 -1.59395276e-03 -1.49901134e-01 -1.59395276e-03  3.31012557e-06  1.74005365e-03 
 5.12861384e+07  8.48205991e-01 -7.99544148e-03 -1.51794009e-01 -7.99544148e-03  1.67961649e-05  1.77661959e-03 
 5.24807460e+07  8.46098830e-01 -1.42796647e-02 -1.53901170e-01 -1.42796647e-02  3.06573380e-05  1.81348561e-03 
 5.37031796e+07  8.43782873e-01 -2.04369807e-02 -1.56217127e-01 -2.04369807e-02  4.48768028e-05  1.85064718e-03 
 5.49540874e+07  8.41264281e-01 -2.64580926e-02 -1.58735719e-01 -2.64580926e-02  5.94363809e-05  1.88810124e-03 
 5.62341325e+07  8.38549857e-01 -3.23341044e-02 -1.61450143e-01 -3.23341044e-02  7.43166511e-05  1.92584628e-03 
 5.75439937e+07  8.35647007e-01 -3.80565749e-02 -1.64352993e-01 -3.80565749e-02  8.94970534e-05  1.96388247e-03 
 5.88843655e+07  8.32563703e-01 -4.36175664e-02 -1.67436297e-01 -4.36175664e-02  1.04956003e-04  2.00221174e-03 
 6.02559586e+07  8.29308435e-01 -4.90096897e-02 -1.70691565e-01 -4.90096897e-02  1.20671010e-04  2.04083790e-03 
 6.16595002e+07  8.25890160e-01 -5.42261435e-02 -1.74109840e-01 -5.42261435e-02  1.36618809e-04  2.07976668e-03 
 6.30957344e+07  8.22318248e-01 -5.92607485e-02 -1.77681752e-01 -5.92607485e-02  1.52775493e-04  2.11900581e-03 
 6.45654229e+07  8.18602431e-01 -6.41079762e-02 -1.81397569e-01 -6.41079762e-02  1.69116646e-04  2.15856507e-03 
 6.60693448e+07  8.14752741e-01 -6.87629715e-02 -1.85247259e-01 -6.87629715e-02  1.85617489e-04  2.19845629e-03 
 6.76082975e+07  8.10779450e-01 -7.32215691e-02 -1.89220550e-01 -7.32215691e-02  2.02253010e-04  2.23869346e-03 
 6.91830971e+07  8.06693016e-01 -7.74803046e-02 -1.93306984e-01 -7.74803046e-02  2.18998113e-04  2.27929262e-03 
 7.07945784e+07  8.02504018e-01 -8.15364195e-02 -1.97495982e-01 -8.15364195e-02  2.35827749e-04  2.32027195e-03 
 7.24435960e+07  7.98223098e-01 -8.53878597e-02 -2.01776902e-01 -8.53878597e-02  2.52717047e-04  2.36165173e-03 
 7.41310241e+07  7.93860907e-01 -8.90332698e-02 -2.06139093e-01 -8.90332698e-02  2.69641449e-04  2.40345428e-03 
 7.58577575e+07  7.89428045e-01 -9.24719807e-02 -2.10571955e-01 -9.24719807e-02  2.86576825e-04  2.44570396e-03 
 7.76247117e+07  7.84935011e-01 -9.57039936e-02 -2.15064989e-01 -9.57039936e-02  3.03499593e-04  2.48842709e-03 
 7.94328235e+07  7.80392148e-01 -9.87299587e-02 -2.19607852e-01 -9.87299587e-02  3.20386824e-04  2.53165193e-03 
 8.12830516e+07  7.75809602e-01 -1.01551150e-01 -2.24190398e-01 -1.01551150e-01  3.37216341e-04  2.57540858e-03 
 8.31763771e+07  7.71197273e-01 -1.04169436e-01 -2.28802727e-01 -1.04169436e-01  3.53966809e-04  2.61972892e-03 
 8.51138038e+07  7.66564776e-01 -1.06587248e-01 -2.33435224e-01 -1.06587248e-01  3.70617816e-04  2.66464656e-03 
 8.70963590e+07  7.61921408e-01 -1.08807548e-01 -2.38078592e-01 -1.08807548e-01  3.87149938e-04  2.71019669e-03 
 8.91250938e+07  7.57276111e-01 -1.10833786e-01 -2.42723889e-01 -1.10833786e-01  4.03544804e-04  2.75641607e-03 
 9.12010839e+07  7.52637450e-01 -1.12669867e-01 -2.47362550e-01 -1.12669867e-01  4.19785144e-04  2.80334290e-03 
 9.33254301e+07  7.48013585e-01 -1.14320111e-01 -2.51986415e-01 -1.14320111e-01  4.35854828e-04  2.85101673e-03 
 9.54992586e+07  7.43412253e-01 -1.15789208e-01 -2.56587747e-01 -1.15789208e-01  4.51738896e-04  2.89947840e-03 
 9.77237221e+07  7.38840752e-01 -1.17082183e-01 -2.61159248e-01 -1.17082183e-01  4.67423579e-04  2.94876991e-03 
 1.00000000e+08  7.34305934e-01 -1.18204350e-01 -2.65694066e-01 -1.18204350e-01  4.82896310e-04  2.99893439e-03 
