 frequency       er              ei              fr              fi              ir              ii             
 1.00000000e+00  1.23365971e-06  3.12325142e-06 -9.99998766e-01  3.12325142e-06  1.22080721e-14  3.12804047e-14 
 1.02329299e+00  1.23366663e-06  3.19600128e-06 -9.99998766e-01  3.19600128e-06  1.22021285e-14  3.20090192e-14 
 1.04712855e+00  1.23367388e-06  3.27044571e-06 -9.99998766e-01  3.27044571e-06  1.21958552e-14  3.27546052e-14 
 1.07151931e+00  1.23368148e-06  3.34662417e-06 -9.99998766e-01  3.34662417e-06  1.21893498e-14  3.35175583e-14 
 1.09647820e+00  1.23368943e-06  3.42457705e-06 -9.99998766e-01  3.42457705e-06  1.21825575e-14  3.42982828e-14 
 1.12201845e+00  1.23369776e-06  3.50434569e-06 -9.99998766e-01  3.50434569e-06  1.21753869e-14  3.50971927e-14 
 1.14815362e+00  1.23370647e-06  3.58597239e-06 -9.99998766e-01  3.58597239e-06  1.21679196e-14  3.59147117e-14 
 1.17489755e+00  1.23371560e-06  3.66950041e-06 -9.99998766e-01  3.66950041e-06  1.21600868e-14  3.67512732e-14 
 1.20226443e+00  1.23372516e-06  3.75497404e-06 -9.99998766e-01  3.75497404e-06  1.21519049e-14  3.76073207e-14 
 1.23026877e+00  1.23373517e-06  3.84243862e-06 -9.99998766e-01  3.84243862e-06  1.21433336e-14  3.84833082e-14 
 1.25892541e+00  1.23374565e-06  3.93194051e-06 -9.99998766e-01  3.93194051e-06  1.21343081e-14  3.93797000e-14 
 1.28824955e+00  1.23375662e-06  4.02352716e-06 -9.99998766e-01  4.02352716e-06  1.21249343e-14  4.02969716e-14 
 1.31825674e+00  1.23376812e-06  4.11724714e-06 -9.99998766e-01  4.11724714e-06  1.21150311e-14  4.12356092e-14 
 1.34896288e+00  1.23378015e-06  4.21315014e-06 -9.99998766e-01  4.21315014e-06  1.21047190e-14  4.21961105e-14 
 1.38038426e+00  1.23379275e-06  4.31128701e-06 -9.99998766e-01  4.31128701e-06  1.20939329e-14  4.31789848e-14 
 1.41253754e+00  1.23380594e-06  4.41170978e-06 -9.99998766e-01  4.41170978e-06  1.20825645e-14  4.41847532e-14 
 1.44543977e+00  1.23381976e-06  4.51447169e-06 -9.99998766e-01  4.51447169e-06  1.20707062e-14  4.52139491e-14 
 1.47910839e+00  1.23383422e-06  4.61962724e-06 -9.99998766e-01  4.61962724e-06  1.20583135e-14  4.62671181e-14 
 1.51356125e+00  1.23384937e-06  4.72723217e-06 -9.99998766e-01  4.72723217e-06  1.20453064e-14  4.73448186e-14 
 1.54881662e+00  1.23386523e-06  4.83734355e-06 -9.99998766e-01  4.83734355e-06  1.20316954e-14  4.84476220e-14 
 1.58489319e+00  1.23388184e-06  4.95001975e-06 -9.99998766e-01  4.95001975e-06  1.20174419e-14  4.95761131e-14 
 1.62181010e+00  1.23389923e-06  5.06532052e-06 -9.99998766e-01  5.06532052e-06  1.20025317e-14  5.07308901e-14 
 1.65958691e+00  1.23391745e-06  5.18330698e-06 -9.99998766e-01  5.18330698e-06  1.19868742e-14  5.19125655e-14 
 1.69824365e+00  1.23393651e-06  5.30404170e-06 -9.99998766e-01  5.30404170e-06  1.19705262e-14  5.31217658e-14 
 1.73780083e+00  1.23395648e-06  5.42758870e-06 -9.99998766e-01  5.42758870e-06  1.19533429e-14  5.43591320e-14 
 1.77827941e+00  1.23397739e-06  5.55401348e-06 -9.99998766e-01  5.55401348e-06  1.19354471e-14  5.56253203e-14 
 1.81970086e+00  1.23399929e-06  5.68338306e-06 -9.99998766e-01  5.68338306e-06  1.19166397e-14  5.69210020e-14 
 1.86208714e+00  1.23402221e-06  5.81576605e-06 -9.99998766e-01  5.81576605e-06  1.18969440e-14  5.82468641e-14 
 1.90546072e+00  1.23404622e-06  5.95123264e-06 -9.99998766e-01  5.95123264e-06  1.18763604e-14  5.96036096e-14 
 1.94984460e+00  1.23407136e-06  6.08985465e-06 -9.99998766e-01  6.08985465e-06  1.18547758e-14  6.09919579e-14 
 1.99526231e+00  1.23409768e-06  6.23170558e-06 -9.99998766e-01  6.23170558e-06  1.18321826e-14  6.24126452e-14 
 2.04173794e+00  1.23412524e-06  6.37686064e-06 -9.99998766e-01  6.37686064e-06  1.18085396e-14  6.38664246e-14 
 2.08929613e+00  1.23415410e-06  6.52539680e-06 -9.99998766e-01  6.52539680e-06  1.17837623e-14  6.53540671e-14 
 2.13796209e+00  1.23418432e-06  6.67739281e-06 -9.99998766e-01  6.67739281e-06  1.17578039e-14  6.68763615e-14 
 2.18776162e+00  1.23421597e-06  6.83292926e-06 -9.99998766e-01  6.83292926e-06  1.17306662e-14  6.84341147e-14 
 2.23872114e+00  1.23424911e-06  6.99208863e-06 -9.99998766e-01  6.99208863e-06  1.17022115e-14  7.00281530e-14 
 2.29086765e+00  1.23428381e-06  7.15495528e-06 -9.99998766e-01  7.15495528e-06  1.16724171e-14  7.16593213e-14 
 2.34422882e+00  1.23432014e-06  7.32161559e-06 -9.99998766e-01  7.32161559e-06  1.16413042e-14  7.33284847e-14 
 2.39883292e+00  1.23435819e-06  7.49215792e-06 -9.99998766e-01  7.49215792e-06  1.16085969e-14  7.50365281e-14 
 2.45470892e+00  1.23439803e-06  7.66667269e-06 -9.99998766e-01  7.66667269e-06  1.15744287e-14  7.67843572e-14 
 2.51188643e+00  1.23443975e-06  7.84525243e-06 -9.99998766e-01  7.84525243e-06  1.15385790e-14  7.85728988e-14 
 2.57039578e+00  1.23448343e-06  8.02799182e-06 -9.99998766e-01  8.02799182e-06  1.15011146e-14  8.04031012e-14 
 2.63026799e+00  1.23452917e-06  8.21498777e-06 -9.99998765e-01  8.21498777e-06  1.14617949e-14  8.22759348e-14 
 2.69153480e+00  1.23457707e-06  8.40633940e-06 -9.99998765e-01  8.40633940e-06  1.14206971e-14  8.41923926e-14 
 2.75422870e+00  1.23462722e-06  8.60214819e-06 -9.99998765e-01  8.60214819e-06  1.13776782e-14  8.61534908e-14 
 2.81838293e+00  1.23467974e-06  8.80251795e-06 -9.99998765e-01  8.80251795e-06  1.13325426e-14  8.81602692e-14 
 2.88403150e+00  1.23473474e-06  9.00755493e-06 -9.99998765e-01  9.00755493e-06  1.12854348e-14  9.02137920e-14 
 2.95120923e+00  1.23479232e-06  9.21736782e-06 -9.99998765e-01  9.21736782e-06  1.12359885e-14  9.23151479e-14 
 3.01995172e+00  1.23485262e-06  9.43206789e-06 -9.99998765e-01  9.43206789e-06  1.11841999e-14  9.44654511e-14 
 3.09029543e+00  1.23491576e-06  9.65176896e-06 -9.99998765e-01  9.65176896e-06  1.11300495e-14  9.66658419e-14 
 3.16227766e+00  1.23498188e-06  9.87658753e-06 -9.99998765e-01  9.87658753e-06  1.10732639e-14  9.89174869e-14 
 3.23593657e+00  1.23505111e-06  1.01066428e-05 -9.99998765e-01  1.01066428e-05  1.10138521e-14  1.01221580e-13 
 3.31131121e+00  1.23512361e-06  1.03420567e-05 -9.99998765e-01  1.03420567e-05  1.09516519e-14  1.03579343e-13 
 3.38844156e+00  1.23519952e-06  1.05829542e-05 -9.99998765e-01  1.05829542e-05  1.08864853e-14  1.05992026e-13 
 3.46736850e+00  1.23527901e-06  1.08294628e-05 -9.99998765e-01  1.08294628e-05  1.08182509e-14  1.08460908e-13 
 3.54813389e+00  1.23536225e-06  1.10817134e-05 -9.99998765e-01  1.10817134e-05  1.07468307e-14  1.10987299e-13 
 3.63078055e+00  1.23544941e-06  1.13398396e-05 -9.99998765e-01  1.13398396e-05  1.06720033e-14  1.13572538e-13 
 3.71535229e+00  1.23554067e-06  1.16039784e-05 -9.99998764e-01  1.16039784e-05  1.05936597e-14  1.16217996e-13 
 3.80189396e+00  1.23563624e-06  1.18742698e-05 -9.99998764e-01  1.18742698e-05  1.05116421e-14  1.18925075e-13 
 3.89045145e+00  1.23573631e-06  1.21508570e-05 -9.99998764e-01  1.21508570e-05  1.04257230e-14  1.21695212e-13 
 3.98107171e+00  1.23584110e-06  1.24338868e-05 -9.99998764e-01  1.24338868e-05  1.03358123e-14  1.24529874e-13 
 4.07380278e+00  1.23595083e-06  1.27235092e-05 -9.99998764e-01  1.27235092e-05  1.02415917e-14  1.27430565e-13 
 4.16869383e+00  1.23606572e-06  1.30198778e-05 -9.99998764e-01  1.30198778e-05  1.01430043e-14  1.30398823e-13 
 4.26579519e+00  1.23618604e-06  1.33231497e-05 -9.99998764e-01  1.33231497e-05  1.00397270e-14  1.33436222e-13 
 4.36515832e+00  1.23631202e-06  1.36334857e-05 -9.99998764e-01  1.36334857e-05  9.93159844e-15  1.36544373e-13 
 4.46683592e+00  1.23644394e-06  1.39510503e-05 -9.99998764e-01  1.39510503e-05  9.81836892e-15  1.39724924e-13 
 4.57088190e+00  1.23658208e-06  1.42760120e-05 -9.99998763e-01  1.42760120e-05  9.69981598e-15  1.42979560e-13 
 4.67735141e+00  1.23672673e-06  1.46085430e-05 -9.99998763e-01  1.46085430e-05  9.57568732e-15  1.46310009e-13 
 4.78630092e+00  1.23687819e-06  1.49488196e-05 -9.99998763e-01  1.49488196e-05  9.44564165e-15  1.49718036e-13 
 4.89778819e+00  1.23703679e-06  1.52970223e-05 -9.99998763e-01  1.52970223e-05  9.30952730e-15  1.53205448e-13 
 5.01187234e+00  1.23720287e-06  1.56533357e-05 -9.99998763e-01  1.56533357e-05  9.16698153e-15  1.56774094e-13 
 5.12861384e+00  1.23737677e-06  1.60179487e-05 -9.99998763e-01  1.60179487e-05  9.01773423e-15  1.60425867e-13 
 5.24807460e+00  1.23755888e-06  1.63910546e-05 -9.99998762e-01  1.63910546e-05  8.86145729e-15  1.64162704e-13 
 5.37031796e+00  1.23774956e-06  1.67728513e-05 -9.99998762e-01  1.67728513e-05  8.69773357e-15  1.67986585e-13 
 5.49540874e+00  1.23794923e-06  1.71635411e-05 -9.99998762e-01  1.71635411e-05  8.52642252e-15  1.71899539e-13 
 5.62341325e+00  1.23815831e-06  1.75633313e-05 -9.99998762e-01  1.75633313e-05  8.34694338e-15  1.75903640e-13 
 5.75439937e+00  1.23837724e-06  1.79724337e-05 -9.99998762e-01  1.79724337e-05  8.15903878e-15  1.80001013e-13 
 5.88843655e+00  1.23860649e-06  1.83910654e-05 -9.99998761e-01  1.83910654e-05  7.96223291e-15  1.84193829e-13 
 6.02559586e+00  1.23884655e-06  1.88194483e-05 -9.99998761e-01  1.88194483e-05  7.75619926e-15  1.88484312e-13 
 6.16595002e+00  1.23909791e-06  1.92578095e-05 -9.99998761e-01  1.92578095e-05  7.54047362e-15  1.92874737e-13 
 6.30957344e+00  1.23936113e-06  1.97063814e-05 -9.99998761e-01  1.97063814e-05  7.31456311e-15  1.97367433e-13 
 6.45654229e+00  1.23963675e-06  2.01654019e-05 -9.99998760e-01  2.01654019e-05  7.07795845e-15  2.01964782e-13 
 6.60693448e+00  1.23992536e-06  2.06351144e-05 -9.99998760e-01  2.06351144e-05  6.83026094e-15  2.06669222e-13 
 6.76082975e+00  1.24022757e-06  2.11157678e-05 -9.99998760e-01  2.11157678e-05  6.57085415e-15  2.11483247e-13 
 6.91830971e+00  1.24054402e-06  2.16076171e-05 -9.99998759e-01  2.16076171e-05  6.29924310e-15  2.16409412e-13 
 7.07945784e+00  1.24087539e-06  2.21109231e-05 -9.99998759e-01  2.21109231e-05  6.01482987e-15  2.21450328e-13 
 7.24435960e+00  1.24122238e-06  2.26259525e-05 -9.99998759e-01  2.26259525e-05  5.71702115e-15  2.26608669e-13 
 7.41310241e+00  1.24158571e-06  2.31529785e-05 -9.99998758e-01  2.31529785e-05  5.40514249e-15  2.31887170e-13 
 7.58577575e+00  1.24196618e-06  2.36922805e-05 -9.99998758e-01  2.36922805e-05  5.07857110e-15  2.37288631e-13 
 7.76247117e+00  1.24236457e-06  2.42441445e-05 -9.99998758e-01  2.42441445e-05  4.73664495e-15  2.42815916e-13 
 7.94328235e+00  1.24278174e-06  2.48088630e-05 -9.99998757e-01  2.48088630e-05  4.37862053e-15  2.48471958e-13 
 8.12830516e+00  1.24321856e-06  2.53867354e-05 -9.99998757e-01  2.53867354e-05  4.00367903e-15  2.54259754e-13 
 8.31763771e+00  1.24367598e-06  2.59780683e-05 -9.99998756e-01  2.59780683e-05  3.61107351e-15  2.60182376e-13 
 8.51138038e+00  1.24415495e-06  2.65831750e-05 -9.99998756e-01  2.65831750e-05  3.19994460e-15  2.66242965e-13 
 8.70963590e+00  1.24465650e-06  2.72023765e-05 -9.99998755e-01  2.72023765e-05  2.76951858e-15  2.72445507e-13 
 8.91250938e+00  1.24518168e-06  2.78360010e-05 -9.99998755e-01  2.78360010e-05  2.31874738e-15  2.78791764e-13 
 9.12010839e+00  1.24573162e-06  2.84843845e-05 -9.99998754e-01  2.84843845e-05  1.84670801e-15  2.85285858e-13 
 9.33254301e+00  1.24630747e-06  2.91478708e-05 -9.99998754e-01  2.91478708e-05  1.35245529e-15  2.91931233e-13 
 9.54992586e+00  1.24691046e-06  2.98268116e-05 -9.99998753e-01  2.98268116e-05  8.34917769e-16  2.98731414e-13 
 9.77237221e+00  1.24754187e-06  3.05215670e-05 -9.99998752e-01  3.05215670e-05  2.92977991e-16  3.05690009e-13 
 1.00000000e+01  1.24820303e-06  3.12325053e-05 -9.99998752e-01  3.12325053e-05 -2.74524020e-16  3.12810707e-13 
 1.02329299e+01  1.24889536e-06  3.19600035e-05 -9.99998751e-01  3.19600035e-05 -8.68734111e-16  3.20097286e-13 
 1.04712855e+01  1.24962031e-06  3.27044472e-05 -9.99998750e-01  3.27044472e-05 -1.49096360e-15  3.27553612e-13 
 1.07151931e+01  1.25037943e-06  3.34662312e-05 -9.99998750e-01  3.34662312e-05 -2.14257402e-15  3.35183639e-13 
 1.09647820e+01  1.25117433e-06  3.42457595e-05 -9.99998749e-01  3.42457595e-05 -2.82481021e-15  3.42991416e-13 
 1.12201845e+01  1.25200669e-06  3.50434452e-05 -9.99998748e-01  3.50434452e-05 -3.53920402e-15  3.50981084e-13 
 1.14815362e+01  1.25287828e-06  3.58597114e-05 -9.99998747e-01  3.58597114e-05 -4.28731104e-15  3.59156882e-13 
 1.17489755e+01  1.25379094e-06  3.66949908e-05 -9.99998746e-01  3.66949908e-05 -5.07065345e-15  3.67523147e-13 
 1.20226443e+01  1.25474661e-06  3.75497264e-05 -9.99998745e-01  3.75497264e-05 -5.89089644e-15  3.76084318e-13 
 1.23026877e+01  1.25574733e-06  3.84243713e-05 -9.99998744e-01  3.84243713e-05 -6.74975887e-15  3.84844937e-13 
 1.25892541e+01  1.25679521e-06  3.93193892e-05 -9.99998743e-01  3.93193892e-05 -7.64928077e-15  3.93809652e-13 
 1.28824955e+01  1.25789247e-06  4.02352547e-05 -9.99998742e-01  4.02352547e-05 -8.59104444e-15  4.02983220e-13 
 1.31825674e+01  1.25904144e-06  4.11724534e-05 -9.99998741e-01  4.11724534e-05 -9.57719249e-15  4.12370508e-13 
 1.34896288e+01  1.26024457e-06  4.21314823e-05 -9.99998740e-01  4.21314823e-05 -1.06098568e-14  4.21976497e-13 
 1.38038426e+01  1.26150439e-06  4.31128497e-05 -9.99998738e-01  4.31128497e-05 -1.16911838e-14  4.31806284e-13 
 1.41253754e+01  1.26282359e-06  4.41170760e-05 -9.99998737e-01  4.41170760e-05 -1.28234098e-14  4.41865086e-13 
 1.44543977e+01  1.26420496e-06  4.51446937e-05 -9.99998736e-01  4.51446937e-05 -1.40090858e-14  4.52158241e-13 
 1.47910839e+01  1.26565144e-06  4.61962477e-05 -9.99998734e-01  4.61962477e-05 -1.52505829e-14  4.62691211e-13 
 1.51356125e+01  1.26716608e-06  4.72722954e-05 -9.99998733e-01  4.72722954e-05 -1.65506064e-14  4.73469586e-13 
 1.54881662e+01  1.26875210e-06  4.83734073e-05 -9.99998731e-01  4.83734073e-05 -1.79119116e-14  4.84499087e-13 
 1.58489319e+01  1.27041288e-06  4.95001674e-05 -9.99998730e-01  4.95001674e-05 -1.93374404e-14  4.95785568e-13 
 1.62181010e+01  1.27215192e-06  5.06531730e-05 -9.99998728e-01  5.06531730e-05 -2.08300454e-14  5.07335020e-13 
 1.65958691e+01  1.27397292e-06  5.18330355e-05 -9.99998726e-01  5.18330355e-05 -2.23929941e-14  5.19153573e-13 
 1.69824365e+01  1.27587974e-06  5.30403804e-05 -9.99998724e-01  5.30403804e-05 -2.40296290e-14  5.31247502e-13 
 1.73780083e+01  1.27787643e-06  5.42758478e-05 -9.99998722e-01  5.42758478e-05 -2.57434237e-14  5.43623227e-13 
 1.77827941e+01  1.27996722e-06  5.55400928e-05 -9.99998720e-01  5.55400928e-05 -2.75379789e-14  5.56287318e-13 
 1.81970086e+01  1.28215654e-06  5.68337858e-05 -9.99998718e-01  5.68337858e-05 -2.94170495e-14  5.69246500e-13 
 1.86208714e+01  1.28444905e-06  5.81576126e-05 -9.99998716e-01  5.81576126e-05 -3.13847842e-14  5.82507653e-13 
 1.90546072e+01  1.28684959e-06  5.95122751e-05 -9.99998713e-01  5.95122751e-05 -3.34451762e-14  5.96077820e-13 
 1.94984460e+01  1.28936327e-06  6.08984916e-05 -9.99998711e-01  6.08984916e-05 -3.56026793e-14  6.09964207e-13 
 1.99526231e+01  1.29199542e-06  6.23169971e-05 -9.99998708e-01  6.23169971e-05 -3.78618733e-14  6.24174188e-13 
 2.04173794e+01  1.29475161e-06  6.37685436e-05 -9.99998705e-01  6.37685436e-05 -4.02275801e-14  6.38715312e-13 
 2.08929613e+01  1.29763770e-06  6.52539008e-05 -9.99998702e-01  6.52539008e-05 -4.27047208e-14  6.53595303e-13 
 2.13796209e+01  1.30065981e-06  6.67738562e-05 -9.99998699e-01  6.67738562e-05 -4.52986227e-14  6.68822064e-13 
 2.18776162e+01  1.30382434e-06  6.83292156e-05 -9.99998696e-01  6.83292156e-05 -4.80147499e-14  6.84403687e-13 
 2.23872114e+01  1.30713801e-06  6.99208038e-05 -9.99998693e-01  6.99208038e-05 -5.08588630e-14  7.00348449e-13 
 2.29086765e+01  1.31060786e-06  7.15494646e-05 -9.99998689e-01  7.15494646e-05 -5.38370631e-14  7.16664824e-13 
 2.34422882e+01  1.31424122e-06  7.32160614e-05 -9.99998686e-01  7.32160614e-05 -5.69556365e-14  7.33361482e-13 
 2.39883292e+01  1.31804583e-06  7.49214780e-05 -9.99998682e-01  7.49214780e-05 -6.02211696e-14  7.50447297e-13 
 2.45470892e+01  1.32202974e-06  7.66666185e-05 -9.99998678e-01  7.66666185e-05 -6.36405436e-14  7.67932441e-13 
 2.51188643e+01  1.32620140e-06  7.84524082e-05 -9.99998674e-01  7.84524082e-05 -6.72211130e-14  7.85824056e-13 
 2.57039578e+01  1.33056967e-06  8.02797940e-05 -9.99998669e-01  8.02797940e-05 -7.09704901e-14  8.04132718e-13 
 2.63026799e+01  1.33514381e-06  8.21497446e-05 -9.99998665e-01  8.21497446e-05 -7.48965338e-14  8.22868164e-13 
 2.69153480e+01  1.33993352e-06  8.40632515e-05 -9.99998660e-01  8.40632515e-05 -7.90075461e-14  8.42040356e-13 
 2.75422870e+01  1.34494896e-06  8.60213292e-05 -9.99998655e-01  8.60213292e-05 -8.33123259e-14  8.61659493e-13 
 2.81838293e+01  1.35020077e-06  8.80250160e-05 -9.99998650e-01  8.80250160e-05 -8.78199939e-14  8.81736011e-13 
 2.88403150e+01  1.35570009e-06  9.00753741e-05 -9.99998644e-01  9.00753741e-05 -9.25400881e-14  9.02280593e-13 
 2.95120923e+01  1.36145858e-06  9.21734906e-05 -9.99998639e-01  9.21734906e-05 -9.74826968e-14  9.23304172e-13 
 3.01995172e+01  1.36748846e-06  9.43204778e-05 -9.99998633e-01  9.43204778e-05 -1.02658166e-13  9.44817936e-13 
 3.09029543e+01  1.37380252e-06  9.65174742e-05 -9.99998626e-01  9.65174742e-05 -1.08077578e-13  9.66833338e-13 
 3.16227766e+01  1.38041415e-06  9.87656446e-05 -9.99998620e-01  9.87656446e-05 -1.13752423e-13  9.89362100e-13 
 3.23593657e+01  1.38733737e-06  1.01066181e-04 -9.99998613e-01  1.01066181e-04 -1.19694691e-13  1.01241622e-12 
 3.31131121e+01  1.39458688e-06  1.03420303e-04 -9.99998605e-01  1.03420303e-04 -1.25916992e-13  1.03600798e-12 
 3.38844156e+01  1.40217804e-06  1.05829258e-04 -9.99998598e-01  1.05829258e-04 -1.32432527e-13  1.06015144e-12 
 3.46736850e+01  1.41012695e-06  1.08294324e-04 -9.99998590e-01  1.08294324e-04 -1.39255151e-13  1.08485651e-12 
 3.54813389e+01  1.41845049e-06  1.10816808e-04 -9.99998582e-01  1.10816808e-04 -1.46399365e-13  1.11013782e-12 
 3.63078055e+01  1.42716630e-06  1.13398048e-04 -9.99998573e-01  1.13398048e-04 -1.53880191e-13  1.13600884e-12 
 3.71535229e+01  1.43629287e-06  1.16039410e-04 -9.99998564e-01  1.16039410e-04 -1.61713623e-13  1.16248338e-12 
 3.80189396e+01  1.44584956e-06  1.18742297e-04 -9.99998554e-01  1.18742297e-04 -1.69916206e-13  1.18957556e-12 
 3.89045145e+01  1.45585664e-06  1.21508141e-04 -9.99998544e-01  1.21508141e-04 -1.78505366e-13  1.21729983e-12 
 3.98107171e+01  1.46633533e-06  1.24338409e-04 -9.99998534e-01  1.24338409e-04 -1.87499338e-13  1.24567099e-12 
 4.07380278e+01  1.47730787e-06  1.27234600e-04 -9.99998523e-01  1.27234600e-04 -1.96917155e-13  1.27470418e-12 
 4.16869383e+01  1.48879752e-06  1.30198250e-04 -9.99998511e-01  1.30198250e-04 -2.06778831e-13  1.30441492e-12 
 4.26579519e+01  1.50082866e-06  1.33230932e-04 -9.99998499e-01  1.33230932e-04 -2.17105232e-13  1.33481907e-12 
 4.36515832e+01  1.51342680e-06  1.36334251e-04 -9.99998487e-01  1.36334251e-04 -2.27918352e-13  1.36593288e-12 
 4.46683592e+01  1.52661866e-06  1.39509854e-04 -9.99998473e-01  1.39509854e-04 -2.39241087e-13  1.39777300e-12 
 4.57088190e+01  1.54043223e-06  1.42759425e-04 -9.99998460e-01  1.42759425e-04 -2.51097411e-13  1.43035644e-12 
 4.67735141e+01  1.55489681e-06  1.46084685e-04 -9.99998445e-01  1.46084685e-04 -2.63512413e-13  1.46370480e-12 
 4.78630092e+01  1.57004308e-06  1.49487398e-04 -9.99998430e-01  1.49487398e-04 -2.76512636e-13  1.49782772e-12 
 4.89778819e+01  1.58590315e-06  1.52969368e-04 -9.99998414e-01  1.52969368e-04 -2.90125481e-13  1.53274752e-12 
 5.01187234e+01  1.60251068e-06  1.56532441e-04 -9.99998397e-01  1.56532441e-04 -3.04379870e-13  1.56848292e-12 
 5.12861384e+01  1.61990089e-06  1.60178505e-04 -9.99998380e-01  1.60178505e-04 -3.19306120e-13  1.60504852e-12 
 5.24807460e+01  1.63811066e-06  1.63909494e-04 -9.99998362e-01  1.63909494e-04 -3.34935705e-13  1.64247760e-12 
 5.37031796e+01  1.65717862e-06  1.67727385e-04 -9.99998343e-01  1.67727385e-04 -3.51301872e-13  1.68077657e-12 
 5.49540874e+01  1.67714521e-06  1.71634203e-04 -9.99998323e-01  1.71634203e-04 -3.68439464e-13  1.71997055e-12 
 5.62341325e+01  1.69805278e-06  1.75632018e-04 -9.99998302e-01  1.75632018e-04 -3.86384638e-13  1.76008060e-12 
 5.75439937e+01  1.71994567e-06  1.79722951e-04 -9.99998280e-01  1.79722951e-04 -4.05175508e-13  1.80113084e-12 
 5.88843655e+01  1.74287033e-06  1.83909168e-04 -9.99998257e-01  1.83909168e-04 -4.24851975e-13  1.84313829e-12 
 6.02559586e+01  1.76687537e-06  1.88192891e-04 -9.99998233e-01  1.88192891e-04 -4.45455749e-13  1.88612806e-12 
 6.16595002e+01  1.79201171e-06  1.92576389e-04 -9.99998208e-01  1.92576389e-04 -4.67030493e-13  1.93012604e-12 
 6.30957344e+01  1.81833267e-06  1.97061986e-04 -9.99998182e-01  1.97061986e-04 -4.89622043e-13  1.97515054e-12 
 6.45654229e+01  1.84589406e-06  2.01652060e-04 -9.99998154e-01  2.01652060e-04 -5.13278325e-13  2.02122853e-12 
 6.60693448e+01  1.87475436e-06  2.06349045e-04 -9.99998125e-01  2.06349045e-04 -5.38049394e-13  2.06838781e-12 
 6.76082975e+01  1.90497477e-06  2.11155429e-04 -9.99998095e-01  2.11155429e-04 -5.63987896e-13  2.11664806e-12 
 6.91830971e+01  1.93661938e-06  2.16073762e-04 -9.99998063e-01  2.16073762e-04 -5.91148822e-13  2.16603826e-12 
 7.07945784e+01  1.96975532e-06  2.21106649e-04 -9.99998030e-01  2.21106649e-04 -6.19589756e-13  2.21658513e-12 
 7.24435960e+01  2.00445286e-06  2.26256758e-04 -9.99997996e-01  2.26256758e-04 -6.49371081e-13  2.26831606e-12 
 7.41310241e+01  2.04078561e-06  2.31526821e-04 -9.99997959e-01  2.31526821e-04 -6.80555857e-13  2.32126241e-12 
 7.58577575e+01  2.07883060e-06  2.36919629e-04 -9.99997921e-01  2.36919629e-04 -7.13210339e-13  2.37544641e-12 
 7.76247117e+01  2.11866855e-06  2.42438041e-04 -9.99997881e-01  2.42438041e-04 -7.47403662e-13  2.43090763e-12 
 7.94328235e+01  2.16038394e-06  2.48084983e-04 -9.99997840e-01  2.48084983e-04 -7.83208459e-13  2.48766261e-12 
 8.12830516e+01  2.20406525e-06  2.53863447e-04 -9.99997796e-01  2.53863447e-04 -8.20700689e-13  2.54575263e-12 
 8.31763771e+01  2.24980512e-06  2.59776495e-04 -9.99997750e-01  2.59776495e-04 -8.59959766e-13  2.60520592e-12 
 8.51138038e+01  2.29770056e-06  2.65827263e-04 -9.99997702e-01  2.65827263e-04 -9.01068977e-13  2.66605120e-12 
 8.70963590e+01  2.34785315e-06  2.72018957e-04 -9.99997652e-01  2.72018957e-04 -9.44115581e-13  2.72832921e-12 
 8.91250938e+01  2.40036926e-06  2.78354859e-04 -9.99997600e-01  2.78354859e-04 -9.89190818e-13  2.79206643e-12 
 9.12010839e+01  2.45536027e-06  2.84838325e-04 -9.99997545e-01  2.84838325e-04 -1.03639037e-12  2.85730161e-12 
 9.33254301e+01  2.51294280e-06  2.91472793e-04 -9.99997487e-01  2.91472793e-04 -1.08581420e-12  2.92407886e-12 
 9.54992586e+01  2.57323899e-06  2.98261779e-04 -9.99997427e-01  2.98261779e-04 -1.13756722e-12  2.99242281e-12 
 9.77237221e+01  2.63637671e-06  3.05208879e-04 -9.99997364e-01  3.05208879e-04 -1.19175915e-12  3.06237518e-12 
 1.00000000e+02  2.70248985e-06  3.12317777e-04 -9.99997298e-01  3.12317777e-04 -1.24850505e-12  3.13397017e-12 
 1.02329299e+02  2.77171864e-06  3.19592238e-04 -9.99997228e-01  3.19592238e-04 -1.30792503e-12  3.20726073e-12 
 1.04712855e+02  2.84420990e-06  3.27036117e-04 -9.99997156e-01  3.27036117e-04 -1.37014531e-12  3.28226952e-12 
 1.07151931e+02  2.92011735e-06  3.34653360e-04 -9.99997080e-01  3.34653360e-04 -1.43529788e-12  3.35904709e-12 
 1.09647820e+02  2.99960199e-06  3.42448002e-04 -9.99997000e-01  3.42448002e-04 -1.50352085e-12  3.43763620e-12 
 1.12201845e+02  3.08283237e-06  3.50424174e-04 -9.99996917e-01  3.50424174e-04 -1.57495872e-12  3.51809064e-12 
 1.14815362e+02  3.16998500e-06  3.58586101e-04 -9.99996830e-01  3.58586101e-04 -1.64976316e-12  3.60044592e-12 
 1.17489755e+02  3.26124471e-06  3.66938108e-04 -9.99996739e-01  3.66938108e-04 -1.72809286e-12  3.68474300e-12 
 1.20226443e+02  3.35680503e-06  3.75484619e-04 -9.99996643e-01  3.75484619e-04 -1.81011395e-12  3.77102892e-12 
 1.23026877e+02  3.45686861e-06  3.84230164e-04 -9.99996543e-01  3.84230164e-04 -1.89600012e-12  3.85936831e-12 
 1.25892541e+02  3.56164765e-06  3.93179374e-04 -9.99996438e-01  3.93179374e-04 -1.98593384e-12  3.94980068e-12 
 1.28824955e+02  3.67136434e-06  4.02336991e-04 -9.99996329e-01  4.02336991e-04 -2.08010558e-12  4.04237730e-12 
 1.31825674e+02  3.78625133e-06  4.11707866e-04 -9.99996214e-01  4.11707866e-04 -2.17871527e-12  4.13713910e-12 
 1.34896288e+02  3.90655227e-06  4.21296962e-04 -9.99996093e-01  4.21296962e-04 -2.28197180e-12  4.23416325e-12 
 1.38038426e+02  4.03252224e-06  4.31109359e-04 -9.99995967e-01  4.31109359e-04 -2.39009423e-12  4.33349386e-12 
 1.41253754e+02  4.16442837e-06  4.41150254e-04 -9.99995836e-01  4.41150254e-04 -2.50331190e-12  4.43518168e-12 
 1.44543977e+02  4.30255036e-06  4.51424964e-04 -9.99995697e-01  4.51424964e-04 -2.62186496e-12  4.53928487e-12 
 1.47910839e+02  4.44718109e-06  4.61938932e-04 -9.99995553e-01  4.61938932e-04 -2.74600456e-12  4.64588289e-12 
 1.51356125e+02  4.59862722e-06  4.72697725e-04 -9.99995401e-01  4.72697725e-04 -2.87599398e-12  4.75503180e-12 
 1.54881662e+02  4.75720989e-06  4.83707041e-04 -9.99995243e-01  4.83707041e-04 -3.01210909e-12  4.86677507e-12 
 1.58489319e+02  4.92326533e-06  4.94972709e-04 -9.99995077e-01  4.94972709e-04 -3.15463823e-12  4.98120532e-12 
 1.62181010e+02  5.09714564e-06  5.06500693e-04 -9.99994903e-01  5.06500693e-04 -3.30388382e-12  5.09836917e-12 
 1.65958691e+02  5.27921949e-06  5.18297098e-04 -9.99994721e-01  5.18297098e-04 -3.46016216e-12  5.21835009e-12 
 1.69824365e+02  5.46987290e-06  5.30368169e-04 -9.99994530e-01  5.30368169e-04 -3.62380486e-12  5.34120469e-12 
 1.73780083e+02  5.66951010e-06  5.42720295e-04 -9.99994330e-01  5.42720295e-04 -3.79515878e-12  5.46700572e-12 
 1.77827941e+02  5.87855434e-06  5.55360015e-04 -9.99994121e-01  5.55360015e-04 -3.97458688e-12  5.59585963e-12 
 1.81970086e+02  6.09744881e-06  5.68294019e-04 -9.99993903e-01  5.68294019e-04 -4.16247014e-12  5.72780531e-12 
 1.86208714e+02  6.32665757e-06  5.81529152e-04 -9.99993673e-01  5.81529152e-04 -4.35920649e-12  5.86295467e-12 
 1.90546072e+02  6.56666654e-06  5.95072418e-04 -9.99993433e-01  5.95072418e-04 -4.56521329e-12  6.00136583e-12 
 1.94984460e+02  6.81798451e-06  6.08930984e-04 -9.99993182e-01  6.08930984e-04 -4.78092707e-12  6.14314040e-12 
 1.99526231e+02  7.08114424e-06  6.23112182e-04 -9.99992919e-01  6.23112182e-04 -5.00680572e-12  6.28832217e-12 
 2.04173794e+02  7.35670358e-06  6.37623515e-04 -9.99992643e-01  6.37623515e-04 -5.24332716e-12  6.43708039e-12 
 2.08929613e+02  7.64524665e-06  6.52472658e-04 -9.99992355e-01  6.52472658e-04 -5.49099346e-12  6.58945553e-12 
 2.13796209e+02  7.94738505e-06  6.67667468e-04 -9.99992053e-01  6.67667468e-04 -5.75032941e-12  6.74555236e-12 
 2.18776162e+02  8.26375920e-06  6.83215978e-04 -9.99991736e-01  6.83215978e-04 -6.02188490e-12  6.90546016e-12 
 2.23872114e+02  8.59503966e-06  6.99126413e-04 -9.99991405e-01  6.99126413e-04 -6.30623548e-12  7.06930028e-12 
 2.29086765e+02  8.94192858e-06  7.15407184e-04 -9.99991058e-01  7.15407184e-04 -6.60398367e-12  7.23717886e-12 
 2.34422882e+02  9.30516112e-06  7.32066899e-04 -9.99990695e-01  7.32066899e-04 -6.91576093e-12  7.40918476e-12 
 2.39883292e+02  9.68550711e-06  7.49114363e-04 -9.99990314e-01  7.49114363e-04 -7.24222813e-12  7.58542983e-12 
 2.45470892e+02  1.00837725e-05  7.66558588e-04 -9.99989916e-01  7.66558588e-04 -7.58407642e-12  7.76608413e-12 
 2.51188643e+02  1.05008014e-05  7.84408792e-04 -9.99989499e-01  7.84408792e-04 -7.94203131e-12  7.95119293e-12 
 2.57039578e+02  1.09374774e-05  8.02674406e-04 -9.99989063e-01  8.02674406e-04 -8.31685065e-12  8.14094682e-12 
 2.63026799e+02  1.13947258e-05  8.21365079e-04 -9.99988605e-01  8.21365079e-04 -8.70932953e-12  8.33540688e-12 
 2.69153480e+02  1.18735155e-05  8.40490683e-04 -9.99988126e-01  8.40490683e-04 -9.12029870e-12  8.53477565e-12 
 2.75422870e+02  1.23748608e-05  8.60061320e-04 -9.99987625e-01  8.60061320e-04 -9.55063018e-12  8.73912029e-12 
 2.81838293e+02  1.28998239e-05  8.80087322e-04 -9.99987100e-01  8.80087322e-04 -1.00012346e-11  8.94865630e-12 
 2.88403150e+02  1.34495169e-05  9.00579260e-04 -9.99986550e-01  9.00579260e-04 -1.04730674e-11  9.16349606e-12 
 2.95120923e+02  1.40251043e-05  9.21547950e-04 -9.99985975e-01  9.21547950e-04 -1.09671279e-11  9.38380635e-12 
 3.01995172e+02  1.46278053e-05  9.43004456e-04 -9.99985372e-01  9.43004456e-04 -1.14844633e-11  9.60972070e-12 
 3.09029543e+02  1.52588965e-05  9.64960098e-04 -9.99984741e-01  9.64960098e-04 -1.20261691e-11  9.84143105e-12 
 3.16227766e+02  1.59197145e-05  9.87426455e-04 -9.99984080e-01  9.87426455e-04 -1.25933929e-11  1.00791101e-11 
 3.23593657e+02  1.66116587e-05  1.01041537e-03 -9.99983388e-01  1.01041537e-03 -1.31873368e-11  1.03228942e-11 
 3.31131121e+02  1.73361945e-05  1.03393897e-03 -9.99982664e-01  1.03393897e-03 -1.38092582e-11  1.05730109e-11 
 3.38844156e+02  1.80948560e-05  1.05800965e-03 -9.99981905e-01  1.05800965e-03 -1.44604739e-11  1.08296840e-11 
 3.46736850e+02  1.88892496e-05  1.08264009e-03 -9.99981111e-01  1.08264009e-03 -1.51423640e-11  1.10930402e-11 
 3.54813389e+02  1.97210571e-05  1.10784326e-03 -9.99980279e-01  1.10784326e-03 -1.58563716e-11  1.13633491e-11 
 3.63078055e+02  2.05920394e-05  1.13363243e-03 -9.99979408e-01  1.13363243e-03 -1.66040095e-11  1.16407819e-11 
 3.71535229e+02  2.15040401e-05  1.16002118e-03 -9.99978496e-01  1.16002118e-03 -1.73868600e-11  1.19255968e-11 
 3.80189396e+02  2.24589896e-05  1.18702339e-03 -9.99977541e-01  1.18702339e-03 -1.82065808e-11  1.22180141e-11 
 3.89045145e+02  2.34589088e-05  1.21465326e-03 -9.99976541e-01  1.21465326e-03 -1.90649063e-11  1.25183315e-11 
 3.98107171e+02  2.45059137e-05  1.24292533e-03 -9.99975494e-01  1.24292533e-03 -1.99636548e-11  1.28267212e-11 
 4.07380278e+02  2.56022195e-05  1.27185445e-03 -9.99974398e-01  1.27185445e-03 -2.09047277e-11  1.31435029e-11 
 4.16869383e+02  2.67501458e-05  1.30145582e-03 -9.99973250e-01  1.30145582e-03 -2.18901166e-11  1.34689578e-11 
 4.26579519e+02  2.79521207e-05  1.33174499e-03 -9.99972048e-01  1.33174499e-03 -2.29219064e-11  1.38033796e-11 
 4.36515832e+02  2.92106867e-05  1.36273785e-03 -9.99970789e-01  1.36273785e-03 -2.40022813e-11  1.41470368e-11 
 4.46683592e+02  3.05285052e-05  1.39445067e-03 -9.99969471e-01  1.39445067e-03 -2.51335247e-11  1.45003470e-11 
 4.57088190e+02  3.19083630e-05  1.42690007e-03 -9.99968092e-01  1.42690007e-03 -2.63180325e-11  1.48635085e-11 
 4.67735141e+02  3.33531774e-05  1.46010306e-03 -9.99966647e-01  1.46010306e-03 -2.75583070e-11  1.52370130e-11 
 4.78630092e+02  3.48660026e-05  1.49407704e-03 -9.99965134e-01  1.49407704e-03 -2.88569724e-11  1.56211699e-11 
 4.89778819e+02  3.64500360e-05  1.52883979e-03 -9.99963550e-01  1.52883979e-03 -3.02167756e-11  1.60163223e-11 
 5.01187234e+02  3.81086251e-05  1.56440950e-03 -9.99961891e-01  1.56440950e-03 -3.16405906e-11  1.64229171e-11 
 5.12861384e+02  3.98452743e-05  1.60080477e-03 -9.99960155e-01  1.60080477e-03 -3.31314266e-11  1.68414025e-11 
 5.24807460e+02  4.16636522e-05  1.63804461e-03 -9.99958336e-01  1.63804461e-03 -3.46924358e-11  1.72721566e-11 
 5.37031796e+02  4.35675995e-05  1.67614848e-03 -9.99956432e-01  1.67614848e-03 -3.63269161e-11  1.77156929e-11 
 5.49540874e+02  4.55611366e-05  1.71513625e-03 -9.99954439e-01  1.71513625e-03 -3.80383187e-11  1.81725774e-11 
 5.62341325e+02  4.76484723e-05  1.75502825e-03 -9.99952352e-01  1.75502825e-03 -3.98302624e-11  1.86431837e-11 
 5.75439937e+02  4.98340127e-05  1.79584528e-03 -9.99950166e-01  1.79584528e-03 -4.17065279e-11  1.91282049e-11 
 5.88843655e+02  5.21223698e-05  1.83760857e-03 -9.99947878e-01  1.83760857e-03 -4.36710788e-11  1.96281418e-11 
 6.02559586e+02  5.45183716e-05  1.88033985e-03 -9.99945482e-01  1.88033985e-03 -4.57280640e-11  2.01435450e-11 
 6.16595002e+02  5.70270721e-05  1.92406132e-03 -9.99942973e-01  1.92406132e-03 -4.78818211e-11  2.06751842e-11 
 6.30957344e+02  5.96537614e-05  1.96879569e-03 -9.99940346e-01  1.96879569e-03 -5.01368970e-11  2.12236519e-11 
 6.45654229e+02  6.24039771e-05  2.01456614e-03 -9.99937596e-01  2.01456614e-03 -5.24980508e-11  2.17895983e-11 
 6.60693448e+02  6.52835155e-05  2.06139640e-03 -9.99934716e-01  2.06139640e-03 -5.49702589e-11  2.23738829e-11 
 6.76082975e+02  6.82984439e-05  2.10931070e-03 -9.99931702e-01  2.10931070e-03 -5.75587345e-11  2.29772675e-11 
 6.91830971e+02  7.14551125e-05  2.15833380e-03 -9.99928545e-01  2.15833380e-03 -6.02689339e-11  2.36005860e-11 
 7.07945784e+02  7.47601682e-05  2.20849103e-03 -9.99925240e-01  2.20849103e-03 -6.31065681e-11  2.42447193e-11 
 7.24435960e+02  7.82205680e-05  2.25980823e-03 -9.99921779e-01  2.25980823e-03 -6.60776159e-11  2.49105660e-11 
 7.41310241e+02  8.18435934e-05  2.31231185e-03 -9.99918156e-01  2.31231185e-03 -6.91883319e-11  2.55991739e-11 
 7.58577575e+02  8.56368651e-05  2.36602887e-03 -9.99914363e-01  2.36602887e-03 -7.24452659e-11  2.63115525e-11 
 7.76247117e+02  8.96083590e-05  2.42098689e-03 -9.99910392e-01  2.42098689e-03 -7.58552744e-11  2.70487345e-11 
 7.94328235e+02  9.37664224e-05  2.47721407e-03 -9.99906234e-01  2.47721407e-03 -7.94255236e-11  2.78120921e-11 
 8.12830516e+02  9.81197911e-05  2.53473921e-03 -9.99901880e-01  2.53473921e-03 -8.31635286e-11  2.86026536e-11 
 8.31763771e+02  1.02677607e-04  2.59359170e-03 -9.99897322e-01  2.59359170e-03 -8.70771430e-11  2.94218324e-11 
 8.51138038e+02  1.07449437e-04  2.65380156e-03 -9.99892551e-01  2.65380156e-03 -9.11745912e-11  3.02709794e-11 
 8.70963590e+02  1.12445294e-04  2.71539946e-03 -9.99887555e-01  2.71539946e-03 -9.54644769e-11  3.11516023e-11 
 8.91250938e+02  1.17675652e-04  2.77841670e-03 -9.99882324e-01  2.77841670e-03 -9.99558038e-11  3.20653014e-11 
 9.12010839e+02  1.23151475e-04  2.84288524e-03 -9.99876849e-01  2.84288524e-03 -1.04657999e-10  3.30136542e-11 
 9.33254301e+02  1.28884234e-04  2.90883771e-03 -9.99871116e-01  2.90883771e-03 -1.09580919e-10  3.39984975e-11 
 9.54992586e+02  1.34885929e-04  2.97630742e-03 -9.99865114e-01  2.97630742e-03 -1.14734884e-10  3.50216565e-11 
 9.77237221e+02  1.41169119e-04  3.04532836e-03 -9.99858831e-01  3.04532836e-03 -1.20130692e-10  3.60851114e-11 
 1.00000000e+03  1.47746943e-04  3.11593522e-03 -9.99852253e-01  3.11593522e-03 -1.25779635e-10  3.71910092e-11 
 1.02329299e+03  1.54633144e-04  3.18816339e-03 -9.99845367e-01  3.18816339e-03 -1.31693535e-10  3.83415872e-11 
 1.04712855e+03  1.61842105e-04  3.26204899e-03 -9.99838158e-01  3.26204899e-03 -1.37884757e-10  3.95391764e-11 
 1.07151931e+03  1.69388867e-04  3.33762884e-03 -9.99830611e-01  3.33762884e-03 -1.44366231e-10  4.07864429e-11 
 1.09647820e+03  1.77289168e-04  3.41494052e-03 -9.99822711e-01  3.41494052e-03 -1.51151504e-10  4.20858371e-11 
 1.12201845e+03  1.85559470e-04  3.49402234e-03 -9.99814441e-01  3.49402234e-03 -1.58254715e-10  4.34405540e-11 
 1.14815362e+03  1.94216989e-04  3.57491335e-03 -9.99805783e-01  3.57491335e-03 -1.65690684e-10  4.48534430e-11 
 1.17489755e+03  2.03279735e-04  3.65765336e-03 -9.99796720e-01  3.65765336e-03 -1.73474900e-10  4.63277380e-11 
 1.20226443e+03  2.12766543e-04  3.74228295e-03 -9.99787233e-01  3.74228295e-03 -1.81623557e-10  4.78670398e-11 
 1.23026877e+03  2.22697110e-04  3.82884347e-03 -9.99777303e-01  3.82884347e-03 -1.90153613e-10  4.94748046e-11 
 1.25892541e+03  2.33092037e-04  3.91737705e-03 -9.99766908e-01  3.91737705e-03 -1.99082774e-10  5.11552069e-11 
 1.28824955e+03  2.43972864e-04  4.00792657e-03 -9.99756027e-01  4.00792657e-03 -2.08429579e-10  5.29123006e-11 
 1.31825674e+03  2.55362114e-04  4.10053574e-03 -9.99744638e-01  4.10053574e-03 -2.18213412e-10  5.47504579e-11 
 1.34896288e+03  2.67283338e-04  4.19524902e-03 -9.99732717e-01  4.19524902e-03 -2.28454530e-10  5.66745132e-11 
 1.38038426e+03  2.79761155e-04  4.29211167e-03 -9.99720239e-01  4.29211167e-03 -2.39174122e-10  5.86894979e-11 
 1.41253754e+03  2.92821306e-04  4.39116976e-03 -9.99707179e-01  4.39116976e-03 -2.50394329e-10  6.08008974e-11 
 1.44543977e+03  3.06490695e-04  4.49247013e-03 -9.99693509e-01  4.49247013e-03 -2.62138323e-10  6.30142412e-11 
 1.47910839e+03  3.20797447e-04  4.59606041e-03 -9.99679203e-01  4.59606041e-03 -2.74430302e-10  6.53357437e-11 
 1.51356125e+03  3.35770953e-04  4.70198903e-03 -9.99664229e-01  4.70198903e-03 -2.87295573e-10  6.77718315e-11 
 1.54881662e+03  3.51441932e-04  4.81030520e-03 -9.99648558e-01  4.81030520e-03 -3.00760563e-10  7.03296956e-11 
 1.58489319e+03  3.67842483e-04  4.92105891e-03 -9.99632158e-01  4.92105891e-03 -3.14852918e-10  7.30165900e-11 
 1.62181010e+03  3.85006146e-04  5.03430091e-03 -9.99614994e-01  5.03430091e-03 -3.29601523e-10  7.58403164e-11 
 1.65958691e+03  4.02967960e-04  5.15008272e-03 -9.99597032e-01  5.15008272e-03 -3.45036536e-10  7.88094847e-11 
 1.69824365e+03  4.21764531e-04  5.26845662e-03 -9.99578235e-01  5.26845662e-03 -3.61189490e-10  8.19329826e-11 
 1.73780083e+03  4.41434094e-04  5.38947561e-03 -9.99558566e-01  5.38947561e-03 -3.78093312e-10  8.52204396e-11 
 1.77827941e+03  4.62016583e-04  5.51319342e-03 -9.99537983e-01  5.51319342e-03 -3.95782401e-10  8.86820494e-11 
 1.81970086e+03  4.83553699e-04  5.63966448e-03 -9.99516446e-01  5.63966448e-03 -4.14292664e-10  9.23289245e-11 
 1.86208714e+03  5.06088985e-04  5.76894391e-03 -9.99493911e-01  5.76894391e-03 -4.33661638e-10  9.61724324e-11 
 1.90546072e+03  5.29667898e-04  5.90108748e-03 -9.99470332e-01  5.90108748e-03 -4.53928477e-10  1.00225195e-10 
 1.94984460e+03  5.54337891e-04  6.03615160e-03 -9.99445662e-01  6.03615160e-03 -4.75134084e-10  1.04500338e-10 
 1.99526231e+03  5.80148490e-04  6.17419328e-03 -9.99419852e-01  6.17419328e-03 -4.97321135e-10  1.09012127e-10 
 2.04173794e+03  6.07151374e-04  6.31527008e-03 -9.99392849e-01  6.31527008e-03 -5.20534174e-10  1.13775691e-10 
 2.08929613e+03  6.35400468e-04  6.45944011e-03 -9.99364600e-01  6.45944011e-03 -5.44819713e-10  1.18806897e-10 
 2.13796209e+03  6.64952021e-04  6.60676195e-03 -9.99335048e-01  6.60676195e-03 -5.70226219e-10  1.24123322e-10 
 2.18776162e+03  6.95864702e-04  6.75729463e-03 -9.99304135e-01  6.75729463e-03 -5.96804332e-10  1.29742865e-10 
 2.23872114e+03  7.28199691e-04  6.91109756e-03 -9.99271800e-01  6.91109756e-03 -6.24606784e-10  1.35685492e-10 
 2.29086765e+03  7.62020771e-04  7.06823049e-03 -9.99237979e-01  7.06823049e-03 -6.53688622e-10  1.41971909e-10 
 2.34422882e+03  7.97394430e-04  7.22875343e-03 -9.99202606e-01  7.22875343e-03 -6.84107215e-10  1.48624407e-10 
 2.39883292e+03  8.34389954e-04  7.39272661e-03 -9.99165610e-01  7.39272661e-03 -7.15922378e-10  1.55666653e-10 
 2.45470892e+03  8.73079534e-04  7.56021035e-03 -9.99126920e-01  7.56021035e-03 -7.49196419e-10  1.63124109e-10 
 2.51188643e+03  9.13538365e-04  7.73126506e-03 -9.99086462e-01  7.73126506e-03 -7.83994271e-10  1.71023822e-10 
 2.57039578e+03  9.55844754e-04  7.90595109e-03 -9.99044155e-01  7.90595109e-03 -8.20383541e-10  1.79394859e-10 
 2.63026799e+03  1.00008022e-03  8.08432864e-03 -9.98999920e-01  8.08432864e-03 -8.58434719e-10  1.88267536e-10 
 2.69153480e+03  1.04632963e-03  8.26645771e-03 -9.98953670e-01  8.26645771e-03 -8.98221093e-10  1.97674988e-10 
 2.75422870e+03  1.09468125e-03  8.45239791e-03 -9.98905319e-01  8.45239791e-03 -9.39818985e-10  2.07652189e-10 
 2.81838293e+03  1.14522691e-03  8.64220841e-03 -9.98854773e-01  8.64220841e-03 -9.83307826e-10  2.18236302e-10 
 2.88403150e+03  1.19806212e-03  8.83594777e-03 -9.98801938e-01  8.83594777e-03 -1.02877019e-09  2.29467311e-10 
 2.95120923e+03  1.25328611e-03  9.03367384e-03 -9.98746714e-01  9.03367384e-03 -1.07629198e-09  2.41387581e-10 
 3.01995172e+03  1.31100204e-03  9.23544355e-03 -9.98688998e-01  9.23544355e-03 -1.12596249e-09  2.54042253e-10 
 3.09029543e+03  1.37131702e-03  9.44131281e-03 -9.98628683e-01  9.44131281e-03 -1.17787449e-09  2.67479560e-10 
 3.16227766e+03  1.43434228e-03  9.65133632e-03 -9.98565658e-01  9.65133632e-03 -1.23212440e-09  2.81750472e-10 
 3.23593657e+03  1.50019327e-03  9.86556738e-03 -9.98499807e-01  9.86556738e-03 -1.28881220e-09  2.96910390e-10 
 3.31131121e+03  1.56898973e-03  1.00840577e-02 -9.98431010e-01  1.00840577e-02 -1.34804181e-09  3.13017041e-10 
 3.38844156e+03  1.64085584e-03  1.03068572e-02 -9.98359144e-01  1.03068572e-02 -1.40992097e-09  3.30132607e-10 
 3.46736850e+03  1.71592029e-03  1.05340138e-02 -9.98284080e-01  1.05340138e-02 -1.47456146e-09  3.48322830e-10 
 3.54813389e+03  1.79431638e-03  1.07655731e-02 -9.98205684e-01  1.07655731e-02 -1.54207901e-09  3.67658589e-10 
 3.63078055e+03  1.87618212e-03  1.10015783e-02 -9.98123818e-01  1.10015783e-02 -1.61259368e-09  3.88214217e-10 
 3.71535229e+03  1.96166032e-03  1.12420697e-02 -9.98038340e-01  1.12420697e-02 -1.68622971e-09  4.10069248e-10 
 3.80189396e+03  2.05089864e-03  1.14870848e-02 -9.97949101e-01  1.14870848e-02 -1.76311556e-09  4.33309077e-10 
 3.89045145e+03  2.14404968e-03  1.17366574e-02 -9.97855950e-01  1.17366574e-02 -1.84338437e-09  4.58022673e-10 
 3.98107171e+03  2.24127105e-03  1.19908181e-02 -9.97758729e-01  1.19908181e-02 -1.92717349e-09  4.84306269e-10 
 4.07380278e+03  2.34272537e-03  1.22495931e-02 -9.97657275e-01  1.22495931e-02 -2.01462486e-09  5.12261777e-10 
 4.16869383e+03  2.44858038e-03  1.25130046e-02 -9.97551420e-01  1.25130046e-02 -2.10588510e-09  5.41996910e-10 
 4.26579519e+03  2.55900889e-03  1.27810700e-02 -9.97440991e-01  1.27810700e-02 -2.20110537e-09  5.73626388e-10 
 4.36515832e+03  2.67418882e-03  1.30538014e-02 -9.97325811e-01  1.30538014e-02 -2.30044157e-09  6.07271784e-10 
 4.46683592e+03  2.79430319e-03  1.33312060e-02 -9.97205697e-01  1.33312060e-02 -2.40405407e-09  6.43062834e-10 
 4.57088190e+03  2.91954010e-03  1.36132846e-02 -9.97080460e-01  1.36132846e-02 -2.51210817e-09  6.81135977e-10 
 4.67735141e+03  3.05009265e-03  1.39000320e-02 -9.96949907e-01  1.39000320e-02 -2.62477351e-09  7.21637412e-10 
 4.78630092e+03  3.18615889e-03  1.41914361e-02 -9.96813841e-01  1.41914361e-02 -2.74222468e-09  7.64720460e-10 
 4.89778819e+03  3.32794170e-03  1.44874777e-02 -9.96672058e-01  1.44874777e-02 -2.86464060e-09  8.10548720e-10 
 5.01187234e+03  3.47564867e-03  1.47881299e-02 -9.96524351e-01  1.47881299e-02 -2.99220482e-09  8.59294755e-10 
 5.12861384e+03  3.62949198e-03  1.50933576e-02 -9.96370508e-01  1.50933576e-02 -3.12510533e-09  9.11141139e-10 
 5.24807460e+03  3.78968815e-03  1.54031170e-02 -9.96210312e-01  1.54031170e-02 -3.26353423e-09  9.66281810e-10 
 5.37031796e+03  3.95645784e-03  1.57173551e-02 -9.96043542e-01  1.57173551e-02 -3.40768780e-09  1.02492152e-09 
 5.49540874e+03  4.13002560e-03  1.60360092e-02 -9.95869974e-01  1.60360092e-02 -3.55776658e-09  1.08727543e-09 
 5.62341325e+03  4.31061956e-03  1.63590063e-02 -9.95689380e-01  1.63590063e-02 -3.71397461e-09  1.15357202e-09 
 5.75439937e+03  4.49847109e-03  1.66862625e-02 -9.95501529e-01  1.66862625e-02 -3.87651955e-09  1.22405185e-09 
 5.88843655e+03  4.69381439e-03  1.70176828e-02 -9.95306186e-01  1.70176828e-02 -4.04561221e-09  1.29896928e-09 
 6.02559586e+03  4.89688607e-03  1.73531599e-02 -9.95103114e-01  1.73531599e-02 -4.22146683e-09  1.37859055e-09 
 6.16595002e+03  5.10792466e-03  1.76925743e-02 -9.94892075e-01  1.76925743e-02 -4.40429971e-09  1.46319817e-09 
 6.30957344e+03  5.32717004e-03  1.80357934e-02 -9.94672830e-01  1.80357934e-02 -4.59432970e-09  1.55308831e-09 
 6.45654229e+03  5.55486289e-03  1.83826711e-02 -9.94445137e-01  1.83826711e-02 -4.79177743e-09  1.64857255e-09 
 6.60693448e+03  5.79124401e-03  1.87330470e-02 -9.94208756e-01  1.87330470e-02 -4.99686493e-09  1.74997811e-09 
 6.76082975e+03  6.03655360e-03  1.90867464e-02 -9.93963446e-01  1.90867464e-02 -5.20981525e-09  1.85764807e-09 
 6.91830971e+03  6.29103047e-03  1.94435794e-02 -9.93708970e-01  1.94435794e-02 -5.43085149e-09  1.97194294e-09 
 7.07945784e+03  6.55491125e-03  1.98033405e-02 -9.93445089e-01  1.98033405e-02 -5.66019664e-09  2.09324004e-09 
 7.24435960e+03  6.82842946e-03  2.01658084e-02 -9.93171571e-01  2.01658084e-02 -5.89807299e-09  2.22193360e-09 
 7.41310241e+03  7.11181452e-03  2.05307454e-02 -9.92888185e-01  2.05307454e-02 -6.14470039e-09  2.35843835e-09 
 7.58577575e+03  7.40529079e-03  2.08978972e-02 -9.92594709e-01  2.08978972e-02 -6.40029740e-09  2.50318442e-09 
 7.76247117e+03  7.70907640e-03  2.12669925e-02 -9.92290924e-01  2.12669925e-02 -6.66507900e-09  2.65662195e-09 
 7.94328235e+03  8.02338215e-03  2.16377429e-02 -9.91976618e-01  2.16377429e-02 -6.93925632e-09  2.81921995e-09 
 8.12830516e+03  8.34841030e-03  2.20098429e-02 -9.91651590e-01  2.20098429e-02 -7.22303565e-09  2.99146680e-09 
 8.31763771e+03  8.68435329e-03  2.23829692e-02 -9.91315647e-01  2.23829692e-02 -7.51661730e-09  3.17387109e-09 
 8.51138038e+03  9.03139239e-03  2.27567816e-02 -9.90968608e-01  2.27567816e-02 -7.82019559e-09  3.36695920e-09 
 8.70963590e+03  9.38969640e-03  2.31309226e-02 -9.90610304e-01  2.31309226e-02 -8.13395702e-09  3.57127777e-09 
 8.91250938e+03  9.75942019e-03  2.35050176e-02 -9.90240580e-01  2.35050176e-02 -8.45807921e-09  3.78739379e-09 
 9.12010839e+03  1.01407033e-02  2.38786754e-02 -9.89859297e-01  2.38786754e-02 -8.79273050e-09  4.01589274e-09 
 9.33254301e+03  1.05336684e-02  2.42514885e-02 -9.89466332e-01  2.42514885e-02 -9.13806908e-09  4.25737838e-09 
 9.54992586e+03  1.09384199e-02  2.46230339e-02 -9.89061580e-01  2.46230339e-02 -9.49424060e-09  4.51247547e-09 
 9.77237221e+03  1.13550424e-02  2.49928735e-02 -9.88644958e-01  2.49928735e-02 -9.86137859e-09  4.78182602e-09 
 1.00000000e+04  1.17835992e-02  2.53605552e-02 -9.88216401e-01  2.53605552e-02 -1.02396026e-08  5.06609076e-09 
 1.02329299e+04  1.22241307e-02  2.57256135e-02 -9.87775869e-01  2.57256135e-02 -1.06290183e-08  5.36594574e-09 
 1.04712855e+04  1.26766534e-02  2.60875713e-02 -9.87323347e-01  2.60875713e-02 -1.10297154e-08  5.68208511e-09 
 1.07151931e+04  1.31411579e-02  2.64459403e-02 -9.86858842e-01  2.64459403e-02 -1.14417663e-08  6.01522001e-09 
 1.09647820e+04  1.36176080e-02  2.68002232e-02 -9.86382392e-01  2.68002232e-02 -1.18652268e-08  6.36607469e-09 
 1.12201845e+04  1.41059391e-02  2.71499145e-02 -9.85894061e-01  2.71499145e-02 -1.23001350e-08  6.73538685e-09 
 1.14815362e+04  1.46060573e-02  2.74945031e-02 -9.85393943e-01  2.74945031e-02 -1.27465088e-08  7.12390919e-09 
 1.17489755e+04  1.51178384e-02  2.78334733e-02 -9.84882162e-01  2.78334733e-02 -1.32043479e-08  7.53240314e-09 
 1.20226443e+04  1.56411263e-02  2.81663072e-02 -9.84358874e-01  2.81663072e-02 -1.36736315e-08  7.96164134e-09 
 1.23026877e+04  1.61757331e-02  2.84924869e-02 -9.83824267e-01  2.84924869e-02 -1.41543179e-08  8.41240627e-09 
 1.25892541e+04  1.67214378e-02  2.88114964e-02 -9.83278562e-01  2.88114964e-02 -1.46463450e-08  8.88548668e-09 
 1.28824955e+04  1.72779859e-02  2.91228243e-02 -9.82722014e-01  2.91228243e-02 -1.51496308e-08  9.38167556e-09 
 1.31825674e+04  1.78450895e-02  2.94259657e-02 -9.82154911e-01  2.94259657e-02 -1.56640715e-08  9.90177130e-09 
 1.34896288e+04  1.84224265e-02  2.97204255e-02 -9.81577573e-01  2.97204255e-02 -1.61895438e-08  1.04465735e-08 
 1.38038426e+04  1.90096415e-02  3.00057199e-02 -9.80990359e-01  3.00057199e-02 -1.67259028e-08  1.10168837e-08 
 1.41253754e+04  1.96063454e-02  3.02813800e-02 -9.80393655e-01  3.02813800e-02 -1.72729858e-08  1.16135004e-08 
 1.44543977e+04  2.02121166e-02  3.05469539e-02 -9.79787883e-01  3.05469539e-02 -1.78306104e-08  1.22372195e-08 
 1.47910839e+04  2.08265011e-02  3.08020091e-02 -9.79173499e-01  3.08020091e-02 -1.83985764e-08  1.28888327e-08 
 1.51356125e+04  2.14490141e-02  3.10461357e-02 -9.78550986e-01  3.10461357e-02 -1.89766668e-08  1.35691252e-08 
 1.54881662e+04  2.20791409e-02  3.12789481e-02 -9.77920859e-01  3.12789481e-02 -1.95646503e-08  1.42788726e-08 
 1.58489319e+04  2.27163388e-02  3.15000883e-02 -9.77283661e-01  3.15000883e-02 -2.01622803e-08  1.50188431e-08 
 1.62181010e+04  2.33600382e-02  3.17092276e-02 -9.76639962e-01  3.17092276e-02 -2.07692994e-08  1.57897917e-08 
 1.65958691e+04  2.40096450e-02  3.19060690e-02 -9.75990355e-01  3.19060690e-02 -2.13854406e-08  1.65924608e-08 
 1.69824365e+04  2.46645427e-02  3.20903493e-02 -9.75335457e-01  3.20903493e-02 -2.20104275e-08  1.74275803e-08 
 1.73780083e+04  2.53240945e-02  3.22618408e-02 -9.74675906e-01  3.22618408e-02 -2.26439784e-08  1.82958653e-08 
 1.77827941e+04  2.59876460e-02  3.24203533e-02 -9.74012354e-01  3.24203533e-02 -2.32858090e-08  1.91980141e-08 
 1.81970086e+04  2.66545279e-02  3.25657351e-02 -9.73345472e-01  3.25657351e-02 -2.39356347e-08  2.01347078e-08 
 1.86208714e+04  2.73240586e-02  3.26978748e-02 -9.72675941e-01  3.26978748e-02 -2.45931711e-08  2.11066133e-08 
 1.90546072e+04  2.79955474e-02  3.28167016e-02 -9.72004453e-01  3.28167016e-02 -2.52581412e-08  2.21143765e-08 
 1.94984460e+04  2.86682973e-02  3.29221868e-02 -9.71331703e-01  3.29221868e-02 -2.59302733e-08  2.31586292e-08 
 1.99526231e+04  2.93416080e-02  3.30143436e-02 -9.70658392e-01  3.30143436e-02 -2.66093086e-08  2.42399830e-08 
 2.04173794e+04  3.00147793e-02  3.30932276e-02 -9.69985221e-01  3.30932276e-02 -2.72949998e-08  2.53590351e-08 
 2.08929613e+04  3.06871138e-02  3.31589369e-02 -9.69312886e-01  3.31589369e-02 -2.79871183e-08  2.65163642e-08 
 2.13796209e+04  3.13579203e-02  3.32116112e-02 -9.68642080e-01  3.32116112e-02 -2.86854551e-08  2.77125337e-08 
 2.18776162e+04  3.20265167e-02  3.32514319e-02 -9.67973483e-01  3.32514319e-02 -2.93898230e-08  2.89480934e-08 
 2.23872114e+04  3.26922328e-02  3.32786206e-02 -9.67307767e-01  3.32786206e-02 -3.01000609e-08  3.02235795e-08 
 2.29086765e+04  3.33544135e-02  3.32934383e-02 -9.66645587e-01  3.32934383e-02 -3.08160386e-08  3.15395142e-08 
 2.34422882e+04  3.40124210e-02  3.32961841e-02 -9.65987579e-01  3.32961841e-02 -3.15376546e-08  3.28964127e-08 
 2.39883292e+04  3.46656381e-02  3.32871935e-02 -9.65334362e-01  3.32871935e-02 -3.22648435e-08  3.42947801e-08 
 2.45470892e+04  3.53134696e-02  3.32668365e-02 -9.64686530e-01  3.32668365e-02 -3.29975751e-08  3.57351171e-08 
 2.51188643e+04  3.59553456e-02  3.32355162e-02 -9.64044654e-01  3.32355162e-02 -3.37358639e-08  3.72179156e-08 
 2.57039578e+04  3.65907225e-02  3.31936660e-02 -9.63409277e-01  3.31936660e-02 -3.44797613e-08  3.87436710e-08 
 2.63026799e+04  3.72190857e-02  3.31417479e-02 -9.62780914e-01  3.31417479e-02 -3.52293654e-08  4.03128774e-08 
 2.69153480e+04  3.78399505e-02  3.30802498e-02 -9.62160049e-01  3.30802498e-02 -3.59848224e-08  4.19260313e-08 
 2.75422870e+04  3.84528639e-02  3.30096836e-02 -9.61547136e-01  3.30096836e-02 -3.67463244e-08  4.35836376e-08 
 2.81838293e+04  3.90574054e-02  3.29305818e-02 -9.60942595e-01  3.29305818e-02 -3.75141170e-08  4.52862080e-08 
 2.88403150e+04  3.96531881e-02  3.28434961e-02 -9.60346812e-01  3.28434961e-02 -3.82884997e-08  4.70342650e-08 
 2.95120923e+04  4.02398595e-02  3.27489939e-02 -9.59760141e-01  3.27489939e-02 -3.90698187e-08  4.88283520e-08 
 3.01995172e+04  4.08171015e-02  3.26476564e-02 -9.59182899e-01  3.26476564e-02 -3.98584856e-08  5.06690221e-08 
 3.09029543e+04  4.13846312e-02  3.25400756e-02 -9.58615369e-01  3.25400756e-02 -4.06549641e-08  5.25568533e-08 
 3.16227766e+04  4.19422006e-02  3.24268523e-02 -9.58057799e-01  3.24268523e-02 -4.14597760e-08  5.44924475e-08 
 3.23593657e+04  4.24895964e-02  3.23085934e-02 -9.57510404e-01  3.23085934e-02 -4.22735042e-08  5.64764321e-08 
 3.31131121e+04  4.30266399e-02  3.21859097e-02 -9.56973360e-01  3.21859097e-02 -4.30967948e-08  5.85094627e-08 
 3.38844156e+04  4.35531865e-02  3.20594137e-02 -9.56446814e-01  3.20594137e-02 -4.39303508e-08  6.05922306e-08 
 3.46736850e+04  4.40691246e-02  3.19297172e-02 -9.55930875e-01  3.19297172e-02 -4.47749416e-08  6.27254604e-08 
 3.54813389e+04  4.45743754e-02  3.17974299e-02 -9.55425625e-01  3.17974299e-02 -4.56314017e-08  6.49099140e-08 
 3.63078055e+04  4.50688915e-02  3.16631568e-02 -9.54931108e-01  3.16631568e-02 -4.65006249e-08  6.71463986e-08 
 3.71535229e+04  4.55526563e-02  3.15274970e-02 -9.54447344e-01  3.15274970e-02 -4.73835779e-08  6.94357600e-08 
 3.80189396e+04  4.60256825e-02  3.13910417e-02 -9.53974318e-01  3.13910417e-02 -4.82812849e-08  7.17788973e-08 
 3.89045145e+04  4.64880110e-02  3.12543732e-02 -9.53511989e-01  3.12543732e-02 -4.91948468e-08  7.41767525e-08 
 3.98107171e+04  4.69397097e-02  3.11180629e-02 -9.53060290e-01  3.11180629e-02 -5.01254259e-08  7.66303248e-08 
 4.07380278e+04  4.73808725e-02  3.09826707e-02 -9.52619128e-01  3.09826707e-02 -5.10742577e-08  7.91406657e-08 
 4.16869383e+04  4.78116172e-02  3.08487436e-02 -9.52188383e-01  3.08487436e-02 -5.20426427e-08  8.17088874e-08 
 4.26579519e+04  4.82320848e-02  3.07168149e-02 -9.51767915e-01  3.07168149e-02 -5.30319607e-08  8.43361575e-08 
 4.36515832e+04  4.86424379e-02  3.05874033e-02 -9.51357562e-01  3.05874033e-02 -5.40436551e-08  8.70237119e-08 
 4.46683592e+04  4.90428595e-02  3.04610121e-02 -9.50957141e-01  3.04610121e-02 -5.50792448e-08  8.97728508e-08 
 4.57088190e+04  4.94335511e-02  3.03381291e-02 -9.50566449e-01  3.03381291e-02 -5.61403254e-08  9.25849412e-08 
 4.67735141e+04  4.98147321e-02  3.02192255e-02 -9.50185268e-01  3.02192255e-02 -5.72285659e-08  9.54614230e-08 
 4.78630092e+04  5.01866381e-02  3.01047560e-02 -9.49813362e-01  3.01047560e-02 -5.83457138e-08  9.84038086e-08 
 4.89778819e+04  5.05495193e-02  2.99951585e-02 -9.49450481e-01  2.99951585e-02 -5.94935933e-08  1.01413689e-07 
 5.01187234e+04  5.09036402e-02  2.98908535e-02 -9.49096360e-01  2.98908535e-02 -6.06741103e-08  1.04492732e-07 
 5.12861384e+04  5.12492774e-02  2.97922447e-02 -9.48750723e-01  2.97922447e-02 -6.18892492e-08  1.07642691e-07 
 5.24807460e+04  5.15867191e-02  2.96997184e-02 -9.48413281e-01  2.96997184e-02 -6.31410810e-08  1.10865403e-07 
 5.37031796e+04  5.19162639e-02  2.96136437e-02 -9.48083736e-01  2.96136437e-02 -6.44317605e-08  1.14162794e-07 
 5.49540874e+04  5.22382194e-02  2.95343728e-02 -9.47761781e-01  2.95343728e-02 -6.57635289e-08  1.17536882e-07 
 5.62341325e+04  5.25529019e-02  2.94622408e-02 -9.47447098e-01  2.94622408e-02 -6.71387173e-08  1.20989781e-07 
 5.75439937e+04  5.28606349e-02  2.93975663e-02 -9.47139365e-01  2.93975663e-02 -6.85597476e-08  1.24523701e-07 
 5.88843655e+04  5.31617485e-02  2.93406512e-02 -9.46838252e-01  2.93406512e-02 -7.00291356e-08  1.28140957e-07 
 6.02559586e+04  5.34565785e-02  2.92917814e-02 -9.46543422e-01  2.92917814e-02 -7.15494945e-08  1.31843966e-07 
 6.16595002e+04  5.37454657e-02  2.92512265e-02 -9.46254534e-01  2.92512265e-02 -7.31235319e-08  1.35635260e-07 
 6.30957344e+04  5.40287554e-02  2.92192407e-02 -9.45971245e-01  2.92192407e-02 -7.47540606e-08  1.39517480e-07 
 6.45654229e+04  5.43067965e-02  2.91960628e-02 -9.45693204e-01  2.91960628e-02 -7.64439914e-08  1.43493388e-07 
 6.60693448e+04  5.45799407e-02  2.91819163e-02 -9.45420059e-01  2.91819163e-02 -7.81963456e-08  1.47565867e-07 
 6.76082975e+04  5.48485428e-02  2.91770101e-02 -9.45151457e-01  2.91770101e-02 -8.00142526e-08  1.51737928e-07 
 6.91830971e+04  5.51129591e-02  2.91815388e-02 -9.44887041e-01  2.91815388e-02 -8.19009505e-08  1.56012713e-07 
 7.07945784e+04  5.53735478e-02  2.91956825e-02 -9.44626452e-01  2.91956825e-02 -8.38597935e-08  1.60393500e-07 
 7.24435960e+04  5.56306681e-02  2.92196075e-02 -9.44369332e-01  2.92196075e-02 -8.58942492e-08  1.64883713e-07 
 7.41310241e+04  5.58846802e-02  2.92534667e-02 -9.44115320e-01  2.92534667e-02 -8.80079114e-08  1.69486919e-07 
 7.58577575e+04  5.61359445e-02  2.92973992e-02 -9.43864055e-01  2.92973992e-02 -9.02044898e-08  1.74206840e-07 
 7.76247117e+04  5.63848216e-02  2.93515315e-02 -9.43615178e-01  2.93515315e-02 -9.24878204e-08  1.79047359e-07 
 7.94328235e+04  5.66316716e-02  2.94159767e-02 -9.43368328e-01  2.94159767e-02 -9.48618698e-08  1.84012519e-07 
 8.12830516e+04  5.68768544e-02  2.94908353e-02 -9.43123146e-01  2.94908353e-02 -9.73307304e-08  1.89106541e-07 
 8.31763771e+04  5.71207288e-02  2.95761953e-02 -9.42879271e-01  2.95761953e-02 -9.98986284e-08  1.94333821e-07 
 8.51138038e+04  5.73636527e-02  2.96721322e-02 -9.42636347e-01  2.96721322e-02 -1.02569927e-07  1.99698938e-07 
 8.70963590e+04  5.76059824e-02  2.97787091e-02 -9.42394018e-01  2.97787091e-02 -1.05349128e-07  2.05206664e-07 
 8.91250938e+04  5.78480727e-02  2.98959769e-02 -9.42151927e-01  2.98959769e-02 -1.08240868e-07  2.10861970e-07 
 9.12010839e+04  5.80902762e-02  3.00239745e-02 -9.41909724e-01  3.00239745e-02 -1.11249927e-07  2.16670032e-07 
 9.33254301e+04  5.83329435e-02  3.01627283e-02 -9.41667056e-01  3.01627283e-02 -1.14381230e-07  2.22636241e-07 
 9.54992586e+04  5.85764225e-02  3.03122528e-02 -9.41423577e-01  3.03122528e-02 -1.17639848e-07  2.28766206e-07 
 9.77237221e+04  5.88210582e-02  3.04725505e-02 -9.41178942e-01  3.04725505e-02 -1.21030994e-07  2.35065765e-07 
 1.00000000e+05  5.90671923e-02  3.06436116e-02 -9.40932808e-01  3.06436116e-02 -1.24560033e-07  2.41540992e-07 
 1.02329299e+05  5.93151630e-02  3.08254141e-02 -9.40684837e-01  3.08254141e-02 -1.28232474e-07  2.48198205e-07 
 1.04712855e+05  5.95653042e-02  3.10179240e-02 -9.40434696e-01  3.10179240e-02 -1.32053986e-07  2.55043969e-07 
 1.07151931e+05  5.98179456e-02  3.12210949e-02 -9.40182054e-01  3.12210949e-02 -1.36030372e-07  2.62085114e-07 
 1.09647820e+05  6.00734117e-02  3.14348680e-02 -9.39926588e-01  3.14348680e-02 -1.40167599e-07  2.69328728e-07 
 1.12201845e+05  6.03320216e-02  3.16591725e-02 -9.39667978e-01  3.16591725e-02 -1.44471782e-07  2.76782175e-07 
 1.14815362e+05  6.05940882e-02  3.18939249e-02 -9.39405912e-01  3.18939249e-02 -1.48949180e-07  2.84453101e-07 
 1.17489755e+05  6.08599177e-02  3.21390294e-02 -9.39140082e-01  3.21390294e-02 -1.53606206e-07  2.92349435e-07 
 1.20226443e+05  6.11298090e-02  3.23943777e-02 -9.38870191e-01  3.23943777e-02 -1.58449426e-07  3.00479397e-07 
 1.23026877e+05  6.14040528e-02  3.26598491e-02 -9.38595947e-01  3.26598491e-02 -1.63485544e-07  3.08851511e-07 
 1.25892541e+05  6.16829310e-02  3.29353104e-02 -9.38317069e-01  3.29353104e-02 -1.68721419e-07  3.17474599e-07 
 1.28824955e+05  6.19667159e-02  3.32206163e-02 -9.38033284e-01  3.32206163e-02 -1.74164055e-07  3.26357792e-07 
 1.31825674e+05  6.22556689e-02  3.35156092e-02 -9.37744331e-01  3.35156092e-02 -1.79820599e-07  3.35510534e-07 
 1.34896288e+05  6.25500401e-02  3.38201193e-02 -9.37449960e-01  3.38201193e-02 -1.85698340e-07  3.44942585e-07 
 1.38038426e+05  6.28500672e-02  3.41339654e-02 -9.37149933e-01  3.41339654e-02 -1.91804712e-07  3.54664020e-07 
 1.41253754e+05  6.31559741e-02  3.44569546e-02 -9.36844026e-01  3.44569546e-02 -1.98147291e-07  3.64685233e-07 
 1.44543977e+05  6.34679704e-02  3.47888831e-02 -9.36532030e-01  3.47888831e-02 -2.04733789e-07  3.75016939e-07 
 1.47910839e+05  6.37862499e-02  3.51295363e-02 -9.36213750e-01  3.51295363e-02 -2.11572065e-07  3.85670166e-07 
 1.51356125e+05  6.41109895e-02  3.54786900e-02 -9.35889010e-01  3.54786900e-02 -2.18670108e-07  3.96656264e-07 
 1.54881662e+05  6.44423483e-02  3.58361103e-02 -9.35557652e-01  3.58361103e-02 -2.26036060e-07  4.07986889e-07 
 1.58489319e+05  6.47804662e-02  3.62015551e-02 -9.35219534e-01  3.62015551e-02 -2.33678203e-07  4.19674006e-07 
 1.62181010e+05  6.51254626e-02  3.65747747e-02 -9.34874537e-01  3.65747747e-02 -2.41604956e-07  4.31729885e-07 
 1.65958691e+05  6.54774358e-02  3.69555130e-02 -9.34522564e-01  3.69555130e-02 -2.49824901e-07  4.44167082e-07 
 1.69824365e+05  6.58364610e-02  3.73435083e-02 -9.34163539e-01  3.73435083e-02 -2.58346768e-07  4.56998443e-07 
 1.73780083e+05  6.62025901e-02  3.77384954e-02 -9.33797410e-01  3.77384954e-02 -2.67179450e-07  4.70237086e-07 
 1.77827941e+05  6.65758499e-02  3.81402062e-02 -9.33424150e-01  3.81402062e-02 -2.76332020e-07  4.83896385e-07 
 1.81970086e+05  6.69562416e-02  3.85483722e-02 -9.33043758e-01  3.85483722e-02 -2.85813722e-07  4.97989969e-07 
 1.86208714e+05  6.73437395e-02  3.89627254e-02 -9.32656260e-01  3.89627254e-02 -2.95634010e-07  5.12531693e-07 
 1.90546072e+05  6.77382907e-02  3.93830010e-02 -9.32261709e-01  3.93830010e-02 -3.05802549e-07  5.27535629e-07 
 1.94984460e+05  6.81398137e-02  3.98089390e-02 -9.31860186e-01  3.98089390e-02 -3.16329240e-07  5.43016048e-07 
 1.99526231e+05  6.85481986e-02  4.02402864e-02 -9.31451801e-01  4.02402864e-02 -3.27224241e-07  5.58987402e-07 
 2.04173794e+05  6.89633061e-02  4.06767999e-02 -9.31036694e-01  4.06767999e-02 -3.38497997e-07  5.75464302e-07 
 2.08929613e+05  6.93849679e-02  4.11182478e-02 -9.30615032e-01  4.11182478e-02 -3.50161275e-07  5.92461498e-07 
 2.13796209e+05  6.98129861e-02  4.15644131e-02 -9.30187014e-01  4.15644131e-02 -3.62225190e-07  6.09993863e-07 
 2.18776162e+05  7.02471337e-02  4.20150956e-02 -9.29752866e-01  4.20150956e-02 -3.74701250e-07  6.28076369e-07 
 2.23872114e+05  7.06871550e-02  4.24701150e-02 -9.29312845e-01  4.24701150e-02 -3.87601407e-07  6.46724070e-07 
 2.29086765e+05  7.11327663e-02  4.29293133e-02 -9.28867234e-01  4.29293133e-02 -4.00938101e-07  6.65952078e-07 
 2.34422882e+05  7.15836569e-02  4.33925579e-02 -9.28416343e-01  4.33925579e-02 -4.14724308e-07  6.85775553e-07 
 2.39883292e+05  7.20394899e-02  4.38597441e-02 -9.27960510e-01  4.38597441e-02 -4.28973614e-07  7.06209682e-07 
 2.45470892e+05  7.24999044e-02  4.43307977e-02 -9.27500096e-01  4.43307977e-02 -4.43700275e-07  7.27269664e-07 
 2.51188643e+05  7.29645167e-02  4.48056780e-02 -9.27035483e-01  4.48056780e-02 -4.58919285e-07  7.48970703e-07 
 2.57039578e+05  7.34329222e-02  4.52843801e-02 -9.26567078e-01  4.52843801e-02 -4.74646455e-07  7.71327996e-07 
 2.63026799e+05  7.39046985e-02  4.57669373e-02 -9.26095302e-01  4.57669373e-02 -4.90898501e-07  7.94356727e-07 
 2.69153480e+05  7.43794069e-02  4.62534236e-02 -9.25620593e-01  4.62534236e-02 -5.07693121e-07  8.18072072e-07 
 2.75422870e+05  7.48565962e-02  4.67439552e-02 -9.25143404e-01  4.67439552e-02 -5.25049088e-07  8.42489200e-07 
 2.81838293e+05  7.53358049e-02  4.72386931e-02 -9.24664195e-01  4.72386931e-02 -5.42986362e-07  8.67623276e-07 
 2.88403150e+05  7.58165653e-02  4.77378442e-02 -9.24183435e-01  4.77378442e-02 -5.61526169e-07  8.93489487e-07 
 2.95120923e+05  7.62984061e-02  4.82416624e-02 -9.23701594e-01  4.82416624e-02 -5.80691126e-07  9.20103053e-07 
 3.01995172e+05  7.67808567e-02  4.87504501e-02 -9.23219143e-01  4.87504501e-02 -6.00505336e-07  9.47479260e-07 
 3.09029543e+05  7.72634504e-02  4.92645589e-02 -9.22736550e-01  4.92645589e-02 -6.20994513e-07  9.75633484e-07 
 3.16227766e+05  7.77457287e-02  4.97843892e-02 -9.22254271e-01  4.97843892e-02 -6.42186092e-07  1.00458124e-06 
 3.23593657e+05  7.82272448e-02  5.03103910e-02 -9.21772755e-01  5.03103910e-02 -6.64109348e-07  1.03433823e-06 
 3.31131121e+05  7.87075675e-02  5.08430631e-02 -9.21292432e-01  5.08430631e-02 -6.86795516e-07  1.06492038e-06 
 3.38844156e+05  7.91862855e-02  5.13829526e-02 -9.20813715e-01  5.13829526e-02 -7.10277911e-07  1.09634392e-06 
 3.46736850e+05  7.96630105e-02  5.19306536e-02 -9.20336989e-01  5.19306536e-02 -7.34592061e-07  1.12862546e-06 
 3.54813389e+05  8.01373816e-02  5.24868056e-02 -9.19862618e-01  5.24868056e-02 -7.59775817e-07  1.16178202e-06 
 3.63078055e+05  8.06090682e-02  5.30520923e-02 -9.19390932e-01  5.30520923e-02 -7.85869490e-07  1.19583117e-06 
 3.71535229e+05  8.10777739e-02  5.36272390e-02 -9.18922226e-01  5.36272390e-02 -8.12915962e-07  1.23079109e-06 
 3.80189396e+05  8.15432391e-02  5.42130103e-02 -9.18456761e-01  5.42130103e-02 -8.40960820e-07  1.26668064e-06 
 3.89045145e+05  8.20052445e-02  5.48102077e-02 -9.17994755e-01  5.48102077e-02 -8.70052479e-07  1.30351952e-06 
 3.98107171e+05  8.24636133e-02  5.54196665e-02 -9.17536387e-01  5.54196665e-02 -9.00242289e-07  1.34132833e-06 
 4.07380278e+05  8.29182134e-02  5.60422526e-02 -9.17081787e-01  5.60422526e-02 -9.31584681e-07  1.38012870e-06 
 4.16869383e+05  8.33689600e-02  5.66788596e-02 -9.16631040e-01  5.66788596e-02 -9.64137259e-07  1.41994342e-06 
 4.26579519e+05  8.38158166e-02  5.73304053e-02 -9.16184183e-01  5.73304053e-02 -9.97960945e-07  1.46079652e-06 
 4.36515832e+05  8.42587968e-02  5.79978279e-02 -9.15741203e-01  5.79978279e-02 -1.03312008e-06  1.50271345e-06 
 4.46683592e+05  8.46979652e-02  5.86820832e-02 -9.15302035e-01  5.86820832e-02 -1.06968255e-06  1.54572118e-06 
 4.57088190e+05  8.51334380e-02  5.93841405e-02 -9.14866562e-01  5.93841405e-02 -1.10771988e-06  1.58984833e-06 
 4.67735141e+05  8.55653835e-02  6.01049795e-02 -9.14434617e-01  6.01049795e-02 -1.14730742e-06  1.63512533e-06 
 4.78630092e+05  8.59940218e-02  6.08455866e-02 -9.14005978e-01  6.08455866e-02 -1.18852436e-06  1.68158456e-06 
 4.89778819e+05  8.64196252e-02  6.16069520e-02 -9.13580375e-01  6.16069520e-02 -1.23145393e-06  1.72926045e-06 
 5.01187234e+05  8.68425171e-02  6.23900663e-02 -9.13157483e-01  6.23900663e-02 -1.27618351e-06  1.77818970e-06 
 5.12861384e+05  8.72630715e-02  6.31959174e-02 -9.12736928e-01  6.31959174e-02 -1.32280471e-06  1.82841137e-06 
 5.24807460e+05  8.76817120e-02  6.40254882e-02 -9.12318288e-01  6.40254882e-02 -1.37141352e-06  1.87996706e-06 
 5.37031796e+05  8.80989108e-02  6.48797533e-02 -9.11901089e-01  6.48797533e-02 -1.42211047e-06  1.93290108e-06 
 5.49540874e+05  8.85151869e-02  6.57596771e-02 -9.11484813e-01  6.57596771e-02 -1.47500071e-06  1.98726058e-06 
 5.62341325e+05  8.89311053e-02  6.66662117e-02 -9.11068895e-01  6.66662117e-02 -1.53019419e-06  2.04309574e-06 
 5.75439937e+05  8.93472749e-02  6.76002943e-02 -9.10652725e-01  6.76002943e-02 -1.58780575e-06  2.10045994e-06 
 5.88843655e+05  8.97643474e-02  6.85628464e-02 -9.10235653e-01  6.85628464e-02 -1.64795533e-06  2.15940992e-06 
 6.02559586e+05  9.01830153e-02  6.95547716e-02 -9.09816985e-01  6.95547716e-02 -1.71076809e-06  2.22000599e-06 
 6.16595002e+05  9.06040105e-02  7.05769547e-02 -9.09395989e-01  7.05769547e-02 -1.77637458e-06  2.28231218e-06 
 6.30957344e+05  9.10281025e-02  7.16302607e-02 -9.08971897e-01  7.16302607e-02 -1.84491087e-06  2.34639650e-06 
 6.45654229e+05  9.14560971e-02  7.27155337e-02 -9.08543903e-01  7.27155337e-02 -1.91651880e-06  2.41233106e-06 
 6.60693448e+05  9.18888347e-02  7.38335962e-02 -9.08111165e-01  7.38335962e-02 -1.99134610e-06  2.48019237e-06 
 6.76082975e+05  9.23271890e-02  7.49852492e-02 -9.07672811e-01  7.49852492e-02 -2.06954661e-06  2.55006153e-06 
 6.91830971e+05  9.27720658e-02  7.61712709e-02 -9.07227934e-01  7.61712709e-02 -2.15128046e-06  2.62202444e-06 
 7.07945784e+05  9.32244019e-02  7.73924176e-02 -9.06775598e-01  7.73924176e-02 -2.23671430e-06  2.69617213e-06 
 7.24435960e+05  9.36851636e-02  7.86494223e-02 -9.06314836e-01  7.86494223e-02 -2.32602149e-06  2.77260093e-06 
 7.41310241e+05  9.41553467e-02  7.99429959e-02 -9.05844653e-01  7.99429959e-02 -2.41938234e-06  2.85141284e-06 
 7.58577575e+05  9.46359750e-02  8.12738264e-02 -9.05364025e-01  8.12738264e-02 -2.51698434e-06  2.93271577e-06 
 7.76247117e+05  9.51281002e-02  8.26425792e-02 -9.04871900e-01  8.26425792e-02 -2.61902239e-06  3.01662388e-06 
 7.94328235e+05  9.56328013e-02  8.40498973e-02 -9.04367199e-01  8.40498973e-02 -2.72569903e-06  3.10325791e-06 
 8.12830516e+05  9.61511843e-02  8.54964012e-02 -9.03848816e-01  8.54964012e-02 -2.83722475e-06  3.19274554e-06 
 8.31763771e+05  9.66843825e-02  8.69826891e-02 -9.03315617e-01  8.69826891e-02 -2.95381816e-06  3.28522177e-06 
 8.51138038e+05  9.72335560e-02  8.85093368e-02 -9.02766444e-01  8.85093368e-02 -3.07570634e-06  3.38082933e-06 
 8.70963590e+05  9.77998922e-02  9.00768977e-02 -9.02200108e-01  9.00768977e-02 -3.20312503e-06  3.47971908e-06 
 8.91250938e+05  9.83846061e-02  9.16859025e-02 -9.01615394e-01  9.16859025e-02 -3.33631896e-06  3.58205050e-06 
 9.12010839e+05  9.89889409e-02  9.33368593e-02 -9.01011059e-01  9.33368593e-02 -3.47554210e-06  3.68799215e-06 
 9.33254301e+05  9.96141681e-02  9.50302528e-02 -9.00385832e-01  9.50302528e-02 -3.62105793e-06  3.79772216e-06 
 9.54992586e+05  1.00261589e-01  9.67665444e-02 -8.99738411e-01  9.67665444e-02 -3.77313971e-06  3.91142883e-06 
 9.77237221e+05  1.00932533e-01  9.85461711e-02 -8.99067467e-01  9.85461711e-02 -3.93207080e-06  4.02931113e-06 
 1.00000000e+06  1.01628363e-01  1.00369545e-01 -8.98371637e-01  1.00369545e-01 -4.09814486e-06  4.15157939e-06 
 1.02329299e+06  1.02350472e-01  1.02237052e-01 -8.97649528e-01  1.02237052e-01 -4.27166619e-06  4.27845585e-06 
 1.04712855e+06  1.03100285e-01  1.04149052e-01 -8.96899715e-01  1.04149052e-01 -4.45294992e-06  4.41017540e-06 
 1.07151931e+06  1.03879262e-01  1.06105876e-01 -8.96120738e-01  1.06105876e-01 -4.64232235e-06  4.54698627e-06 
 1.09647820e+06  1.04688897e-01  1.08107825e-01 -8.95311103e-01  1.08107825e-01 -4.84012112e-06  4.68915077e-06 
 1.12201845e+06  1.05530717e-01  1.10155169e-01 -8.94469283e-01  1.10155169e-01 -5.04669547e-06  4.83694613e-06 
 1.14815362e+06  1.06406289e-01  1.12248147e-01 -8.93593711e-01  1.12248147e-01 -5.26240650e-06  4.99066526e-06 
 1.17489755e+06  1.07317215e-01  1.14386959e-01 -8.92682785e-01  1.14386959e-01 -5.48762732e-06  5.15061770e-06 
 1.20226443e+06  1.08265136e-01  1.16571772e-01 -8.91734864e-01  1.16571772e-01 -5.72274323e-06  5.31713049e-06 
 1.23026877e+06  1.09251730e-01  1.18802711e-01 -8.90748270e-01  1.18802711e-01 -5.96815192e-06  5.49054913e-06 
 1.25892541e+06  1.10278717e-01  1.21079860e-01 -8.89721283e-01  1.21079860e-01 -6.22426362e-06  5.67123864e-06 
 1.28824955e+06  1.11347855e-01  1.23403256e-01 -8.88652145e-01  1.23403256e-01 -6.49150114e-06  5.85958453e-06 
 1.31825674e+06  1.12460944e-01  1.25772892e-01 -8.87539056e-01  1.25772892e-01 -6.77030000e-06  6.05599397e-06 
 1.34896288e+06  1.13619824e-01  1.28188705e-01 -8.86380176e-01  1.28188705e-01 -7.06110846e-06  6.26089693e-06 
 1.38038426e+06  1.14826376e-01  1.30650582e-01 -8.85173624e-01  1.30650582e-01 -7.36438752e-06  6.47474731e-06 
 1.41253754e+06  1.16082522e-01  1.33158350e-01 -8.83917478e-01  1.33158350e-01 -7.68061088e-06  6.69802425e-06 
 1.44543977e+06  1.17390226e-01  1.35711774e-01 -8.82609774e-01  1.35711774e-01 -8.01026481e-06  6.93123339e-06 
 1.47910839e+06  1.18751490e-01  1.38310554e-01 -8.81248510e-01  1.38310554e-01 -8.35384808e-06  7.17490817e-06 
 1.51356125e+06  1.20168358e-01  1.40954320e-01 -8.79831642e-01  1.40954320e-01 -8.71187169e-06  7.42961128e-06 
 1.54881662e+06  1.21642911e-01  1.43642629e-01 -8.78357089e-01  1.43642629e-01 -9.08485863e-06  7.69593599e-06 
 1.58489319e+06  1.23177269e-01  1.46374958e-01 -8.76822731e-01  1.46374958e-01 -9.47334356e-06  7.97450767e-06 
 1.62181010e+06  1.24773588e-01  1.49150701e-01 -8.75226412e-01  1.49150701e-01 -9.87787238e-06  8.26598530e-06 
 1.65958691e+06  1.26434056e-01  1.51969167e-01 -8.73565944e-01  1.51969167e-01 -1.02990018e-05  8.57106294e-06 
 1.69824365e+06  1.28160895e-01  1.54829570e-01 -8.71839105e-01  1.54829570e-01 -1.07372986e-05  8.89047137e-06 
 1.73780083e+06  1.29956356e-01  1.57731028e-01 -8.70043644e-01  1.57731028e-01 -1.11933392e-05  9.22497965e-06 
 1.77827941e+06  1.31822717e-01  1.60672555e-01 -8.68177283e-01  1.60672555e-01 -1.16677088e-05  9.57539678e-06 
 1.81970086e+06  1.33762279e-01  1.63653061e-01 -8.66237721e-01  1.63653061e-01 -1.21610005e-05  9.94257329e-06 
 1.86208714e+06  1.35777361e-01  1.66671341e-01 -8.64222639e-01  1.66671341e-01 -1.26738143e-05  1.03274030e-05 
 1.90546072e+06  1.37870300e-01  1.69726075e-01 -8.62129700e-01  1.69726075e-01 -1.32067562e-05  1.07308245e-05 
 1.94984460e+06  1.40043439e-01  1.72815819e-01 -8.59956561e-01  1.72815819e-01 -1.37604367e-05  1.11538230e-05 
 1.99526231e+06  1.42299132e-01  1.75939002e-01 -8.57700868e-01  1.75939002e-01 -1.43354698e-05  1.15974321e-05 
 2.04173794e+06  1.44639727e-01  1.79093923e-01 -8.55360273e-01  1.79093923e-01 -1.49324714e-05  1.20627350e-05 
 2.08929613e+06  1.47067568e-01  1.82278742e-01 -8.52932432e-01  1.82278742e-01 -1.55520577e-05  1.25508665e-05 
 2.13796209e+06  1.49584986e-01  1.85491482e-01 -8.50415014e-01  1.85491482e-01 -1.61948434e-05  1.30630146e-05 
 2.18776162e+06  1.52194289e-01  1.88730016e-01 -8.47805711e-01  1.88730016e-01 -1.68614401e-05  1.36004217e-05 
 2.23872114e+06  1.54897758e-01  1.91992072e-01 -8.45102242e-01  1.91992072e-01 -1.75524542e-05  1.41643863e-05 
 2.29086765e+06  1.57697637e-01  1.95275224e-01 -8.42302363e-01  1.95275224e-01 -1.82684847e-05  1.47562645e-05 
 2.34422882e+06  1.60596121e-01  1.98576889e-01 -8.39403879e-01  1.98576889e-01 -1.90101207e-05  1.53774711e-05 
 2.39883292e+06  1.63595352e-01  2.01894329e-01 -8.36404648e-01  2.01894329e-01 -1.97779397e-05  1.60294809e-05 
 2.45470892e+06  1.66697405e-01  2.05224641e-01 -8.33302595e-01  2.05224641e-01 -2.05725041e-05  1.67138298e-05 
 2.51188643e+06  1.69904279e-01  2.08564765e-01 -8.30095721e-01  2.08564765e-01 -2.13943592e-05  1.74321157e-05 
 2.57039578e+06  1.73217885e-01  2.11911475e-01 -8.26782115e-01  2.11911475e-01 -2.22440302e-05  1.81859993e-05 
 2.63026799e+06  1.76640033e-01  2.15261382e-01 -8.23359967e-01  2.15261382e-01 -2.31220191e-05  1.89772049e-05 
 2.69153480e+06  1.80172425e-01  2.18610936e-01 -8.19827575e-01  2.18610936e-01 -2.40288019e-05  1.98075205e-05 
 2.75422870e+06  1.83816638e-01  2.21956424e-01 -8.16183362e-01  2.21956424e-01 -2.49648251e-05  2.06787986e-05 
 2.81838293e+06  1.87574111e-01  2.25293977e-01 -8.12425889e-01  2.25293977e-01 -2.59305028e-05  2.15929555e-05 
 2.88403150e+06  1.91446135e-01  2.28619569e-01 -8.08553865e-01  2.28619569e-01 -2.69262133e-05  2.25519719e-05 
 2.95120923e+06  1.95433839e-01  2.31929024e-01 -8.04566161e-01  2.31929024e-01 -2.79522957e-05  2.35578918e-05 
 3.01995172e+06  1.99538174e-01  2.35218022e-01 -8.00461826e-01  2.35218022e-01 -2.90090463e-05  2.46128221e-05 
 3.09029543e+06  2.03759904e-01  2.38482103e-01 -7.96240096e-01  2.38482103e-01 -3.00967157e-05  2.57189316e-05 
 3.16227766e+06  2.08099589e-01  2.41716678e-01 -7.91900411e-01  2.41716678e-01 -3.12155050e-05  2.68784496e-05 
 3.23593657e+06  2.12557574e-01  2.44917038e-01 -7.87442426e-01  2.44917038e-01 -3.23655624e-05  2.80936646e-05 
 3.31131121e+06  2.17133976e-01  2.48078360e-01 -7.82866024e-01  2.48078360e-01 -3.35469806e-05  2.93669220e-05 
 3.38844156e+06  2.21828671e-01  2.51195726e-01 -7.78171329e-01  2.51195726e-01 -3.47597926e-05  3.07006224e-05 
 3.46736850e+06  2.26641283e-01  2.54264131e-01 -7.73358717e-01  2.54264131e-01 -3.60039698e-05  3.20972188e-05 
 3.54813389e+06  2.31571173e-01  2.57278499e-01 -7.68428827e-01  2.57278499e-01 -3.72794180e-05  3.35592139e-05 
 3.63078055e+06  2.36617429e-01  2.60233699e-01 -7.63382571e-01  2.60233699e-01 -3.85859760e-05  3.50891573e-05 
 3.71535229e+06  2.41778855e-01  2.63124560e-01 -7.58221145e-01  2.63124560e-01 -3.99234121e-05  3.66896418e-05 
 3.80189396e+06  2.47053966e-01  2.65945893e-01 -7.52946034e-01  2.65945893e-01 -4.12914226e-05  3.83632997e-05 
 3.89045145e+06  2.52440978e-01  2.68692505e-01 -7.47559022e-01  2.68692505e-01 -4.26896298e-05  4.01127994e-05 
 3.98107171e+06  2.57937806e-01  2.71359224e-01 -7.42062194e-01  2.71359224e-01 -4.41175809e-05  4.19408412e-05 
 4.07380278e+06  2.63542058e-01  2.73940917e-01 -7.36457942e-01  2.73940917e-01 -4.55747462e-05  4.38501527e-05 
 4.16869383e+06  2.69251034e-01  2.76432513e-01 -7.30748966e-01  2.76432513e-01 -4.70605191e-05  4.58434847e-05 
 4.26579519e+06  2.75061725e-01  2.78829025e-01 -7.24938275e-01  2.78829025e-01 -4.85742158e-05  4.79236065e-05 
 4.36515832e+06  2.80970814e-01  2.81125574e-01 -7.19029186e-01  2.81125574e-01 -5.01150752e-05  5.00933014e-05 
 4.46683592e+06  2.86974683e-01  2.83317409e-01 -7.13025317e-01  2.83317409e-01 -5.16822599e-05  5.23553620e-05 
 4.57088190e+06  2.93069415e-01  2.85399936e-01 -7.06930585e-01  2.85399936e-01 -5.32748575e-05  5.47125857e-05 
 4.67735141e+06  2.99250802e-01  2.87368736e-01 -7.00749198e-01  2.87368736e-01 -5.48918823e-05  5.71677698e-05 
 4.78630092e+06  3.05514359e-01  2.89219589e-01 -6.94485641e-01  2.89219589e-01 -5.65322772e-05  5.97237077e-05 
 4.89778819e+06  3.11855331e-01  2.90948497e-01 -6.88144669e-01  2.90948497e-01 -5.81949171e-05  6.23831841e-05 
 5.01187234e+06  3.18268709e-01  2.92551707e-01 -6.81731291e-01  2.92551707e-01 -5.98786116e-05  6.51489713e-05 
 5.12861384e+06  3.24749249e-01  2.94025728e-01 -6.75250751e-01  2.94025728e-01 -6.15821092e-05  6.80238256e-05 
 5.24807460e+06  3.31291487e-01  2.95367353e-01 -6.68708513e-01  2.95367353e-01 -6.33041012e-05  7.10104839e-05 
 5.37031796e+06  3.37889758e-01  2.96573674e-01 -6.62110242e-01  2.96573674e-01 -6.50432263e-05  7.41116609e-05 
 5.49540874e+06  3.44538224e-01  2.97642101e-01 -6.55461776e-01  2.97642101e-01 -6.67980760e-05  7.73300466e-05 
 5.62341325e+06  3.51230889e-01  2.98570377e-01 -6.48769111e-01  2.98570377e-01 -6.85671996e-05  8.06683046e-05 
 5.75439937e+06  3.57961632e-01  2.99356585e-01 -6.42038368e-01  2.99356585e-01 -7.03491101e-05  8.41290706e-05 
 5.88843655e+06  3.64724227e-01  2.99999163e-01 -6.35275773e-01  2.99999163e-01 -7.21422899e-05  8.77149520e-05 
 6.02559586e+06  3.71512373e-01  3.00496911e-01 -6.28487627e-01  3.00496911e-01 -7.39451973e-05  9.14285277e-05 
 6.16595002e+06  3.78319722e-01  3.00848993e-01 -6.21680278e-01  3.00848993e-01 -7.57562722e-05  9.52723487e-05 
 6.30957344e+06  3.85139905e-01  3.01054946e-01 -6.14860095e-01  3.01054946e-01 -7.75739425e-05  9.92489394e-05 
 6.45654229e+06  3.91966565e-01  3.01114672e-01 -6.08033435e-01  3.01114672e-01 -7.93966305e-05  1.03360800e-04 
 6.60693448e+06  3.98793379e-01  3.01028443e-01 -6.01206621e-01  3.01028443e-01 -8.12227589e-05  1.07610409e-04 
 6.76082975e+06  4.05614094e-01  3.00796894e-01 -5.94385906e-01  3.00796894e-01 -8.30507566e-05  1.12000226e-04 
 6.91830971e+06  4.12422547e-01  3.00421010e-01 -5.87577453e-01  3.00421010e-01 -8.48790643e-05  1.16532697e-04 
 7.07945784e+06  4.19212697e-01  2.99902127e-01 -5.80787303e-01  2.99902127e-01 -8.67061403e-05  1.21210260e-04 
 7.24435960e+06  4.25978651e-01  2.99241909e-01 -5.74021349e-01  2.99241909e-01 -8.85304648e-05  1.26035346e-04 
 7.41310241e+06  4.32714686e-01  2.98442339e-01 -5.67285314e-01  2.98442339e-01 -9.03505447e-05  1.31010392e-04 
 7.58577575e+06  4.39415271e-01  2.97505701e-01 -5.60584729e-01  2.97505701e-01 -9.21649175e-05  1.36137841e-04 
 7.76247117e+06  4.46075094e-01  2.96434564e-01 -5.53924906e-01  2.96434564e-01 -9.39721546e-05  1.41420154e-04 
 7.94328235e+06  4.52689076e-01  2.95231756e-01 -5.47310924e-01  2.95231756e-01 -9.57708637e-05  1.46859814e-04 
 8.12830516e+06  4.59252391e-01  2.93900348e-01 -5.40747609e-01  2.93900348e-01 -9.75596913e-05  1.52459339e-04 
 8.31763771e+06  4.65760481e-01  2.92443627e-01 -5.34239519e-01  2.92443627e-01 -9.93373234e-05  1.58221283e-04 
 8.51138038e+06  4.72209069e-01  2.90865074e-01 -5.27790931e-01  2.90865074e-01 -1.01102486e-04  1.64148252e-04 
 8.70963590e+06  4.78594169e-01  2.89168337e-01 -5.21405831e-01  2.89168337e-01 -1.02853946e-04  1.70242907e-04 
 8.91250938e+06  4.84912098e-01  2.87357209e-01 -5.15087902e-01  2.87357209e-01 -1.04590507e-04  1.76507978e-04 
 9.12010839e+06  4.91159476e-01  2.85435595e-01 -5.08840524e-01  2.85435595e-01 -1.06311011e-04  1.82946269e-04 
 9.33254301e+06  4.97333235e-01  2.83407495e-01 -5.02666765e-01  2.83407495e-01 -1.08014332e-04  1.89560669e-04 
 9.54992586e+06  5.03430619e-01  2.81276970e-01 -4.96569381e-01  2.81276970e-01 -1.09699375e-04  1.96354161e-04 
 9.77237221e+06  5.09449182e-01  2.79048118e-01 -4.90550818e-01  2.79048118e-01 -1.11365070e-04  2.03329828e-04 
 1.00000000e+07  5.15386786e-01  2.76725054e-01 -4.84613214e-01  2.76725054e-01 -1.13010367e-04  2.10490866e-04 
 1.02329299e+07  5.21241594e-01  2.74311877e-01 -4.78758406e-01  2.74311877e-01 -1.14634229e-04  2.17840589e-04 
 1.04712855e+07  5.27012066e-01  2.71812652e-01 -4.72987934e-01  2.71812652e-01 -1.16235627e-04  2.25382436e-04 
 1.07151931e+07  5.32696947e-01  2.69231385e-01 -4.67303053e-01  2.69231385e-01 -1.17813527e-04  2.33119981e-04 
 1.09647820e+07  5.38295258e-01  2.66572001e-01 -4.61704742e-01  2.66572001e-01 -1.19366889e-04  2.41056938e-04 
 1.12201845e+07  5.43806281e-01  2.63838326e-01 -4.56193719e-01  2.63838326e-01 -1.20894650e-04  2.49197166e-04 
 1.14815362e+07  5.49229549e-01  2.61034063e-01 -4.50770451e-01  2.61034063e-01 -1.22395720e-04  2.57544678e-04 
 1.17489755e+07  5.54564825e-01  2.58162780e-01 -4.45435175e-01  2.58162780e-01 -1.23868966e-04  2.66103643e-04 
 1.20226443e+07  5.59812092e-01  2.55227892e-01 -4.40187908e-01  2.55227892e-01 -1.25313205e-04  2.74878388e-04 
 1.23026877e+07  5.64971528e-01  2.52232644e-01 -4.35028472e-01  2.52232644e-01 -1.26727191e-04  2.83873408e-04 
 1.25892541e+07  5.70043495e-01  2.49180102e-01 -4.29956505e-01  2.49180102e-01 -1.28109598e-04  2.93093360e-04 
 1.28824955e+07  5.75028513e-01  2.46073140e-01 -4.24971487e-01  2.46073140e-01 -1.29459016e-04  3.02543068e-04 
 1.31825674e+07  5.79927244e-01  2.42914430e-01 -4.20072756e-01  2.42914430e-01 -1.30773929e-04  3.12227526e-04 
 1.34896288e+07  5.84740472e-01  2.39706438e-01 -4.15259528e-01  2.39706438e-01 -1.32052706e-04  3.22151890e-04 
 1.38038426e+07  5.89469079e-01  2.36451414e-01 -4.10530921e-01  2.36451414e-01 -1.33293587e-04  3.32321484e-04 
 1.41253754e+07  5.94114024e-01  2.33151389e-01 -4.05885976e-01  2.33151389e-01 -1.34494666e-04  3.42741789e-04 
 1.44543977e+07  5.98676329e-01  2.29808176e-01 -4.01323671e-01  2.29808176e-01 -1.35653881e-04  3.53418446e-04 
 1.47910839e+07  6.03157046e-01  2.26423364e-01 -3.96842954e-01  2.26423364e-01 -1.36768997e-04  3.64357243e-04 
 1.51356125e+07  6.07557248e-01  2.22998323e-01 -3.92442752e-01  2.22998323e-01 -1.37837591e-04  3.75564114e-04 
 1.54881662e+07  6.11877999e-01  2.19534206e-01 -3.88122001e-01  2.19534206e-01 -1.38857041e-04  3.87045128e-04 
 1.58489319e+07  6.16120340e-01  2.16031952e-01 -3.83879660e-01  2.16031952e-01 -1.39824509e-04  3.98806477e-04 
 1.62181010e+07  6.20285266e-01  2.12492294e-01 -3.79714734e-01  2.12492294e-01 -1.40736932e-04  4.10854469e-04 
 1.65958691e+07  6.24373708e-01  2.08915764e-01 -3.75626292e-01  2.08915764e-01 -1.41591002e-04  4.23195512e-04 
 1.69824365e+07  6.28386512e-01  2.05302704e-01 -3.71613488e-01  2.05302704e-01 -1.42383163e-04  4.35836102e-04 
 1.73780083e+07  6.32324425e-01  2.01653277e-01 -3.67675575e-01  2.01653277e-01 -1.43109591e-04  4.48782807e-04 
 1.77827941e+07  6.36188077e-01  1.97967476e-01 -3.63811923e-01  1.97967476e-01 -1.43766188e-04  4.62042245e-04 
 1.81970086e+07  6.39977961e-01  1.94245141e-01 -3.60022039e-01  1.94245141e-01 -1.44348573e-04  4.75621074e-04 
 1.86208714e+07  6.43694424e-01  1.90485971e-01 -3.56305576e-01  1.90485971e-01 -1.44852070e-04  4.89525964e-04 
 1.90546072e+07  6.47337649e-01  1.86689540e-01 -3.52662351e-01  1.86689540e-01 -1.45271704e-04  5.03763581e-04 
 1.94984460e+07  6.50907646e-01  1.82855316e-01 -3.49092354e-01  1.82855316e-01 -1.45602196e-04  5.18340559e-04 
 1.99526231e+07  6.54404236e-01  1.78982677e-01 -3.45595764e-01  1.78982677e-01 -1.45837957e-04  5.33263481e-04 
 2.04173794e+07  6.57827046e-01  1.75070929e-01 -3.42172954e-01  1.75070929e-01 -1.45973088e-04  5.48538849e-04 
 2.08929613e+07  6.61175499e-01  1.71119332e-01 -3.38824501e-01  1.71119332e-01 -1.46001380e-04  5.64173059e-04 
 2.13796209e+07  6.64448807e-01  1.67127114e-01 -3.35551193e-01  1.67127114e-01 -1.45916317e-04  5.80172375e-04 
 2.18776162e+07  6.67645966e-01  1.63093494e-01 -3.32354034e-01  1.63093494e-01 -1.45711080e-04  5.96542897e-04 
 2.23872114e+07  6.70765753e-01  1.59017710e-01 -3.29234247e-01  1.59017710e-01 -1.45378555e-04  6.13290535e-04 
 2.29086765e+07  6.73806728e-01  1.54899033e-01 -3.26193272e-01  1.54899033e-01 -1.44911346e-04  6.30420980e-04 
 2.34422882e+07  6.76767229e-01  1.50736795e-01 -3.23232771e-01  1.50736795e-01 -1.44301784e-04  6.47939669e-04 
 2.39883292e+07  6.79645377e-01  1.46530414e-01 -3.20354623e-01  1.46530414e-01 -1.43541949e-04  6.65851759e-04 
 2.45470892e+07  6.82439083e-01  1.42279412e-01 -3.17560917e-01  1.42279412e-01 -1.42623683e-04  6.84162100e-04 
 2.51188643e+07  6.85146053e-01  1.37983442e-01 -3.14853947e-01  1.37983442e-01 -1.41538621e-04  7.02875200e-04 
 2.57039578e+07  6.87763796e-01  1.33642308e-01 -3.12236204e-01  1.33642308e-01 -1.40278211e-04  7.21995198e-04 
 2.63026799e+07  6.90289635e-01  1.29255991e-01 -3.09710365e-01  1.29255991e-01 -1.38833745e-04  7.41525841e-04 
 2.69153480e+07  6.92720723e-01  1.24824666e-01 -3.07279277e-01  1.24824666e-01 -1.37196398e-04  7.61470456e-04 
 2.75422870e+07  6.95054054e-01  1.20348728e-01 -3.04945946e-01  1.20348728e-01 -1.35357257e-04  7.81831924e-04 
 2.81838293e+07  6.97286484e-01  1.15828807e-01 -3.02713516e-01  1.15828807e-01 -1.33307367e-04  8.02612664e-04 
 2.88403150e+07  6.99414750e-01  1.11265788e-01 -3.00585250e-01  1.11265788e-01 -1.31037770e-04  8.23814608e-04 
 2.95120923e+07  7.01435486e-01  1.06660829e-01 -2.98564514e-01  1.06660829e-01 -1.28539557e-04  8.45439193e-04 
 3.01995172e+07  7.03345253e-01  1.02015375e-01 -2.96654747e-01  1.02015375e-01 -1.25803913e-04  8.67487343e-04 
 3.09029543e+07  7.05140561e-01  9.73311722e-02 -2.94859439e-01  9.73311722e-02 -1.22822173e-04  8.89959462e-04 
 3.16227766e+07  7.06817894e-01  9.26102768e-02 -2.93182106e-01  9.26102768e-02 -1.19585873e-04  9.12855435e-04 
 3.23593657e+07  7.08373739e-01  8.78550668e-02 -2.91626261e-01  8.78550668e-02 -1.16086810e-04  9.36174622e-04 
 3.31131121e+07  7.09804615e-01  8.30682472e-02 -2.90195385e-01  8.30682472e-02 -1.12317102e-04  9.59915869e-04 
 3.38844156e+07  7.11107101e-01  7.82528536e-02 -2.88892899e-01  7.82528536e-02 -1.08269242e-04  9.84077517e-04 
 3.46736850e+07  7.12277871e-01  7.34122537e-02 -2.87722129e-01  7.34122537e-02 -1.03936167e-04  1.00865742e-03 
 3.54813389e+07  7.13313720e-01  6.85501456e-02 -2.86686280e-01  6.85501456e-02 -9.93113131e-05  1.03365296e-03 
 3.63078055e+07  7.14211597e-01  6.36705528e-02 -2.85788403e-01  6.36705528e-02 -9.43886778e-05  1.05906109e-03 
 3.71535229e+07  7.14968639e-01  5.87778167e-02 -2.85031361e-01  5.87778167e-02 -8.91628821e-05  1.08487836e-03 
 3.80189396e+07  7.15582195e-01  5.38765863e-02 -2.84417805e-01  5.38765863e-02 -8.36292272e-05  1.11110095e-03 
 3.89045145e+07  7.16049866e-01  4.89718037e-02 -2.83950134e-01  4.89718037e-02 -7.77837519e-05  1.13772472e-03 
 3.98107171e+07  7.16369523e-01  4.40686881e-02 -2.83630477e-01  4.40686881e-02 -7.16232863e-05  1.16474530e-03 
 4.07380278e+07  7.16539344e-01  3.91727158e-02 -2.83460656e-01  3.91727158e-02 -6.51455022e-05  1.19215807e-03 
 4.16869383e+07  7.16557833e-01  3.42895980e-02 -2.83442167e-01  3.42895980e-02 -5.83489597e-05  1.21995829e-03 
 4.26579519e+07  7.16423850e-01  2.94252557e-02 -2.83576150e-01  2.94252557e-02 -5.12331486e-05  1.24814115e-03 
 4.36515832e+07  7.16136629e-01  2.45857922e-02 -2.83863371e-01  2.45857922e-02 -4.37985254e-05  1.27670185e-03 
 4.46683592e+07  7.15695798e-01  1.97774631e-02 -2.84304202e-01  1.97774631e-02 -3.60465441e-05  1.30563564e-03 
 4.57088190e+07  7.15101398e-01  1.50066449e-02 -2.84898602e-01  1.50066449e-02 -2.79796799e-05  1.33493797e-03 
 4.67735141e+07  7.14353894e-01  1.02798010e-02 -2.85646106e-01  1.02798010e-02 -1.96014478e-05  1.36460452e-03 
 4.78630092e+07  7.13454186e-01  5.60344725e-03 -2.86545814e-01  5.60344725e-03 -1.09164124e-05  1.39463129e-03 
 4.89778819e+07  7.12403617e-01  9.84115466e-04 -2.87596383e-01  9.84115466e-04 -1.93019094e-06  1.42501474e-03 
 5.01187234e+07  7.11203978e-01 -3.57168312e-03 -2.88796022e-01 -3.57168312e-03  7.35055102e-06  1.45575182e-03 
 5.12861384e+07  7.09857505e-01 -8.05749516e-03 -2.90142495e-01 -8.05749516e-03  1.69181126e-05  1.48684010e-03 
 5.24807460e+07  7.08366878e-01 -1.24669624e-02 -2.91633122e-01 -1.24669624e-02  2.67637779e-05  1.51827785e-03 
 5.37031796e+07  7.06735213e-01 -1.67938586e-02 -2.93264787e-01 -1.67938586e-02  3.68778444e-05  1.55006411e-03 
 5.49540874e+07  7.04966056e-01 -2.10321254e-02 -2.95033944e-01 -2.10321254e-02  4.72496590e-05  1.58219881e-03 
 5.62341325e+07  7.03063360e-01 -2.51759081e-02 -2.96936640e-01 -2.51759081e-02  5.78676619e-05  1.61468285e-03 
 5.75439937e+07  7.01031479e-01 -2.92195882e-02 -2.98968521e-01 -2.92195882e-02  6.87194368e-05  1.64751813e-03 
 5.88843655e+07  6.98875139e-01 -3.31578161e-02 -3.01124861e-01 -3.31578161e-02  7.97917686e-05  1.68070769e-03 
 6.02559586e+07  6.96599420e-01 -3.69855408e-02 -3.03400580e-01 -3.69855408e-02  9.10707073e-05  1.71425576e-03 
 6.16595002e+07  6.94209729e-01 -4.06980365e-02 -3.05790271e-01 -4.06980365e-02  1.02541637e-04  1.74816780e-03 
 6.30957344e+07  6.91711772e-01 -4.42909282e-02 -3.08288228e-01 -4.42909282e-02  1.14189349e-04  1.78245059e-03 
 6.45654229e+07  6.89111524e-01 -4.77602133e-02 -3.10888476e-01 -4.77602133e-02  1.25998123e-04  1.81711224e-03 
 6.60693448e+07  6.86415196e-01 -5.11022803e-02 -3.13584804e-01 -5.11022803e-02  1.37951805e-04  1.85216230e-03 
 6.76082975e+07  6.83629205e-01 -5.43139246e-02 -3.16370795e-01 -5.43139246e-02  1.50033897e-04  1.88761172e-03 
 6.91830971e+07  6.80760138e-01 -5.73923610e-02 -3.19239862e-01 -5.73923610e-02  1.62227637e-04  1.92347294e-03 
 7.07945784e+07  6.77814713e-01 -6.03352329e-02 -3.22185287e-01 -6.03352329e-02  1.74516091e-04  1.95975986e-03 
 7.24435960e+07  6.74799753e-01 -6.31406176e-02 -3.25200247e-01 -6.31406176e-02  1.86882239e-04  1.99648792e-03 
 7.41310241e+07  6.71722143e-01 -6.58070294e-02 -3.28277857e-01 -6.58070294e-02  1.99309060e-04  2.03367401e-03 
 7.58577575e+07  6.68588796e-01 -6.83334185e-02 -3.31411204e-01 -6.83334185e-02  2.11779621e-04  2.07133656e-03 
 7.76247117e+07  6.65406624e-01 -7.07191671e-02 -3.34593376e-01 -7.07191671e-02  2.24277153e-04  2.10949547e-03 
 7.94328235e+07  6.62182499e-01 -7.29640825e-02 -3.37817501e-01 -7.29640825e-02  2.36785138e-04  2.14817212e-03 
 8.12830516e+07  6.58923224e-01 -7.50683874e-02 -3.41076776e-01 -7.50683874e-02  2.49287382e-04  2.18738934e-03 
 8.31763771e+07  6.55635502e-01 -7.70327077e-02 -3.44364498e-01 -7.70327077e-02  2.61768084e-04  2.22717139e-03 
 8.51138038e+07  6.52325908e-01 -7.88580573e-02 -3.47674092e-01 -7.88580573e-02  2.74211908e-04  2.26754389e-03 
 8.70963590e+07  6.49000861e-01 -8.05458217e-02 -3.50999139e-01 -8.05458217e-02  2.86604043e-04  2.30853385e-03 
 8.91250938e+07  6.45666601e-01 -8.20977387e-02 -3.54333399e-01 -8.20977387e-02  2.98930255e-04  2.35016954e-03 
 9.12010839e+07  6.42329166e-01 -8.35158783e-02 -3.57670834e-01 -8.35158783e-02  3.11176944e-04  2.39248053e-03 
 9.33254301e+07  6.38994371e-01 -8.48026203e-02 -3.61005629e-01 -8.48026203e-02  3.23331185e-04  2.43549757e-03 
 9.54992586e+07  6.35667792e-01 -8.59606319e-02 -3.64332208e-01 -8.59606319e-02  3.35380764e-04  2.47925258e-03 
 9.77237221e+07  6.32354751e-01 -8.69928431e-02 -3.67645249e-01 -8.69928431e-02  3.47314214e-04  2.52377858e-03 
 1.00000000e+08  6.29060300e-01 -8.79024232e-02 -3.70939700e-01 -8.79024232e-02  3.59120837e-04  2.56910965e-03 
