 frequency       loop_real       loop_imag      
 1.00000000e+00  1.09398818e+05 -2.76967089e+05 
 1.02329299e+00  1.05113949e+05 -2.72316284e+05 
 1.04712855e+00  1.00972766e+05 -2.67679509e+05 
 1.07151931e+00  9.69723321e+04 -2.63060849e+05 
 1.09647820e+00  9.31096206e+04 -2.58464154e+05 
 1.12201845e+00  8.93815266e+04 -2.53893039e+05 
 1.14815362e+00  8.57848825e+04 -2.49350889e+05 
 1.17489755e+00  8.23164713e+04 -2.44840864e+05 
 1.20226443e+00  7.89730391e+04 -2.40365907e+05 
 1.23026877e+00  7.57513066e+04 -2.35928743e+05 
 1.25892541e+00  7.26479803e+04 -2.31531895e+05 
 1.28824955e+00  6.96597625e+04 -2.27177682e+05 
 1.31825674e+00  6.67833605e+04 -2.22868231e+05 
 1.34896288e+00  6.40154950e+04 -2.18605483e+05 
 1.38038426e+00  6.13529082e+04 -2.14391200e+05 
 1.41253754e+00  5.87923707e+04 -2.10226973e+05 
 1.44543977e+00  5.63306874e+04 -2.06114229e+05 
 1.47910839e+00  5.39647039e+04 -2.02054239e+05 
 1.51356125e+00  5.16913111e+04 -1.98048126e+05 
 1.54881662e+00  4.95074498e+04 -1.94096871e+05 
 1.58489319e+00  4.74101147e+04 -1.90201319e+05 
 1.62181010e+00  4.53963575e+04 -1.86362192e+05 
 1.65958691e+00  4.34632900e+04 -1.82580090e+05 
 1.69824365e+00  4.16080868e+04 -1.78855500e+05 
 1.73780083e+00  3.98279867e+04 -1.75188802e+05 
 1.77827941e+00  3.81202949e+04 -1.71580279e+05 
 1.81970086e+00  3.64823840e+04 -1.68030119e+05 
 1.86208714e+00  3.49116948e+04 -1.64538420e+05 
 1.90546072e+00  3.34057375e+04 -1.61105203e+05 
 1.94984460e+00  3.19620912e+04 -1.57730409e+05 
 1.99526231e+00  3.05784049e+04 -1.54413910e+05 
 2.04173794e+00  2.92523967e+04 -1.51155513e+05 
 2.08929613e+00  2.79818539e+04 -1.47954964e+05 
 2.13796209e+00  2.67646321e+04 -1.44811950e+05 
 2.18776162e+00  2.55986548e+04 -1.41726112e+05 
 2.23872114e+00  2.44819128e+04 -1.38697039e+05 
 2.29086765e+00  2.34124627e+04 -1.35724278e+05 
 2.34422882e+00  2.23884263e+04 -1.32807338e+05 
 2.39883292e+00  2.14079892e+04 -1.29945691e+05 
 2.45470892e+00  2.04693996e+04 -1.27138776e+05 
 2.51188643e+00  1.95709674e+04 -1.24386002e+05 
 2.57039578e+00  1.87110621e+04 -1.21686754e+05 
 2.63026799e+00  1.78881121e+04 -1.19040393e+05 
 2.69153480e+00  1.71006028e+04 -1.16446256e+05 
 2.75422870e+00  1.63470755e+04 -1.13903667e+05 
 2.81838293e+00  1.56261254e+04 -1.11411929e+05 
 2.88403150e+00  1.49364007e+04 -1.08970334e+05 
 2.95120923e+00  1.42766007e+04 -1.06578163e+05 
 3.01995172e+00  1.36454744e+04 -1.04234684e+05 
 3.09029543e+00  1.30418190e+04 -1.01939160e+05 
 3.16227766e+00  1.24644783e+04 -9.96908454e+04 
 3.23593657e+00  1.19123416e+04 -9.74889916e+04 
 3.31131121e+00  1.13843415e+04 -9.53328455e+04 
 3.38844156e+00  1.08794534e+04 -9.32216519e+04 
 3.46736850e+00  1.03966932e+04 -9.11546551e+04 
 3.54813389e+00  9.93511649e+03 -8.91310993e+04 
 3.63078055e+00  9.49381682e+03 -8.71502302e+04 
 3.71535229e+00  9.07192460e+03 -8.52112954e+04 
 3.80189396e+00  8.66860569e+03 -8.33135460e+04 
 3.89045145e+00  8.28306008e+03 -8.14562367e+04 
 3.98107171e+00  7.91452069e+03 -7.96386270e+04 
 4.07380278e+00  7.56225215e+03 -7.78599814e+04 
 4.16869383e+00  7.22554958e+03 -7.61195708e+04 
 4.26579519e+00  6.90373747e+03 -7.44166720e+04 
 4.36515832e+00  6.59616855e+03 -7.27505690e+04 
 4.46683592e+00  6.30222271e+03 -7.11205533e+04 
 4.57088190e+00  6.02130591e+03 -6.95259239e+04 
 4.67735141e+00  5.75284924e+03 -6.79659882e+04 
 4.78630092e+00  5.49630783e+03 -6.64400617e+04 
 4.89778819e+00  5.25115999e+03 -6.49474690e+04 
 5.01187234e+00  5.01690624e+03 -6.34875435e+04 
 5.12861384e+00  4.79306841e+03 -6.20596276e+04 
 5.24807460e+00  4.57918880e+03 -6.06630733e+04 
 5.37031796e+00  4.37482936e+03 -5.92972419e+04 
 5.49540874e+00  4.17957086e+03 -5.79615045e+04 
 5.62341325e+00  3.99301214e+03 -5.66552418e+04 
 5.75439937e+00  3.81476936e+03 -5.53778443e+04 
 5.88843655e+00  3.64447528e+03 -5.41287123e+04 
 6.02559586e+00  3.48177858e+03 -5.29072561e+04 
 6.16595002e+00  3.32634319e+03 -5.17128958e+04 
 6.30957344e+00  3.17784766e+03 -5.05450614e+04 
 6.45654229e+00  3.03598452e+03 -4.94031930e+04 
 6.60693448e+00  2.90045974e+03 -4.82867402e+04 
 6.76082975e+00  2.77099212e+03 -4.71951627e+04 
 6.91830971e+00  2.64731275e+03 -4.61279300e+04 
 7.07945784e+00  2.52916451e+03 -4.50845212e+04 
 7.24435960e+00  2.41630157e+03 -4.40644252e+04 
 7.41310241e+00  2.30848886e+03 -4.30671402e+04 
 7.58577575e+00  2.20550168e+03 -4.20921742e+04 
 7.76247117e+00  2.10712518e+03 -4.11390446e+04 
 7.94328235e+00  2.01315400e+03 -4.02072778e+04 
 8.12830516e+00  1.92339183e+03 -3.92964098e+04 
 8.31763771e+00  1.83765102e+03 -3.84059855e+04 
 8.51138038e+00  1.75575220e+03 -3.75355588e+04 
 8.70963590e+00  1.67752396e+03 -3.66846924e+04 
 8.91250938e+00  1.60280245e+03 -3.58529580e+04 
 9.12010839e+00  1.53143107e+03 -3.50399357e+04 
 9.33254301e+00  1.46326017e+03 -3.42452143e+04 
 9.54992586e+00  1.39814675e+03 -3.34683908e+04 
 9.77237221e+00  1.33595413e+03 -3.27090707e+04 
 1.00000000e+01  1.27655172e+03 -3.19668674e+04 
 1.02329299e+01  1.21981471e+03 -3.12414024e+04 
 1.04712855e+01  1.16562387e+03 -3.05323052e+04 
 1.07151931e+01  1.11386524e+03 -2.98392128e+04 
 1.09647820e+01  1.06442996e+03 -2.91617700e+04 
 1.12201845e+01  1.01721399e+03 -2.84996291e+04 
 1.14815362e+01  9.72117953e+02 -2.78524495e+04 
 1.17489755e+01  9.29046880e+02 -2.72198982e+04 
 1.20226443e+01  8.87910047e+02 -2.66016490e+04 
 1.23026877e+01  8.48620775e+02 -2.59973829e+04 
 1.25892541e+01  8.11096252e+02 -2.54067874e+04 
 1.28824955e+01  7.75257365e+02 -2.48295570e+04 
 1.31825674e+01  7.41028532e+02 -2.42653928e+04 
 1.34896288e+01  7.08337550e+02 -2.37140022e+04 
 1.38038426e+01  6.77115440e+02 -2.31750989e+04 
 1.41253754e+01  6.47296310e+02 -2.26484030e+04 
 1.44543977e+01  6.18817212e+02 -2.21336406e+04 
 1.47910839e+01  5.91618016e+02 -2.16305437e+04 
 1.51356125e+01  5.65641280e+02 -2.11388502e+04 
 1.54881662e+01  5.40832134e+02 -2.06583039e+04 
 1.58489319e+01  5.17138166e+02 -2.01886540e+04 
 1.62181010e+01  4.94509308e+02 -1.97296552e+04 
 1.65958691e+01  4.72897736e+02 -1.92810677e+04 
 1.69824365e+01  4.52257769e+02 -1.88426571e+04 
 1.73780083e+01  4.32545771e+02 -1.84141938e+04 
 1.77827941e+01  4.13720065e+02 -1.79954538e+04 
 1.81970086e+01  3.95740838e+02 -1.75862175e+04 
 1.86208714e+01  3.78570064e+02 -1.71862705e+04 
 1.90546072e+01  3.62171424e+02 -1.67954031e+04 
 1.94984460e+01  3.46510224e+02 -1.64134104e+04 
 1.99526231e+01  3.31553329e+02 -1.60400916e+04 
 2.04173794e+01  3.17269090e+02 -1.56752509e+04 
 2.08929613e+01  3.03627278e+02 -1.53186965e+04 
 2.13796209e+01  2.90599019e+02 -1.49702411e+04 
 2.18776162e+01  2.78156738e+02 -1.46297015e+04 
 2.23872114e+01  2.66274095e+02 -1.42968985e+04 
 2.29086765e+01  2.54925933e+02 -1.39716571e+04 
 2.34422882e+01  2.44088226e+02 -1.36538059e+04 
 2.39883292e+01  2.33738026e+02 -1.33431778e+04 
 2.45470892e+01  2.23853415e+02 -1.30396091e+04 
 2.51188643e+01  2.14413460e+02 -1.27429398e+04 
 2.57039578e+01  2.05398167e+02 -1.24530137e+04 
 2.63026799e+01  1.96788442e+02 -1.21696778e+04 
 2.69153480e+01  1.88566048e+02 -1.18927828e+04 
 2.75422870e+01  1.80713566e+02 -1.16221827e+04 
 2.81838293e+01  1.73214363e+02 -1.13577347e+04 
 2.88403150e+01  1.66052549e+02 -1.10992992e+04 
 2.95120923e+01  1.59212952e+02 -1.08467399e+04 
 3.01995172e+01  1.52681081e+02 -1.05999234e+04 
 3.09029543e+01  1.46443093e+02 -1.03587195e+04 
 3.16227766e+01  1.40485771e+02 -1.01230007e+04 
 3.23593657e+01  1.34796492e+02 -9.89264259e+03 
 3.31131121e+01  1.29363197e+02 -9.66752343e+03 
 3.38844156e+01  1.24174373e+02 -9.44752427e+03 
 3.46736850e+01  1.19219023e+02 -9.23252888e+03 
 3.54813389e+01  1.14486643e+02 -9.02242361e+03 
 3.63078055e+01  1.09967204e+02 -8.81709741e+03 
 3.71535229e+01  1.05651126e+02 -8.61644172e+03 
 3.80189396e+01  1.01529261e+02 -8.42035046e+03 
 3.89045145e+01  9.75928714e+01 -8.22871992e+03 
 3.98107171e+01  9.38336125e+01 -8.04144876e+03 
 4.07380278e+01  9.02435157e+01 -7.85843793e+03 
 4.16869383e+01  8.68149700e+01 -7.67959061e+03 
 4.26579519e+01  8.35407073e+01 -7.50481219e+03 
 4.36515832e+01  8.04137859e+01 -7.33401018e+03 
 4.46683592e+01  7.74275767e+01 -7.16709422e+03 
 4.57088190e+01  7.45757484e+01 -7.00397598e+03 
 4.67735141e+01  7.18522548e+01 -6.84456911e+03 
 4.78630092e+01  6.92513214e+01 -6.68878925e+03 
 4.89778819e+01  6.67674338e+01 -6.53655395e+03 
 5.01187234e+01  6.43953253e+01 -6.38778261e+03 
 5.12861384e+01  6.21299662e+01 -6.24239648e+03 
 5.24807460e+01  5.99665533e+01 -6.10031857e+03 
 5.37031796e+01  5.79004991e+01 -5.96147367e+03 
 5.49540874e+01  5.59274228e+01 -5.82578825e+03 
 5.62341325e+01  5.40431406e+01 -5.69319047e+03 
 5.75439937e+01  5.22436569e+01 -5.56361010e+03 
 5.88843655e+01  5.05251557e+01 -5.43697852e+03 
 6.02559586e+01  4.88839930e+01 -5.31322866e+03 
 6.16595002e+01  4.73166885e+01 -5.19229497e+03 
 6.30957344e+01  4.58199187e+01 -5.07411341e+03 
 6.45654229e+01  4.43905093e+01 -4.95862136e+03 
 6.60693448e+01  4.30254293e+01 -4.84575765e+03 
 6.76082975e+01  4.17217836e+01 -4.73546249e+03 
 6.91830971e+01  4.04768076e+01 -4.62767745e+03 
 7.07945784e+01  3.92878612e+01 -4.52234543e+03 
 7.24435960e+01  3.81524228e+01 -4.41941062e+03 
 7.41310241e+01  3.70680846e+01 -4.31881848e+03 
 7.58577575e+01  3.60325468e+01 -4.22051571e+03 
 7.76247117e+01  3.50436134e+01 -4.12445024e+03 
 7.94328235e+01  3.40991869e+01 -4.03057114e+03 
 8.12830516e+01  3.31972646e+01 -3.93882869e+03 
 8.31763771e+01  3.23359334e+01 -3.84917426e+03 
 8.51138038e+01  3.15133668e+01 -3.76156035e+03 
 8.70963590e+01  3.07278200e+01 -3.67594052e+03 
 8.91250938e+01  2.99776272e+01 -3.59226941e+03 
 9.12010839e+01  2.92611973e+01 -3.51050266e+03 
 9.33254301e+01  2.85770107e+01 -3.43059695e+03 
 9.54992586e+01  2.79236163e+01 -3.35250992e+03 
 9.77237221e+01  2.72996285e+01 -3.27620020e+03 
 1.00000000e+02  2.67037237e+01 -3.20162734e+03 
 1.02329299e+02  2.61346381e+01 -3.12875180e+03 
 1.04712855e+02  2.55911647e+01 -3.05753498e+03 
 1.07151931e+02  2.50721508e+01 -2.98793912e+03 
 1.09647820e+02  2.45764956e+01 -2.91992733e+03 
 1.12201845e+02  2.41031478e+01 -2.85346356e+03 
 1.14815362e+02  2.36511035e+01 -2.78851259e+03 
 1.17489755e+02  2.32194039e+01 -2.72503998e+03 
 1.20226443e+02  2.28071334e+01 -2.66301210e+03 
 1.23026877e+02  2.24134175e+01 -2.60239606e+03 
 1.25892541e+02  2.20374212e+01 -2.54315973e+03 
 1.28824955e+02  2.16783470e+01 -2.48527171e+03 
 1.31825674e+02  2.13354333e+01 -2.42870131e+03 
 1.34896288e+02  2.10079527e+01 -2.37341855e+03 
 1.38038426e+02  2.06952108e+01 -2.31939412e+03 
 1.41253754e+02  2.03965440e+01 -2.26659939e+03 
 1.44543977e+02  2.01113190e+01 -2.21500636e+03 
 1.47910839e+02  1.98389308e+01 -2.16458769e+03 
 1.51356125e+02  1.95788016e+01 -2.11531664e+03 
 1.54881662e+02  1.93303797e+01 -2.06716711e+03 
 1.58489319e+02  1.90931381e+01 -2.02011355e+03 
 1.62181010e+02  1.88665738e+01 -1.97413103e+03 
 1.65958691e+02  1.86502060e+01 -1.92919518e+03 
 1.69824365e+02  1.84435760e+01 -1.88528216e+03 
 1.73780083e+02  1.82462453e+01 -1.84236870e+03 
 1.77827941e+02  1.80577956e+01 -1.80043205e+03 
 1.81970086e+02  1.78778269e+01 -1.75944997e+03 
 1.86208714e+02  1.77059577e+01 -1.71940074e+03 
 1.90546072e+02  1.75418233e+01 -1.68026313e+03 
 1.94984460e+02  1.73850757e+01 -1.64201638e+03 
 1.99526231e+02  1.72353824e+01 -1.60464023e+03 
 2.04173794e+02  1.70924258e+01 -1.56811485e+03 
 2.08929613e+02  1.69559027e+01 -1.53242088e+03 
 2.13796209e+02  1.68255236e+01 -1.49753939e+03 
 2.18776162e+02  1.67010118e+01 -1.46345190e+03 
 2.23872114e+02  1.65821034e+01 -1.43014033e+03 
 2.29086765e+02  1.64685461e+01 -1.39758702e+03 
 2.34422882e+02  1.63600990e+01 -1.36577472e+03 
 2.39883292e+02  1.62565320e+01 -1.33468655e+03 
 2.45470892e+02  1.61576257e+01 -1.30430603e+03 
 2.51188643e+02  1.60631700e+01 -1.27461705e+03 
 2.57039578e+02  1.59729647e+01 -1.24560389e+03 
 2.63026799e+02  1.58868185e+01 -1.21725114e+03 
 2.69153480e+02  1.58045487e+01 -1.18954379e+03 
 2.75422870e+02  1.57259806e+01 -1.16246713e+03 
 2.81838293e+02  1.56509478e+01 -1.13600683e+03 
 2.88403150e+02  1.55792910e+01 -1.11014884e+03 
 2.95120923e+02  1.55108582e+01 -1.08487945e+03 
 3.01995172e+02  1.54455043e+01 -1.06018528e+03 
 3.09029543e+02  1.53830907e+01 -1.03605322e+03 
 3.16227766e+02  1.53234850e+01 -1.01247048e+03 
 3.23593657e+02  1.52665608e+01 -9.89424559e+02 
 3.31131121e+02  1.52121972e+01 -9.66903239e+02 
 3.38844156e+02  1.51602792e+01 -9.44894578e+02 
 3.46736850e+02  1.51106964e+01 -9.23386906e+02 
 3.54813389e+02  1.50633437e+01 -9.02368822e+02 
 3.63078055e+02  1.50181208e+01 -8.81829180e+02 
 3.71535229e+02  1.49749317e+01 -8.61757091e+02 
 3.80189396e+02  1.49336848e+01 -8.42141913e+02 
 3.89045145e+02  1.48942925e+01 -8.22973245e+02 
 3.98107171e+02  1.48566715e+01 -8.04240924e+02 
 4.07380278e+02  1.48207418e+01 -7.85935019e+02 
 4.16869383e+02  1.47864273e+01 -7.68045824e+02 
 4.26579519e+02  1.47536552e+01 -7.50563853e+02 
 4.36515832e+02  1.47223560e+01 -7.33479837e+02 
 4.46683592e+02  1.46924634e+01 -7.16784720e+02 
 4.57088190e+02  1.46639139e+01 -7.00469648e+02 
 4.67735141e+02  1.46366470e+01 -6.84525971e+02 
 4.78630092e+02  1.46106049e+01 -6.68945237e+02 
 4.89778819e+02  1.45857323e+01 -6.53719184e+02 
 5.01187234e+02  1.45619766e+01 -6.38839738e+02 
 5.12861384e+02  1.45392874e+01 -6.24299011e+02 
 5.24807460e+02  1.45176166e+01 -6.10089294e+02 
 5.37031796e+02  1.44969182e+01 -5.96203052e+02 
 5.49540874e+02  1.44771483e+01 -5.82632922e+02 
 5.62341325e+02  1.44582652e+01 -5.69371709e+02 
 5.75439937e+02  1.44402287e+01 -5.56412383e+02 
 5.88843655e+02  1.44230006e+01 -5.43748072e+02 
 6.02559586e+02  1.44065444e+01 -5.31372060e+02 
 6.16595002e+02  1.43908254e+01 -5.19277787e+02 
 6.30957344e+02  1.43758101e+01 -5.07458840e+02 
 6.45654229e+02  1.43614668e+01 -4.95908952e+02 
 6.60693448e+02  1.43477652e+01 -4.84621999e+02 
 6.76082975e+02  1.43346761e+01 -4.73591997e+02 
 6.91830971e+02  1.43221721e+01 -4.62813097e+02 
 7.07945784e+02  1.43102265e+01 -4.52279585e+02 
 7.24435960e+02  1.42988141e+01 -4.41985874e+02 
 7.41310241e+02  1.42879109e+01 -4.31926508e+02 
 7.58577575e+02  1.42774937e+01 -4.22096153e+02 
 7.76247117e+02  1.42675407e+01 -4.12489595e+02 
 7.94328235e+02  1.42580307e+01 -4.03101743e+02 
 8.12830516e+02  1.42489437e+01 -3.93927617e+02 
 8.31763771e+02  1.42402606e+01 -3.84962354e+02 
 8.51138038e+02  1.42319631e+01 -3.76201201e+02 
 8.70963590e+02  1.42240336e+01 -3.67639511e+02 
 8.91250938e+02  1.42164557e+01 -3.59272745e+02 
 9.12010839e+02  1.42092133e+01 -3.51096467e+02 
 9.33254301e+02  1.42022912e+01 -3.43106341e+02 
 9.54992586e+02  1.41956749e+01 -3.35298131e+02 
 9.77237221e+02  1.41893506e+01 -3.27667698e+02 
 1.00000000e+03  1.41833052e+01 -3.20210994e+02 
 1.02329299e+03  1.41775258e+01 -3.12924066e+02 
 1.04712855e+03  1.41720006e+01 -3.05803050e+02 
 1.07151931e+03  1.41667181e+01 -2.98844172e+02 
 1.09647820e+03  1.41616672e+01 -2.92043739e+02 
 1.12201845e+03  1.41568376e+01 -2.85398148e+02 
 1.14815362e+03  1.41522192e+01 -2.78903874e+02 
 1.17489755e+03  1.41478026e+01 -2.72557474e+02 
 1.20226443e+03  1.41435787e+01 -2.66355582e+02 
 1.23026877e+03  1.41395388e+01 -2.60294910e+02 
 1.25892541e+03  1.41356747e+01 -2.54372245e+02 
 1.28824955e+03  1.41319786e+01 -2.48584446e+02 
 1.31825674e+03  1.41284430e+01 -2.42928445e+02 
 1.34896288e+03  1.41250607e+01 -2.37401241e+02 
 1.38038426e+03  1.41218250e+01 -2.31999905e+02 
 1.41253754e+03  1.41187293e+01 -2.26721573e+02 
 1.44543977e+03  1.41157676e+01 -2.21563445e+02 
 1.47910839e+03  1.41129339e+01 -2.16522787e+02 
 1.51356125e+03  1.41102227e+01 -2.11596926e+02 
 1.54881662e+03  1.41076287e+01 -2.06783250e+02 
 1.58489319e+03  1.41051469e+01 -2.02079208e+02 
 1.62181010e+03  1.41027723e+01 -1.97482303e+02 
 1.65958691e+03  1.41005006e+01 -1.92990100e+02 
 1.69824365e+03  1.40983272e+01 -1.88600217e+02 
 1.73780083e+03  1.40962482e+01 -1.84310325e+02 
 1.77827941e+03  1.40942596e+01 -1.80118151e+02 
 1.81970086e+03  1.40923576e+01 -1.76021471e+02 
 1.86208714e+03  1.40905388e+01 -1.72018113e+02 
 1.90546072e+03  1.40887998e+01 -1.68105955e+02 
 1.94984460e+03  1.40871375e+01 -1.64282923e+02 
 1.99526231e+03  1.40855487e+01 -1.60546989e+02 
 2.04173794e+03  1.40840306e+01 -1.56896173e+02 
 2.08929613e+03  1.40825806e+01 -1.53328540e+02 
 2.13796209e+03  1.40811960e+01 -1.49842197e+02 
 2.18776162e+03  1.40798744e+01 -1.46435297e+02 
 2.23872114e+03  1.40786136e+01 -1.43106033e+02 
 2.29086765e+03  1.40774111e+01 -1.39852641e+02 
 2.34422882e+03  1.40762652e+01 -1.36673395e+02 
 2.39883292e+03  1.40751736e+01 -1.33566609e+02 
 2.45470892e+03  1.40741346e+01 -1.30530638e+02 
 2.51188643e+03  1.40731464e+01 -1.27563871e+02 
 2.57039578e+03  1.40722074e+01 -1.24664737e+02 
 2.63026799e+03  1.40713159e+01 -1.21831697e+02 
 2.69153480e+03  1.40704704e+01 -1.19063250e+02 
 2.75422870e+03  1.40696695e+01 -1.16357929e+02 
 2.81838293e+03  1.40689118e+01 -1.13714300e+02 
 2.88403150e+03  1.40681961e+01 -1.11130961e+02 
 2.95120923e+03  1.40675212e+01 -1.08606543e+02 
 3.01995172e+03  1.40668858e+01 -1.06139708e+02 
 3.09029543e+03  1.40662890e+01 -1.03729149e+02 
 3.16227766e+03  1.40657296e+01 -1.01373587e+02 
 3.23593657e+03  1.40652066e+01 -9.90717756e+01 
 3.31131121e+03  1.40647192e+01 -9.68224934e+01 
 3.38844156e+03  1.40642665e+01 -9.46245486e+01 
 3.46736850e+03  1.40638475e+01 -9.24767766e+01 
 3.54813389e+03  1.40634615e+01 -9.03780391e+01 
 3.63078055e+03  1.40631077e+01 -8.83272240e+01 
 3.71535229e+03  1.40627854e+01 -8.63232445e+01 
 3.80189396e+03  1.40624938e+01 -8.43650389e+01 
 3.89045145e+03  1.40622323e+01 -8.24515695e+01 
 3.98107171e+03  1.40620003e+01 -8.05818224e+01 
 4.07380278e+03  1.40617970e+01 -7.87548072e+01 
 4.16869383e+03  1.40616219e+01 -7.69695558e+01 
 4.26579519e+03  1.40614743e+01 -7.52251225e+01 
 4.36515832e+03  1.40613538e+01 -7.35205833e+01 
 4.46683592e+03  1.40612596e+01 -7.18550351e+01 
 4.57088190e+03  1.40611912e+01 -7.02275959e+01 
 4.67735141e+03  1.40611481e+01 -6.86374036e+01 
 4.78630092e+03  1.40611297e+01 -6.70836160e+01 
 4.89778819e+03  1.40611354e+01 -6.55654104e+01 
 5.01187234e+03  1.40611646e+01 -6.40819827e+01 
 5.12861384e+03  1.40612167e+01 -6.26325475e+01 
 5.24807460e+03  1.40612911e+01 -6.12163373e+01 
 5.37031796e+03  1.40613871e+01 -5.98326024e+01 
 5.49540874e+03  1.40615041e+01 -5.84806103e+01 
 5.62341325e+03  1.40616413e+01 -5.71596452e+01 
 5.75439937e+03  1.40617982e+01 -5.58690081e+01 
 5.88843655e+03  1.40619737e+01 -5.46080159e+01 
 6.02559586e+03  1.40621672e+01 -5.33760012e+01 
 6.16595002e+03  1.40623778e+01 -5.21723121e+01 
 6.30957344e+03  1.40626045e+01 -5.09963117e+01 
 6.45654229e+03  1.40628464e+01 -4.98473780e+01 
 6.60693448e+03  1.40631023e+01 -4.87249030e+01 
 6.76082975e+03  1.40633711e+01 -4.76282932e+01 
 6.91830971e+03  1.40636516e+01 -4.65569683e+01 
 7.07945784e+03  1.40639426e+01 -4.55103620e+01 
 7.24435960e+03  1.40642425e+01 -4.44879206e+01 
 7.41310241e+03  1.40645499e+01 -4.34891037e+01 
 7.58577575e+03  1.40648633e+01 -4.25133830e+01 
 7.76247117e+03  1.40651808e+01 -4.15602427e+01 
 7.94328235e+03  1.40655006e+01 -4.06291790e+01 
 8.12830516e+03  1.40658208e+01 -3.97196996e+01 
 8.31763771e+03  1.40661394e+01 -3.88313237e+01 
 8.51138038e+03  1.40664540e+01 -3.79635818e+01 
 8.70963590e+03  1.40667623e+01 -3.71160152e+01 
 8.91250938e+03  1.40670619e+01 -3.62881758e+01 
 9.12010839e+03  1.40673501e+01 -3.54796261e+01 
 9.33254301e+03  1.40676240e+01 -3.46899385e+01 
 9.54992586e+03  1.40678807e+01 -3.39186957e+01 
 9.77237221e+03  1.40681170e+01 -3.31654898e+01 
 1.00000000e+04  1.40683298e+01 -3.24299226e+01 
 1.02329299e+04  1.40685155e+01 -3.17116051e+01 
 1.04712855e+04  1.40686705e+01 -3.10101572e+01 
 1.07151931e+04  1.40687909e+01 -3.03252079e+01 
 1.09647820e+04  1.40688729e+01 -2.96563947e+01 
 1.12201845e+04  1.40689123e+01 -2.90033636e+01 
 1.14815362e+04  1.40689046e+01 -2.83657687e+01 
 1.17489755e+04  1.40688455e+01 -2.77432724e+01 
 1.20226443e+04  1.40687302e+01 -2.71355447e+01 
 1.23026877e+04  1.40685538e+01 -2.65422635e+01 
 1.25892541e+04  1.40683113e+01 -2.59631141e+01 
 1.28824955e+04  1.40679975e+01 -2.53977892e+01 
 1.31825674e+04  1.40676070e+01 -2.48459885e+01 
 1.34896288e+04  1.40671341e+01 -2.43074188e+01 
 1.38038426e+04  1.40665732e+01 -2.37817939e+01 
 1.41253754e+04  1.40659182e+01 -2.32688339e+01 
 1.44543977e+04  1.40651631e+01 -2.27682658e+01 
 1.47910839e+04  1.40643016e+01 -2.22798229e+01 
 1.51356125e+04  1.40633271e+01 -2.18032445e+01 
 1.54881662e+04  1.40622331e+01 -2.13382762e+01 
 1.58489319e+04  1.40610126e+01 -2.08846695e+01 
 1.62181010e+04  1.40596588e+01 -2.04421818e+01 
 1.65958691e+04  1.40581642e+01 -2.00105761e+01 
 1.69824365e+04  1.40565217e+01 -1.95896209e+01 
 1.73780083e+04  1.40547235e+01 -1.91790903e+01 
 1.77827941e+04  1.40527620e+01 -1.87787636e+01 
 1.81970086e+04  1.40506290e+01 -1.83884254e+01 
 1.86208714e+04  1.40483164e+01 -1.80078652e+01 
 1.90546072e+04  1.40458157e+01 -1.76368777e+01 
 1.94984460e+04  1.40431184e+01 -1.72752622e+01 
 1.99526231e+04  1.40402154e+01 -1.69228230e+01 
 2.04173794e+04  1.40370978e+01 -1.65793689e+01 
 2.08929613e+04  1.40337559e+01 -1.62447132e+01 
 2.13796209e+04  1.40301803e+01 -1.59186738e+01 
 2.18776162e+04  1.40263608e+01 -1.56010727e+01 
 2.23872114e+04  1.40222873e+01 -1.52917362e+01 
 2.29086765e+04  1.40179491e+01 -1.49904948e+01 
 2.34422882e+04  1.40133354e+01 -1.46971831e+01 
 2.39883292e+04  1.40084349e+01 -1.44116394e+01 
 2.45470892e+04  1.40032359e+01 -1.41337060e+01 
 2.51188643e+04  1.39977264e+01 -1.38632287e+01 
 2.57039578e+04  1.39918941e+01 -1.36000574e+01 
 2.63026799e+04  1.39857261e+01 -1.33440450e+01 
 2.69153480e+04  1.39792091e+01 -1.30950483e+01 
 2.75422870e+04  1.39723294e+01 -1.28529271e+01 
 2.81838293e+04  1.39650728e+01 -1.26175446e+01 
 2.88403150e+04  1.39574246e+01 -1.23887672e+01 
 2.95120923e+04  1.39493696e+01 -1.21664643e+01 
 3.01995172e+04  1.39408921e+01 -1.19505083e+01 
 3.09029543e+04  1.39319758e+01 -1.17407745e+01 
 3.16227766e+04  1.39226038e+01 -1.15371407e+01 
 3.23593657e+04  1.39127587e+01 -1.13394878e+01 
 3.31131121e+04  1.39024226e+01 -1.11476989e+01 
 3.38844156e+04  1.38915766e+01 -1.09616598e+01 
 3.46736850e+04  1.38802016e+01 -1.07812586e+01 
 3.54813389e+04  1.38682777e+01 -1.06063857e+01 
 3.63078055e+04  1.38557844e+01 -1.04369336e+01 
 3.71535229e+04  1.38427003e+01 -1.02727969e+01 
 3.80189396e+04  1.38290037e+01 -1.01138722e+01 
 3.89045145e+04  1.38146719e+01 -9.96005799e+00 
 3.98107171e+04  1.37996819e+01 -9.81125434e+00 
 4.07380278e+04  1.37840096e+01 -9.66736313e+00 
 4.16869383e+04  1.37676305e+01 -9.52828775e+00 
 4.26579519e+04  1.37505193e+01 -9.39393299e+00 
 4.36515832e+04  1.37326503e+01 -9.26420497e+00 
 4.46683592e+04  1.37139967e+01 -9.13901102e+00 
 4.57088190e+04  1.36945316e+01 -9.01825957e+00 
 4.67735141e+04  1.36742269e+01 -8.90186003e+00 
 4.78630092e+04  1.36530545e+01 -8.78972268e+00 
 4.89778819e+04  1.36309853e+01 -8.68175858e+00 
 5.01187234e+04  1.36079899e+01 -8.57787941e+00 
 5.12861384e+04  1.35840384e+01 -8.47799738e+00 
 5.24807460e+04  1.35591002e+01 -8.38202514e+00 
 5.37031796e+04  1.35331447e+01 -8.28987561e+00 
 5.49540874e+04  1.35061408e+01 -8.20146195e+00 
 5.62341325e+04  1.34780570e+01 -8.11669736e+00 
 5.75439937e+04  1.34488617e+01 -8.03549502e+00 
 5.88843655e+04  1.34185232e+01 -7.95776800e+00 
 6.02559586e+04  1.33870098e+01 -7.88342909e+00 
 6.16595002e+04  1.33542898e+01 -7.81239078e+00 
 6.30957344e+04  1.33203315e+01 -7.74456509e+00 
 6.45654229e+04  1.32851038e+01 -7.67986354e+00 
 6.60693448e+04  1.32485756e+01 -7.61819700e+00 
 6.76082975e+04  1.32107167e+01 -7.55947568e+00 
 6.91830971e+04  1.31714972e+01 -7.50360898e+00 
 7.07945784e+04  1.31308881e+01 -7.45050550e+00 
 7.24435960e+04  1.30888614e+01 -7.40007292e+00 
 7.41310241e+04  1.30453901e+01 -7.35221800e+00 
 7.58577575e+04  1.30004485e+01 -7.30684650e+00 
 7.76247117e+04  1.29540123e+01 -7.26386319e+00 
 7.94328235e+04  1.29060586e+01 -7.22317185e+00 
 8.12830516e+04  1.28565667e+01 -7.18467522e+00 
 8.31763771e+04  1.28055175e+01 -7.14827506e+00 
 8.51138038e+04  1.27528942e+01 -7.11387218e+00 
 8.70963590e+04  1.26986822e+01 -7.08136648e+00 
 8.91250938e+04  1.26428697e+01 -7.05065701e+00 
 9.12010839e+04  1.25854475e+01 -7.02164209e+00 
 9.33254301e+04  1.25264092e+01 -6.99421938e+00 
 9.54992586e+04  1.24657516e+01 -6.96828601e+00 
 9.77237221e+04  1.24034748e+01 -6.94373877e+00 
 1.00000000e+05  1.23395824e+01 -6.92047420e+00 
 1.02329299e+05  1.22740815e+01 -6.89838885e+00 
 1.04712855e+05  1.22069831e+01 -6.87737944e+00 
 1.07151931e+05  1.21383021e+01 -6.85734309e+00 
 1.09647820e+05  1.20680573e+01 -6.83817759e+00 
 1.12201845e+05  1.19962719e+01 -6.81978165e+00 
 1.14815362e+05  1.19229730e+01 -6.80205516e+00 
 1.17489755e+05  1.18481921e+01 -6.78489950e+00 
 1.20226443e+05  1.17719652e+01 -6.76821787e+00 
 1.23026877e+05  1.16943324e+01 -6.75191557e+00 
 1.25892541e+05  1.16153381e+01 -6.73590035e+00 
 1.28824955e+05  1.15350311e+01 -6.72008275e+00 
 1.31825674e+05  1.14534642e+01 -6.70437640e+00 
 1.34896288e+05  1.13706942e+01 -6.68869843e+00 
 1.38038426e+05  1.12867821e+01 -6.67296974e+00 
 1.41253754e+05  1.12017923e+01 -6.65711534e+00 
 1.44543977e+05  1.11157928e+01 -6.64106471e+00 
 1.47910839e+05  1.10288547e+01 -6.62475204e+00 
 1.51356125e+05  1.09410523e+01 -6.60811659e+00 
 1.54881662e+05  1.08524624e+01 -6.59110291e+00 
 1.58489319e+05  1.07631640e+01 -6.57366108e+00 
 1.62181010e+05  1.06732381e+01 -6.55574697e+00 
 1.65958691e+05  1.05827672e+01 -6.53732237e+00 
 1.69824365e+05  1.04918350e+01 -6.51835519e+00 
 1.73780083e+05  1.04005257e+01 -6.49881954e+00 
 1.77827941e+05  1.03089237e+01 -6.47869583e+00 
 1.81970086e+05  1.02171132e+01 -6.45797080e+00 
 1.86208714e+05  1.01251776e+01 -6.43663750e+00 
 1.90546072e+05  1.00331991e+01 -6.41469527e+00 
 1.94984460e+05  9.94125834e+00 -6.39214964e+00 
 1.99526231e+05  9.84943354e+00 -6.36901221e+00 
 2.04173794e+05  9.75780043e+00 -6.34530042e+00 
 2.08929613e+05  9.66643163e+00 -6.32103743e+00 
 2.13796209e+05  9.57539623e+00 -6.29625177e+00 
 2.18776162e+05  9.48475941e+00 -6.27097713e+00 
 2.23872114e+05  9.39458202e+00 -6.24525197e+00 
 2.29086765e+05  9.30492026e+00 -6.21911917e+00 
 2.34422882e+05  9.21582529e+00 -6.19262567e+00 
 2.39883292e+05  9.12734301e+00 -6.16582201e+00 
 2.45470892e+05  9.03951375e+00 -6.13876192e+00 
 2.51188643e+05  8.95237206e+00 -6.11150183e+00 
 2.57039578e+05  8.86594653e+00 -6.08410041e+00 
 2.63026799e+05  8.78025966e+00 -6.05661805e+00 
 2.69153480e+05  8.69532773e+00 -6.02911638e+00 
 2.75422870e+05  8.61116077e+00 -6.00165772e+00 
 2.81838293e+05  8.52776249e+00 -5.97430464e+00 
 2.88403150e+05  8.44513037e+00 -5.94711934e+00 
 2.95120923e+05  8.36325568e+00 -5.92016324e+00 
 3.01995172e+05  8.28212355e+00 -5.89349639e+00 
 3.09029543e+05  8.20171320e+00 -5.86717703e+00 
 3.16227766e+05  8.12199804e+00 -5.84126109e+00 
 3.23593657e+05  8.04294590e+00 -5.81580171e+00 
 3.31131121e+05  7.96451932e+00 -5.79084878e+00 
 3.38844156e+05  7.88667580e+00 -5.76644856e+00 
 3.46736850e+05  7.80936813e+00 -5.74264318e+00 
 3.54813389e+05  7.73254475e+00 -5.71947036e+00 
 3.63078055e+05  7.65615012e+00 -5.69696295e+00 
 3.71535229e+05  7.58012514e+00 -5.67514868e+00 
 3.80189396e+05  7.50440757e+00 -5.65404980e+00 
 3.89045145e+05  7.42893251e+00 -5.63368287e+00 
 3.98107171e+05  7.35363288e+00 -5.61405849e+00 
 4.07380278e+05  7.27843991e+00 -5.59518110e+00 
 4.16869383e+05  7.20328369e+00 -5.57704888e+00 
 4.26579519e+05  7.12809366e+00 -5.55965357e+00 
 4.36515832e+05  7.05279922e+00 -5.54298045e+00 
 4.46683592e+05  6.97733024e+00 -5.52700830e+00 
 4.57088190e+05  6.90161762e+00 -5.51170941e+00 
 4.67735141e+05  6.82559391e+00 -5.49704965e+00 
 4.78630092e+05  6.74919381e+00 -5.48298862e+00 
 4.89778819e+05  6.67235476e+00 -5.46947977e+00 
 5.01187234e+05  6.59501748e+00 -5.45647063e+00 
 5.12861384e+05  6.51712651e+00 -5.44390311e+00 
 5.24807460e+05  6.43863070e+00 -5.43171376e+00 
 5.37031796e+05  6.35948369e+00 -5.41983416e+00 
 5.49540874e+05  6.27964440e+00 -5.40819132e+00 
 5.62341325e+05  6.19907743e+00 -5.39670814e+00 
 5.75439937e+05  6.11775343e+00 -5.38530389e+00 
 5.88843655e+05  6.03564945e+00 -5.37389472e+00 
 6.02559586e+05  5.95274924e+00 -5.36239427e+00 
 6.16595002e+05  5.86904344e+00 -5.35071423e+00 
 6.30957344e+05  5.78452983e+00 -5.33876492e+00 
 6.45654229e+05  5.69921339e+00 -5.32645599e+00 
 6.60693448e+05  5.61310639e+00 -5.31369702e+00 
 6.76082975e+05  5.52622840e+00 -5.30039816e+00 
 6.91830971e+05  5.43860621e+00 -5.28647081e+00 
 7.07945784e+05  5.35027370e+00 -5.27182824e+00 
 7.24435960e+05  5.26127168e+00 -5.25638620e+00 
 7.41310241e+05  5.17164762e+00 -5.24006355e+00 
 7.58577575e+05  5.08145534e+00 -5.22278283e+00 
 7.76247117e+05  4.99075468e+00 -5.20447078e+00 
 7.94328235e+05  4.89961108e+00 -5.18505888e+00 
 8.12830516e+05  4.80809512e+00 -5.16448376e+00 
 8.31763771e+05  4.71628202e+00 -5.14268767e+00 
 8.51138038e+05  4.62425114e+00 -5.11961877e+00 
 8.70963590e+05  4.53208539e+00 -5.09523149e+00 
 8.91250938e+05  4.43987069e+00 -5.06948672e+00 
 9.12010839e+05  4.34769534e+00 -5.04235203e+00 
 9.33254301e+05  4.25564944e+00 -5.01380180e+00 
 9.54992586e+05  4.16382430e+00 -4.98381724e+00 
 9.77237221e+05  4.07231181e+00 -4.95238644e+00 
 1.00000000e+06  3.98120387e+00 -4.91950427e+00 
 1.02329299e+06  3.89059184e+00 -4.88517232e+00 
 1.04712855e+06  3.80056595e+00 -4.84939874e+00 
 1.07151931e+06  3.71121483e+00 -4.81219797e+00 
 1.09647820e+06  3.62262497e+00 -4.77359057e+00 
 1.12201845e+06  3.53488032e+00 -4.73360290e+00 
 1.14815362e+06  3.44806182e+00 -4.69226677e+00 
 1.17489755e+06  3.36224706e+00 -4.64961912e+00 
 1.20226443e+06  3.27750995e+00 -4.60570165e+00 
 1.23026877e+06  3.19392040e+00 -4.56056040e+00 
 1.25892541e+06  3.11154410e+00 -4.51424533e+00 
 1.28824955e+06  3.03044232e+00 -4.46680994e+00 
 1.31825674e+06  2.95067172e+00 -4.41831082e+00 
 1.34896288e+06  2.87228428e+00 -4.36880723e+00 
 1.38038426e+06  2.79532717e+00 -4.31836067e+00 
 1.41253754e+06  2.71984276e+00 -4.26703448e+00 
 1.44543977e+06  2.64586857e+00 -4.21489344e+00 
 1.47910839e+06  2.57343735e+00 -4.16200336e+00 
 1.51356125e+06  2.50257710e+00 -4.10843073e+00 
 1.54881662e+06  2.43331118e+00 -4.05424237e+00 
 1.58489319e+06  2.36565844e+00 -3.99950506e+00 
 1.62181010e+06  2.29963331e+00 -3.94428526e+00 
 1.65958691e+06  2.23524601e+00 -3.88864884e+00 
 1.69824365e+06  2.17250270e+00 -3.83266074e+00 
 1.73780083e+06  2.11140565e+00 -3.77638483e+00 
 1.77827941e+06  2.05195347e+00 -3.71988359e+00 
 1.81970086e+06  1.99414129e+00 -3.66321799e+00 
 1.86208714e+06  1.93796098e+00 -3.60644730e+00 
 1.90546072e+06  1.88340140e+00 -3.54962892e+00 
 1.94984460e+06  1.83044856e+00 -3.49281827e+00 
 1.99526231e+06  1.77908586e+00 -3.43606869e+00 
 2.04173794e+06  1.72929432e+00 -3.37943134e+00 
 2.08929613e+06  1.68105280e+00 -3.32295515e+00 
 2.13796209e+06  1.63433816e+00 -3.26668674e+00 
 2.18776162e+06  1.58912553e+00 -3.21067042e+00 
 2.23872114e+06  1.54538843e+00 -3.15494817e+00 
 2.29086765e+06  1.50309904e+00 -3.09955961e+00 
 2.34422882e+06  1.46222831e+00 -3.04454202e+00 
 2.39883292e+06  1.42274618e+00 -2.98993038e+00 
 2.45470892e+06  1.38462170e+00 -2.93575735e+00 
 2.51188643e+06  1.34782323e+00 -2.88205338e+00 
 2.57039578e+06  1.31231856e+00 -2.82884667e+00 
 2.63026799e+06  1.27807503e+00 -2.77616331e+00 
 2.69153480e+06  1.24505969e+00 -2.72402727e+00 
 2.75422870e+06  1.21323940e+00 -2.67246049e+00 
 2.81838293e+06  1.18258093e+00 -2.62148297e+00 
 2.88403150e+06  1.15305106e+00 -2.57111278e+00 
 2.95120923e+06  1.12461669e+00 -2.52136621e+00 
 3.01995172e+06  1.09724491e+00 -2.47225776e+00 
 3.09029543e+06  1.07090305e+00 -2.42380030e+00 
 3.16227766e+06  1.04555880e+00 -2.37600508e+00 
 3.23593657e+06  1.02118021e+00 -2.32888183e+00 
 3.31131121e+06  9.97735796e-01 -2.28243884e+00 
 3.38844156e+06  9.75194540e-01 -2.23668304e+00 
 3.46736850e+06  9.53525963e-01 -2.19162006e+00 
 3.54813389e+06  9.32700148e-01 -2.14725428e+00 
 3.63078055e+06  9.12687768e-01 -2.10358897e+00 
 3.71535229e+06  8.93460115e-01 -2.06062627e+00 
 3.80189396e+06  8.74989114e-01 -2.01836734e+00 
 3.89045145e+06  8.57247348e-01 -1.97681235e+00 
 3.98107171e+06  8.40208063e-01 -1.93596061e+00 
 4.07380278e+06  8.23845178e-01 -1.89581058e+00 
 4.16869383e+06  8.08133294e-01 -1.85635993e+00 
 4.26579519e+06  7.93047697e-01 -1.81760564e+00 
 4.36515832e+06  7.78564354e-01 -1.77954399e+00 
 4.46683592e+06  7.64659915e-01 -1.74217067e+00 
 4.57088190e+06  7.51311709e-01 -1.70548077e+00 
 4.67735141e+06  7.38497737e-01 -1.66946886e+00 
 4.78630092e+06  7.26196665e-01 -1.63412905e+00 
 4.89778819e+06  7.14387816e-01 -1.59945497e+00 
 5.01187234e+06  7.03051161e-01 -1.56543987e+00 
 5.12861384e+06  6.92167307e-01 -1.53207660e+00 
 5.24807460e+06  6.81717485e-01 -1.49935770e+00 
 5.37031796e+06  6.71683538e-01 -1.46727539e+00 
 5.49540874e+06  6.62047910e-01 -1.43582163e+00 
 5.62341325e+06  6.52793630e-01 -1.40498809e+00 
 5.75439937e+06  6.43904300e-01 -1.37476627e+00 
 5.88843655e+06  6.35364078e-01 -1.34514742e+00 
 6.02559586e+06  6.27157669e-01 -1.31612266e+00 
 6.16595002e+06  6.19270307e-01 -1.28768291e+00 
 6.30957344e+06  6.11687740e-01 -1.25981899e+00 
 6.45654229e+06  6.04396220e-01 -1.23252156e+00 
 6.60693448e+06  5.97382485e-01 -1.20578121e+00 
 6.76082975e+06  5.90633747e-01 -1.17958842e+00 
 6.91830971e+06  5.84137679e-01 -1.15393362e+00 
 7.07945784e+06  5.77882398e-01 -1.12880714e+00 
 7.24435960e+06  5.71856459e-01 -1.10419930e+00 
 7.41310241e+06  5.66048836e-01 -1.08010034e+00 
 7.58577575e+06  5.60448912e-01 -1.05650049e+00 
 7.76247117e+06  5.55046467e-01 -1.03338996e+00 
 7.94328235e+06  5.49831669e-01 -1.01075893e+00 
 8.12830516e+06  5.44795060e-01 -9.88597588e-01 
 8.31763771e+06  5.39927547e-01 -9.66896111e-01 
 8.51138038e+06  5.35220391e-01 -9.45644678e-01 
 8.70963590e+06  5.30665201e-01 -9.24833481e-01 
 8.91250938e+06  5.26253921e-01 -9.04452722e-01 
 9.12010839e+06  5.21978826e-01 -8.84492621e-01 
 9.33254301e+06  5.17832509e-01 -8.64943420e-01 
 9.54992586e+06  5.13807879e-01 -8.45795382e-01 
 9.77237221e+06  5.09898154e-01 -8.27038797e-01 
 1.00000000e+07  5.06096850e-01 -8.08663986e-01 
 1.02329299e+07  5.02397782e-01 -7.90661300e-01 
 1.04712855e+07  4.98795055e-01 -7.73021123e-01 
 1.07151931e+07  4.95283061e-01 -7.55733878e-01 
 1.09647820e+07  4.91856474e-01 -7.38790023e-01 
 1.12201845e+07  4.88510249e-01 -7.22180058e-01 
 1.14815362e+07  4.85239616e-01 -7.05894525e-01 
 1.17489755e+07  4.82040082e-01 -6.89924010e-01 
 1.20226443e+07  4.78907425e-01 -6.74259149e-01 
 1.23026877e+07  4.75837691e-01 -6.58890625e-01 
 1.25892541e+07  4.72827200e-01 -6.43809175e-01 
 1.28824955e+07  4.69872537e-01 -6.29005592e-01 
 1.31825674e+07  4.66970557e-01 -6.14470729e-01 
 1.34896288e+07  4.64118382e-01 -6.00195503e-01 
 1.38038426e+07  4.61313399e-01 -5.86170898e-01 
 1.41253754e+07  4.58553265e-01 -5.72387969e-01 
 1.44543977e+07  4.55835902e-01 -5.58837851e-01 
 1.47910839e+07  4.53159501e-01 -5.45511761e-01 
 1.51356125e+07  4.50522518e-01 -5.32401004e-01 
 1.54881662e+07  4.47923677e-01 -5.19496984e-01 
 1.58489319e+07  4.45361968e-01 -5.06791202e-01 
 1.62181010e+07  4.42836647e-01 -4.94275272e-01 
 1.65958691e+07  4.40347235e-01 -4.81940926e-01 
 1.69824365e+07  4.37893518e-01 -4.69780018e-01 
 1.73780083e+07  4.35475542e-01 -4.57784541e-01 
 1.77827941e+07  4.33093617e-01 -4.45946626e-01 
 1.81970086e+07  4.30748309e-01 -4.34258559e-01 
 1.86208714e+07  4.28440438e-01 -4.22712787e-01 
 1.90546072e+07  4.26171077e-01 -4.11301927e-01 
 1.94984460e+07  4.23941547e-01 -4.00018779e-01 
 1.99526231e+07  4.21753409e-01 -3.88856332e-01 
 2.04173794e+07  4.19608463e-01 -3.77807776e-01 
 2.08929613e+07  4.17508739e-01 -3.66866512e-01 
 2.13796209e+07  4.15456490e-01 -3.56026161e-01 
 2.18776162e+07  4.13454186e-01 -3.45280574e-01 
 2.23872114e+07  4.11504505e-01 -3.34623843e-01 
 2.29086765e+07  4.09610325e-01 -3.24050305e-01 
 2.34422882e+07  4.07774713e-01 -3.13554558e-01 
 2.39883292e+07  4.06000914e-01 -3.03131462e-01 
 2.45470892e+07  4.04292346e-01 -2.92776154e-01 
 2.51188643e+07  4.02652579e-01 -2.82484048e-01 
 2.57039578e+07  4.01085335e-01 -2.72250850e-01 
 2.63026799e+07  3.99594465e-01 -2.62072556e-01 
 2.69153480e+07  3.98183943e-01 -2.51945464e-01 
 2.75422870e+07  3.96857853e-01 -2.41866176e-01 
 2.81838293e+07  3.95620371e-01 -2.31831601e-01 
 2.88403150e+07  3.94475758e-01 -2.21838964e-01 
 2.95120923e+07  3.93428340e-01 -2.11885804e-01 
 3.01995172e+07  3.92482501e-01 -2.01969978e-01 
 3.09029543e+07  3.91642663e-01 -1.92089661e-01 
 3.16227766e+07  3.90913276e-01 -1.82243354e-01 
 3.23593657e+07  3.90298804e-01 -1.72429874e-01 
 3.31131121e+07  3.89803709e-01 -1.62648362e-01 
 3.38844156e+07  3.89432438e-01 -1.52898281e-01 
 3.46736850e+07  3.89189412e-01 -1.43179410e-01 
 3.54813389e+07  3.89079008e-01 -1.33491850e-01 
 3.63078055e+07  3.89105548e-01 -1.23836015e-01 
 3.71535229e+07  3.89273287e-01 -1.14212633e-01 
 3.80189396e+07  3.89586396e-01 -1.04622742e-01 
 3.89045145e+07  3.90048950e-01 -9.50676867e-02 
 3.98107171e+07  3.90664916e-01 -8.55491146e-02 
 4.07380278e+07  3.91438140e-01 -7.60689713e-02 
 4.16869383e+07  3.92372333e-01 -6.66294964e-02 
 4.26579519e+07  3.93471055e-01 -5.72332177e-02 
 4.36515832e+07  3.94737707e-01 -4.78829459e-02 
 4.46683592e+07  3.96175516e-01 -3.85817688e-02 
 4.57088190e+07  3.97787519e-01 -2.93330442e-02 
 4.67735141e+07  3.99576553e-01 -2.01403934e-02 
 4.78630092e+07  4.01545241e-01 -1.10076932e-02 
 4.89778819e+07  4.03695977e-01 -1.93906781e-03 
 5.01187234e+07  4.06030915e-01  7.06112035e-03 
 5.12861384e+07  4.08551953e-01  1.59882800e-02 
 5.24807460e+07  4.11260721e-01  2.48376017e-02 
 5.37031796e+07  4.14158569e-01  3.36040691e-02 
 5.49540874e+07  4.17246549e-01  4.22824716e-02 
 5.62341325e+07  4.20525408e-01  5.08674169e-02 
 5.75439937e+07  4.23995569e-01  5.93533462e-02 
 5.88843655e+07  4.27657123e-01  6.77345491e-02 
 6.02559586e+07  4.31509815e-01  7.60051804e-02 
 6.16595002e+07  4.35553034e-01  8.41592782e-02 
 6.30957344e+07  4.39785796e-01  9.21907823e-02 
 6.45654229e+07  4.44206745e-01  1.00093555e-01 
 6.60693448e+07  4.48814132e-01  1.07861403e-01 
 6.76082975e+07  4.53605815e-01  1.15488098e-01 
 6.91830971e+07  4.58579249e-01  1.22967404e-01 
 7.07945784e+07  4.63731483e-01  1.30293099e-01 
 7.24435960e+07  4.69059152e-01  1.37459004e-01 
 7.41310241e+07  4.74558480e-01  1.44459006e-01 
 7.58577575e+07  4.80225277e-01  1.51287090e-01 
 7.76247117e+07  4.86054941e-01  1.57937363e-01 
 7.94328235e+07  4.92042464e-01  1.64404087e-01 
 8.12830516e+07  4.98182435e-01  1.70681705e-01 
 8.31763771e+07  5.04469055e-01  1.76764871e-01 
 8.51138038e+07  5.10896140e-01  1.82648478e-01 
 8.70963590e+07  5.17457142e-01  1.88327689e-01 
 8.91250938e+07  5.24145161e-01  1.93797962e-01 
 9.12010839e+07  5.30952964e-01  1.99055077e-01 
 9.33254301e+07  5.37873007e-01  2.04095164e-01 
 9.54992586e+07  5.44897461e-01  2.08914725e-01 
 9.77237221e+07  5.52018230e-01  2.13510657e-01 
 1.00000000e+08  5.59226986e-01  2.17880274e-01 
