 frequency              yer                    yei                    yfr                    yfi                   
 1.000000000000000e+00  9.999194185410797e-09 -0.000000000000000e+00 -4.220740399569552e-30  1.591549430918954e-13 
 1.023292992280754e+00  9.999197233048427e-09 -0.000000000000000e+00 -4.030775789023109e-30  1.555321342885040e-13 
 1.047128548050899e+00  9.999196237745352e-09 -0.000000000000000e+00 -3.849360994739436e-30  1.519917906814237e-13 
 1.071519305237606e+00  9.999208510830338e-09 -0.000000000000000e+00 -3.676111210556599e-30  1.485320351336117e-13 
 1.096478196143185e+00  9.999205524817012e-09 -0.000000000000000e+00 -3.510658951820222e-30  1.451510332368816e-13 
 1.122018454301963e+00  9.999210055731568e-09 -0.000000000000000e+00 -3.352653271012467e-30  1.418469923392746e-13 
 1.148153621496882e+00  9.999197488684436e-09 -0.000000000000000e+00 -3.201759017025350e-30  1.386181605945729e-13 
 1.174897554939529e+00  9.999209505774028e-09 -0.000000000000000e+00 -3.057656123502338e-30  1.354628260334467e-13 
 1.202264434617413e+00  9.999215559715672e-09 -0.000000000000000e+00 -2.920038928636703e-30  1.323793156557459e-13 
 1.230268770812381e+00  9.999191721388459e-09 -0.000000000000000e+00 -2.788615527443361e-30  1.293659945434532e-13 
 1.258925411794167e+00  9.999185585015796e-09 -0.000000000000000e+00 -2.663107154242309e-30  1.264212649938288e-13 
 1.288249551693134e+00  9.999194025110053e-09 -0.000000000000000e+00 -2.543247588171427e-30  1.235435656722873e-13 
 1.318256738556407e+00  9.999224004291713e-09  9.765625000000000e-04 -2.428782591374455e-30  1.207313707845577e-13 
 1.348962882591653e+00  9.999211675790718e-09  9.765625000000000e-04 -2.319469367781257e-30  1.179831892676867e-13 
 1.380384264602885e+00  9.999196329518338e-09 -0.000000000000000e+00 -2.215076049447331e-30  1.152975639994576e-13 
 1.412537544622754e+00  9.999203773117516e-09 -0.000000000000000e+00 -2.115381204633976e-30  1.126730710258047e-13 
 1.445439770745927e+00  9.999200593628685e-09 -0.000000000000000e+00 -2.020173367127447e-30  1.101083188058141e-13 
 1.479108388168207e+00  9.999207304370467e-09 -0.000000000000000e+00 -1.929250588247662e-30  1.076019474739102e-13 
 1.513561248436208e+00  9.999197328739347e-09 -0.000000000000000e+00 -1.842420008275889e-30  1.051526281188371e-13 
 1.548816618912481e+00  9.999201526419669e-09 -0.000000000000000e+00 -1.759497448099997e-30  1.027590620790522e-13 
 1.584893192461113e+00  9.999202478586088e-09 -0.000000000000000e+00 -1.680307017975267e-30  1.004199802541586e-13 
 1.621810097358929e+00  9.999178153305130e-09 -0.000000000000000e+00 -1.604680744551301e-30  9.813414243201135e-14 
 1.659586907437560e+00  9.999219458801396e-09 -0.000000000000000e+00 -1.532458213969022e-30  9.590033663114048e-14 
 1.698243652461743e+00  9.999198806154068e-09 -0.000000000000000e+00 -1.463486232715428e-30  9.371737845814245e-14 
 1.737800828749374e+00  9.999202886495856e-09 -0.000000000000000e+00 -1.397618501993511e-30  9.158411047969909e-14 
 1.778279410038922e+00  9.999179317430300e-09 -0.000000000000000e+00 -1.334715307498127e-30  8.949940160889108e-14 
 1.819700858609982e+00  9.999197113817581e-09 -0.000000000000000e+00 -1.274643223050475e-30  8.746214650548073e-14 
 1.862087136662866e+00  9.999215454816713e-09 -0.000000000000000e+00 -1.217274827881348e-30  8.547126498984597e-14 
 1.905460717963246e+00  9.999205979255335e-09 -0.000000000000000e+00 -1.162488435788872e-30  8.352570147025475e-14 
 1.949844599758044e+00  9.999213910861898e-09  1.953125000000000e-03 -1.110167837659459e-30  8.162442438317638e-14 
 1.995262314968878e+00  9.999184565042876e-09 -0.000000000000000e+00 -1.060202054086590e-30  7.976642564633304e-14 
 2.041737944669527e+00  9.999200241716732e-09 -0.000000000000000e+00 -1.012485101261466e-30  7.795072012420082e-14 
 2.089296130854037e+00  9.999178418965418e-09 -0.000000000000000e+00 -9.669157651588483e-31  7.617634510567820e-14 
 2.137962089502230e+00  9.999199414768084e-09 -0.000000000000000e+00 -9.233973870993398e-31  7.444235979364373e-14 
 2.187761623949550e+00  9.999203857576460e-09 -0.000000000000000e+00 -8.818376586464669e-31  7.274784480613297e-14 
 2.238721138568337e+00  9.999237386732971e-09  1.953125000000000e-03 -8.421484263020428e-31  7.109190168886998e-14 
 2.290867652767770e+00  9.999195849945055e-09 -0.000000000000000e+00 -8.042455032484165e-31  6.947365243889503e-14 
 2.344228815319919e+00  9.999212214488777e-09 -0.000000000000000e+00 -7.680484928919263e-31  6.789223903903566e-14 
 2.398832919019488e+00  9.999222158629288e-09  1.953125000000000e-03 -7.334806165598883e-31  6.634682300297478e-14 
 2.454708915685027e+00  9.999214528111615e-09 -0.000000000000000e+00 -7.004685506476854e-31  6.483658493067415e-14 
 2.511886431509577e+00  9.999199705873240e-09 -0.000000000000000e+00 -6.689422726760736e-31  6.336072407391741e-14 
 2.570395782768860e+00  9.999199202532423e-09 -0.000000000000000e+00 -6.388349108476332e-31  6.191845791174299e-14 
 2.630267991895378e+00  9.999220262428680e-09 -0.000000000000000e+00 -6.100826036027101e-31  6.050902173554104e-14 
 2.691534803926912e+00  9.999185848409358e-09 -0.000000000000000e+00 -5.826243632393505e-31  5.913166824359487e-14 
 2.754228703338163e+00  9.999204439752581e-09  1.953125000000000e-03 -5.564019473938055e-31  5.778566714485159e-14 
 2.818382931264450e+00  9.999205899357921e-09 -0.000000000000000e+00 -5.313597345813905e-31  5.647030477171229e-14 
 2.884031503126602e+00  9.999198265198827e-09 -0.000000000000000e+00 -5.074446070651919e-31  5.518488370163579e-14 
 2.951209226666381e+00  9.999217395184251e-09 -0.000000000000000e+00 -4.846058375698299e-31  5.392872238735616e-14 
 3.019951720402012e+00  9.999207607443564e-09 -0.000000000000000e+00 -4.627949819589522e-31  5.270115479551735e-14 
 3.090295432513586e+00  9.999199110161472e-09 -0.000000000000000e+00 -4.419657766679589e-31  5.150153005353336e-14 
 3.162277660168374e+00  9.999189977282651e-09 -0.000000000000000e+00 -4.220740399335791e-31  5.032921210448712e-14 
 3.235936569296277e+00  9.999224427230679e-09 -0.000000000000000e+00 -4.030775789613383e-31  4.918357936988454e-14 
 3.311311214825905e+00  9.999196596930687e-09 -0.000000000000000e+00 -3.849360994756285e-31  4.806402442008551e-14 
 3.388441561392020e+00  9.999194051080237e-09 -0.000000000000000e+00 -3.676111210957819e-31  4.696995365223659e-14 
 3.467368504525310e+00  9.999221780493429e-09 -0.000000000000000e+00 -3.510658951761700e-31  4.590078697553492e-14 
 3.548133892335748e+00  9.999192170684265e-09 -0.000000000000000e+00 -3.352653270738516e-31  4.485595750365642e-14 
 3.630780547701007e+00  9.999227538797823e-09  3.906250000000000e-03 -3.201759017700545e-31  4.383491125418512e-14 
 3.715352290971718e+00  9.999232555067189e-09  3.906250000000000e-03 -3.057656123937232e-31  4.283710685488446e-14 
 3.801893963205605e+00  9.999196333997274e-09 -0.000000000000000e+00 -2.920038928827742e-31  4.186201525665441e-14 
 3.890451449942799e+00  9.999222609258269e-09  3.906250000000000e-03 -2.788615528454501e-31  4.090911945302269e-14 
 3.981071705534965e+00  9.999199704609591e-09 -0.000000000000000e+00 -2.663107154563104e-31  3.997791420602121e-14 
 4.073802778041119e+00  9.999209156448679e-09 -0.000000000000000e+00 -2.543247588133880e-31  3.906790577830199e-14 
 4.168693834703346e+00  9.999231524617183e-09  3.906250000000000e-03 -2.428782591587825e-31  3.817861167135128e-14 
 4.265795188015918e+00  9.999199205436618e-09 -0.000000000000000e+00 -2.319469367600821e-31  3.730956036966242e-14 
 4.365158322401651e+00  9.999190399411934e-09 -0.000000000000000e+00 -2.215076049825798e-31  3.646029109073195e-14 
 4.466835921509622e+00  9.999208478532765e-09  3.906250000000000e-03 -2.115381205146870e-31  3.563035354074678e-14 
 4.570881896148741e+00  9.999219307879523e-09  3.906250000000000e-03 -2.020173367581499e-31  3.481930767583242e-14 
 4.677351412871972e+00  9.999206280607786e-09 -0.000000000000000e+00 -1.929250588248427e-31  3.402672346873581e-14 
 4.786300923226373e+00  9.999221202432770e-09  3.906250000000000e-03 -1.842420008617778e-31  3.325218068081924e-14 
 4.897788193684452e+00  9.999193546573466e-09 -0.000000000000000e+00 -1.759497448231031e-31  3.249526863924429e-14 
 5.011872336272712e+00  9.999183088093491e-09 -0.000000000000000e+00 -1.680307018049303e-31  3.175558601922761e-14 
 5.128613839913638e+00  9.999187291347392e-09 -0.000000000000000e+00 -1.604680744506562e-31  3.103274063125318e-14 
 5.248074602497715e+00  9.999227020224555e-09  3.906250000000000e-03 -1.532458214424785e-31  3.032634921312832e-14 
 5.370317963702516e+00  9.999199433649214e-09 -0.000000000000000e+00 -1.463486232971513e-31  2.963603722677296e-14 
 5.495408738576233e+00  9.999198239982186e-09 -0.000000000000000e+00 -1.397618502222210e-31  2.896143865963457e-14 
 5.623413251903478e+00  9.999194718435756e-09 -0.000000000000000e+00 -1.334715307731235e-31  2.830219583062346e-14 
 5.754399373371556e+00  9.999198251237408e-09 -0.000000000000000e+00 -1.274643223323603e-31  2.765795920046560e-14 
 5.888436553555876e+00  9.999186271919398e-09 -0.000000000000000e+00 -1.217274828019039e-31  2.702838718637220e-14 
 6.025595860743564e+00  9.999207602324375e-09 -0.000000000000000e+00 -1.162488435916557e-31  2.641314598092801e-14 
 6.165950018614807e+00  9.999203186446901e-09 -0.000000000000000e+00 -1.110167837775389e-31  2.581190937510224e-14 
 6.309573444801917e+00  9.999201486396057e-09 -0.000000000000000e+00 -1.060202054264015e-31  2.522435858528814e-14 
 6.456542290346539e+00  9.999197987244016e-09 -0.000000000000000e+00 -1.012485101606673e-31  2.465018208427984e-14 
 6.606934480075944e+00  9.999218334421924e-09 -0.000000000000000e+00 -9.669157656152123e-32  2.408907543609634e-14 
 6.760829753919801e+00  9.999184680937838e-09 -0.000000000000000e+00 -9.233973871244034e-32  2.354074113456567e-14 
 6.918309709189348e+00  9.999202032299633e-09  7.812500000000000e-03 -8.818376589726101e-32  2.300488844558308e-14 
 7.079457843841362e+00  9.999202751359582e-09 -0.000000000000000e+00 -8.421484262940060e-32  2.248123325296006e-14 
 7.244359600749883e+00  9.999220094424751e-09  7.812500000000000e-03 -8.042455035616836e-32  2.196949790778204e-14 
 7.413102413009157e+00  9.999193464555845e-09 -0.000000000000000e+00 -7.680484931364626e-32  2.146941108119542e-14 
 7.585775750291819e+00  9.999188377339286e-09 -0.000000000000000e+00 -7.334806165579633e-32  2.098070762054531e-14 
 7.762471166286898e+00  9.999194855982729e-09 -0.000000000000000e+00 -7.004685508569717e-32  2.050312840878809e-14 
 7.943282347242794e+00  9.999198979138897e-09 -0.000000000000000e+00 -6.689422729004133e-32  2.003642022710421e-14 
 8.128305161640972e+00  9.999223802307114e-09 -0.000000000000000e+00 -6.388349111089405e-32  1.958033562063812e-14 
 8.317637711026689e+00  9.999207160978266e-09 -0.000000000000000e+00 -6.100826037943334e-32  1.913463276729446e-14 
 8.511380382023743e+00  9.999207686920219e-09 -0.000000000000000e+00 -5.826243635018020e-32  1.869907534952083e-14 
 8.709635899560784e+00  9.999198255655669e-09 -0.000000000000000e+00 -5.564019475666012e-32  1.827343242900904e-14 
 8.912509381337431e+00  9.999214068601109e-09 -0.000000000000000e+00 -5.313597347955833e-32  1.785747832424859e-14 
 9.120108393559072e+00  9.999221261988116e-09  7.812500000000000e-03 -5.074446073202280e-32  1.745099249086731e-14 
 9.332543007969884e+00  9.999191632589234e-09 -0.000000000000000e+00 -4.846058376962560e-32  1.705375940469590e-14 
 9.549925860214332e+00  9.999188376386523e-09 -0.000000000000000e+00 -4.627949821621721e-32  1.666556844749404e-14 
 9.772372209558078e+00  9.999215754374340e-09 -0.000000000000000e+00 -4.419657768853997e-32  1.628621379527793e-14 
 9.999999999999970e+00  9.999199260927437e-09 -0.000000000000000e+00 -4.220740402014935e-32  1.591549430918958e-14 
 1.023292992280751e+01  9.999223201751605e-09  7.812500000000000e-03 -4.030775791801166e-32  1.555321342885044e-14 
 1.047128548050896e+01  9.999217496618935e-09 -0.000000000000000e+00 -3.849360997256879e-32  1.519917906814240e-14 
 1.071519305237603e+01  9.999184037516874e-09 -0.000000000000000e+00 -3.676111212650439e-32  1.485320351336121e-14 
 1.096478196143182e+01  9.999233350783805e-09  7.812500000000000e-03 -3.510658954827035e-32  1.451510332368819e-14 
 1.122018454301960e+01  9.999198666084799e-09 -0.000000000000000e+00 -3.352653273181882e-32  1.418469923392750e-14 
 1.148153621496879e+01  9.999185833738714e-09 -0.000000000000000e+00 -3.201759019265293e-32  1.386181605945733e-14 
 1.174897554939526e+01  9.999218450592190e-09 -0.000000000000000e+00 -3.057656126303875e-32  1.354628260334471e-14 
 1.202264434617409e+01  9.999197253376100e-09 -0.000000000000000e+00 -2.920038930987201e-32  1.323793156557463e-14 
 1.230268770812378e+01  9.999197965638086e-09 -0.000000000000000e+00 -2.788615529935694e-32  1.293659945434535e-14 
 1.258925411794163e+01  9.999204754106511e-09 -0.000000000000000e+00 -2.663107156646983e-32  1.264212649938291e-14 
 1.288249551693130e+01  9.999180948045870e-09 -0.000000000000000e+00 -2.543247589962780e-32  1.235435656722877e-14 
 1.318256738556403e+01  9.999200586372497e-09 -0.000000000000000e+00 -2.428782593430646e-32  1.207313707845581e-14 
 1.348962882591649e+01  9.999204829107084e-09 -0.000000000000000e+00 -2.319469369805342e-32  1.179831892676872e-14 
 1.380384264602880e+01  9.999196329518305e-09 -0.000000000000000e+00 -2.215076051722534e-32  1.152975639994580e-14 
 1.412537544622749e+01  9.999193019080699e-09 -0.000000000000000e+00 -2.115381207043514e-32  1.126730710258051e-14 
 1.445439770745922e+01  9.999193257274999e-09 -0.000000000000000e+00 -2.020173369454137e-32  1.101083188058145e-14 
 1.479108388168202e+01  9.999192289891870e-09 -0.000000000000000e+00 -1.929250590384788e-32  1.076019474739105e-14 
 1.513561248436203e+01  9.999201169791990e-09 -0.000000000000000e+00 -1.842420010574858e-32  1.051526281188374e-14 
 1.548816618912476e+01  9.999209387464207e-09 -0.000000000000000e+00 -1.759497450684695e-32  1.027590620790525e-14 
 1.584893192461108e+01  9.999202478586055e-09 -0.000000000000000e+00 -1.680307020531259e-32  1.004199802541589e-14 
 1.621810097358924e+01  9.999223426688121e-09  1.562500000000000e-02 -1.604680747002733e-32  9.813414243201165e-15 
 1.659586907437554e+01  9.999211035540348e-09 -0.000000000000000e+00 -1.532458216346235e-32  9.590033663114078e-15 
 1.698243652461738e+01  9.999203115886018e-09  1.562500000000000e-02 -1.463486235218193e-32  9.371737845814272e-15 
 1.737800828749369e+01  9.999194066258743e-09 -0.000000000000000e+00 -1.397618504382388e-32  9.158411047969940e-15 
 1.778279410038916e+01  9.999197368803850e-09 -0.000000000000000e+00 -1.334715309769213e-32  8.949940160889138e-15 
 1.819700858609976e+01  9.999190186876019e-09 -0.000000000000000e+00 -1.274643225556061e-32  8.746214650548101e-15 
 1.862087136662860e+01  9.999203640998801e-09 -0.000000000000000e+00 -1.217274830200759e-32  8.547126498984624e-15 
 1.905460717963240e+01  9.999196308057664e-09 -0.000000000000000e+00 -1.162488438109364e-32  8.352570147025500e-15 
 1.949844599758038e+01  9.999206488510290e-09 -0.000000000000000e+00 -1.110167839883920e-32  8.162442438317666e-15 
 1.995262314968872e+01  9.999197223776775e-09 -0.000000000000000e+00 -1.060202056457798e-32  7.976642564633328e-15 
 2.041737944669521e+01  9.999215786029166e-09 -0.000000000000000e+00 -1.012485103878207e-32  7.795072012420105e-15 
 2.089296130854031e+01  9.999231440252103e-09  1.562500000000000e-02 -9.669157677935938e-33  7.617634510567838e-15 
 2.137962089502224e+01  9.999221117292510e-09 -0.000000000000000e+00 -9.233973895099351e-33  7.444235979364393e-15 
 2.187761623949544e+01  9.999198305566134e-09 -0.000000000000000e+00 -8.818376610015838e-33  7.274784480613319e-15 
 2.238721138568331e+01  9.999203298733561e-09 -0.000000000000000e+00 -8.421484284354688e-33  7.109190168887020e-15 
 2.290867652767764e+01  9.999204570447748e-09 -0.000000000000000e+00 -8.042455055935426e-33  6.947365243889523e-15 
 2.344228815319913e+01  9.999194367230097e-09 -0.000000000000000e+00 -7.680484952628568e-33  6.789223903903586e-15 
 2.398832919019481e+01  9.999191720338079e-09 -0.000000000000000e+00 -7.334806187174639e-33  6.634682300297501e-15 
 2.454708915685020e+01  9.999198954466556e-09 -0.000000000000000e+00 -7.004685530537270e-33  6.483658493067433e-15 
 2.511886431509570e+01  9.999183769471387e-09 -0.000000000000000e+00 -6.689422749960081e-33  6.336072407391759e-15 
 2.570395782768853e+01  9.999205725575718e-09 -0.000000000000000e+00 -6.388349132876011e-33  6.191845791174316e-15 
 2.630267991895371e+01  9.999193562490565e-09 -0.000000000000000e+00 -6.100826059072446e-33  6.050902173554122e-15 
 2.691534803926904e+01  9.999220000733747e-09  3.125000000000000e-02 -5.826243657053491e-33  5.913166824359504e-15 
 2.754228703338154e+01  9.999204439752551e-09 -0.000000000000000e+00 -5.564019497067967e-33  5.778566714485179e-15 
 2.818382931264442e+01  9.999198746983114e-09 -0.000000000000000e+00 -5.313597368997657e-33  5.647030477171246e-15 
 2.884031503126593e+01  9.999201924686291e-09 -0.000000000000000e+00 -5.074446093576744e-33  5.518488370163594e-15 
 2.951209226666373e+01  9.999209905728409e-09 -0.000000000000000e+00 -4.846058399099857e-33  5.392872238735631e-15 
 3.019951720402003e+01  9.999196111582058e-09 -0.000000000000000e+00 -4.627949843415950e-33  5.270115479551750e-15 
 3.090295432513577e+01  9.999206952584435e-09 -0.000000000000000e+00 -4.419657790201810e-33  5.150153005353352e-15 
 3.162277660168365e+01  9.999230102765079e-09 -0.000000000000000e+00 -4.220740423592565e-33  5.032921210448726e-15 
 3.235936569296268e+01  9.999208003180648e-09 -0.000000000000000e+00 -4.030775812578312e-33  4.918357936988468e-15 
 3.311311214825896e+01  9.999200798584477e-09 -0.000000000000000e+00 -3.849361018104248e-33  4.806402442008564e-15 
 3.388441561392010e+01  9.999228447263475e-09  3.125000000000000e-02 -3.676111234787818e-33  4.696995365223670e-15 
 3.467368504525301e+01  9.999199782135092e-09 -0.000000000000000e+00 -3.510658975119772e-33  4.590078697553503e-15 
 3.548133892335738e+01  9.999192170684237e-09 -0.000000000000000e+00 -3.352653294312837e-33  4.485595750365654e-15 
 3.630780547700997e+01  9.999206807199698e-09 -0.000000000000000e+00 -3.201759040711925e-33  4.383491125418527e-15 
 3.715352290971708e+01  9.999206626234985e-09 -0.000000000000000e+00 -3.057656147201399e-33  4.283710685488460e-15 
 3.801893963205595e+01  9.999208394357369e-09  3.125000000000000e-02 -2.920038952726649e-33  4.186201525665451e-15 
 3.890451449942788e+01  9.999190521925056e-09 -0.000000000000000e+00 -2.788615551487559e-33  4.090911945302282e-15 
 3.981071705534954e+01  9.999202230359041e-09 -0.000000000000000e+00 -2.663107177875955e-33  3.997791420602132e-15 
 4.073802778041109e+01  9.999203987285175e-09 -0.000000000000000e+00 -2.543247611536827e-33  3.906790577830209e-15 
 4.168693834703335e+01  9.999228879832775e-09  3.125000000000000e-02 -2.428782614939165e-33  3.817861167135139e-15 
 4.265795188015907e+01  9.999215443772537e-09 -0.000000000000000e+00 -2.319469391350296e-33  3.730956036966252e-15 
 4.365158322401639e+01  9.999218093704203e-09  3.125000000000000e-02 -2.215076073558703e-33  3.646029109073203e-15 
 4.466835921509610e+01  9.999236817907974e-09  3.125000000000000e-02 -2.115381228755394e-33  3.563035354074687e-15 
 4.570881896148729e+01  9.999196108292230e-09 -0.000000000000000e+00 -2.020173390862770e-33  3.481930767583252e-15 
 4.677351412871960e+01  9.999188475626454e-09 -0.000000000000000e+00 -1.929250611568696e-33  3.402672346873591e-15 
 4.786300923226361e+01  9.999190836245084e-09 -0.000000000000000e+00 -1.842420031609295e-33  3.325218068081933e-15 
 4.897788193684438e+01  9.999205975976252e-09 -0.000000000000000e+00 -1.759497471810528e-33  3.249526863924439e-15 
 5.011872336272698e+01  9.999202166474660e-09 -0.000000000000000e+00 -1.680307041761605e-33  3.175558601922770e-15 
 5.128613839913623e+01  9.999206814121145e-09 -0.000000000000000e+00 -1.604680768233634e-33  3.103274063125327e-15 
 5.248074602497700e+01  9.999180406016790e-09 -0.000000000000000e+00 -1.532458237543677e-33  3.032634921312842e-15 
 5.370317963702501e+01  9.999230097929833e-09  6.250000000000000e-02 -1.463486256493179e-33  2.963603722677304e-15 
 5.495408738576219e+01  9.999226132020827e-09 -0.000000000000000e+00 -1.397618525741253e-33  2.896143865963465e-15 
 5.623413251903463e+01  9.999201853867655e-09 -0.000000000000000e+00 -1.334715331162997e-33  2.830219583062354e-15 
 5.754399373371541e+01  9.999209203693611e-09 -0.000000000000000e+00 -1.274643246780556e-33  2.765795920046568e-15 
 5.888436553555861e+01  9.999227366348976e-09 -0.000000000000000e+00 -1.217274851770013e-33  2.702838718637228e-15 
 6.025595860743547e+01  9.999192310818225e-09 -0.000000000000000e+00 -1.162488459435890e-33  2.641314598092809e-15 
 6.165950018614791e+01  9.999207098369639e-09 -0.000000000000000e+00 -1.110167861189783e-33  2.581190937510230e-15 
 6.309573444801901e+01  9.999201486396031e-09 -0.000000000000000e+00 -1.060202077689484e-33  2.522435858528821e-15 
 6.456542290346522e+01  9.999197987243989e-09 -0.000000000000000e+00 -1.012485125059225e-33  2.465018208427989e-15 
 6.606934480075925e+01  9.999197375918083e-09 -0.000000000000000e+00 -9.669157888455966e-34  2.408907543609640e-15 
 6.760829753919782e+01  9.999197548951856e-09 -0.000000000000000e+00 -9.233974107616563e-34  2.354074113456573e-15 
 6.918309709189329e+01  9.999193253800536e-09 -0.000000000000000e+00 -8.818376822677010e-34  2.300488844558316e-15 
 7.079457843841342e+01  9.999209488591988e-09 -0.000000000000000e+00 -8.421484497445357e-34  2.248123325296012e-15 
 7.244359600749863e+01  9.999201709990761e-09 -0.000000000000000e+00 -8.042455268498511e-34  2.196949790778211e-15 
 7.413102413009136e+01  9.999188761390206e-09 -0.000000000000000e+00 -7.680485165212605e-34  2.146941108119548e-15 
 7.585775750291798e+01  9.999212440921310e-09  6.250000000000000e-02 -7.334806402271337e-34  2.098070762054536e-15 
 7.762471166286876e+01  9.999192393573211e-09 -0.000000000000000e+00 -7.004685743930148e-34  2.050312840878815e-15 
 7.943282347242773e+01  9.999201498905242e-09 -0.000000000000000e+00 -6.689422963379926e-34  2.003642022710427e-15 
 8.128305161640949e+01  9.999200596173635e-09 -0.000000000000000e+00 -6.388349344915092e-34  1.958033562063816e-15 
 8.317637711026666e+01  9.999196606901021e-09 -0.000000000000000e+00 -6.100826272590827e-34  1.913463276729451e-15 
 8.511380382023719e+01  9.999207686920192e-09 -0.000000000000000e+00 -5.826243869580216e-34  1.869907534952088e-15 
 8.709635899560760e+01  9.999181678442314e-09 -0.000000000000000e+00 -5.564019709473872e-34  1.827343242900909e-15 
 8.912509381337408e+01  9.999199932479225e-09 -0.000000000000000e+00 -5.313597582248556e-34  1.785747832424863e-15 
 9.120108393559049e+01  9.999203903514766e-09 -0.000000000000000e+00 -5.074446306914348e-34  1.745099249086736e-15 
 9.332543007969861e+01  9.999200513991264e-09 -0.000000000000000e+00 -4.846058611863203e-34  1.705375940469594e-15 
 9.549925860214309e+01  9.999179288110017e-09 -0.000000000000000e+00 -4.627950056170159e-34  1.666556844749407e-15 
 9.772372209558054e+01  9.999203354414799e-09 -0.000000000000000e+00 -4.419658002893491e-34  1.628621379527796e-15 
 9.999999999999946e+01  9.999196088729494e-09 -0.000000000000000e+00 -4.220740636246106e-34  1.591549430918962e-15 
 1.023292992280749e+02  9.999200479136275e-09 -0.000000000000000e+00 -4.030776026043176e-34  1.555321342885048e-15 
 1.047128548050894e+02  9.999194244725899e-09 -0.000000000000000e+00 -3.849361231385918e-34  1.519917906814244e-15 
 1.071519305237600e+02  9.999201032873400e-09 -0.000000000000000e+00 -3.676111447216919e-34  1.485320351336125e-15 
 1.096478196143179e+02  9.999209003062811e-09 -0.000000000000000e+00 -3.510659188179541e-34  1.451510332368823e-15 
 1.122018454301957e+02  9.999237817995444e-09  1.250000000000000e-01 -3.352653508555849e-34  1.418469923392753e-15 
 1.148153621496876e+02  9.999214971102920e-09 -0.000000000000000e+00 -3.201759254190010e-34  1.386181605945737e-15 
 1.174897554939523e+02  9.999225904607323e-09  1.250000000000000e-01 -3.057656360711095e-34  1.354628260334474e-15 
 1.202264434617406e+02  9.999208694838288e-09 -0.000000000000000e+00 -2.920039165609032e-34  1.323793156557467e-15 
 1.230268770812374e+02  9.999209673606165e-09 -0.000000000000000e+00 -2.788615764411427e-34  1.293659945434539e-15 
 1.258925411794160e+02  9.999196766985340e-09 -0.000000000000000e+00 -2.663107391132598e-34  1.264212649938295e-15 
 1.288249551693126e+02  9.999193207793487e-09 -0.000000000000000e+00 -2.543247824911981e-34  1.235435656722880e-15 
 1.318256738556399e+02  9.999200586372473e-09 -0.000000000000000e+00 -2.428782827790509e-34  1.207313707845584e-15 
 1.348962882591645e+02  9.999217666638809e-09 -0.000000000000000e+00 -2.319469604379697e-34  1.179831892676875e-15 
 1.380384264602876e+02  9.999196329518278e-09 -0.000000000000000e+00 -2.215076286169001e-34  1.152975639994583e-15 
 1.412537544622746e+02  9.999215423323974e-09 -0.000000000000000e+00 -2.115381441537036e-34  1.126730710258054e-15 
 1.445439770745919e+02  9.999186379443424e-09 -0.000000000000000e+00 -2.020173603814599e-34  1.101083188058147e-15 
 1.479108388168198e+02  9.999196981916398e-09 -0.000000000000000e+00 -1.929250824782081e-34  1.076019474739108e-15 
 1.513561248436199e+02  9.999208371765729e-09 -0.000000000000000e+00 -1.842420245292337e-34  1.051526281188377e-15 
 1.548816618912472e+02  9.999187278276331e-09 -0.000000000000000e+00 -1.759497684704383e-34  1.027590620790528e-15 
 1.584893192461104e+02  9.999194937193701e-09 -0.000000000000000e+00 -1.680307254595572e-34  1.004199802541592e-15 
 1.621810097358920e+02  9.999205420228943e-09 -0.000000000000000e+00 -1.604680981241171e-34  9.813414243201189e-16 
 1.659586907437551e+02  9.999200506464054e-09 -0.000000000000000e+00 -1.532458450734050e-34  9.590033663114100e-16 
 1.698243652461734e+02  9.999211196633468e-09 -0.000000000000000e+00 -1.463486469570026e-34  9.371737845814297e-16 
 1.737800828749365e+02  9.999199578906893e-09 -0.000000000000000e+00 -1.397618738704361e-34  9.158411047969964e-16 
 1.778279410038912e+02  9.999205830385195e-09 -0.000000000000000e+00 -1.334715544204332e-34  8.949940160889158e-16 
 1.819700858609972e+02  9.999198845552909e-09 -0.000000000000000e+00 -1.274643459777584e-34  8.746214650548124e-16 
 1.862087136662855e+02  9.999200687544305e-09 -0.000000000000000e+00 -1.217275064648386e-34  8.547126498984645e-16 
 1.905460717963235e+02  9.999202352556162e-09 -0.000000000000000e+00 -1.162488672532943e-34  8.352570147025522e-16 
 1.949844599758032e+02  9.999221951742717e-09 -0.000000000000000e+00 -1.110168074314035e-34  8.162442438317690e-16 
 1.995262314968867e+02  9.999197223776747e-09 -0.000000000000000e+00 -1.060202290814270e-34  7.976642564633350e-16 
 2.041737944669516e+02  9.999219024427568e-09  2.500000000000000e-01 -1.012485338213026e-34  7.795072012420124e-16 
 2.089296130854026e+02  9.999201615778299e-09 -0.000000000000000e+00 -9.669160019416315e-35  7.617634510567862e-16 
 2.137962089502218e+02  9.999183816078574e-09 -0.000000000000000e+00 -9.233976237383022e-35  7.444235979364417e-16 
 2.187761623949538e+02  9.999222595611157e-09 -0.000000000000000e+00 -8.818378955264451e-35  7.274784480613338e-16 
 2.238721138568325e+02  9.999199747900264e-09 -0.000000000000000e+00 -8.421486627939402e-35  7.109190168887040e-16 
 2.290867652767758e+02  9.999182769190916e-09 -0.000000000000000e+00 -8.042457398849982e-35  6.947365243889541e-16 
 2.344228815319906e+02  9.999205521766728e-09 -0.000000000000000e+00 -7.680487296572067e-35  6.789223903903604e-16 
 2.398832919019474e+02  9.999206939483644e-09 -0.000000000000000e+00 -7.334808531731889e-35  6.634682300297517e-16 
 2.454708915685014e+02  9.999195061055271e-09 -0.000000000000000e+00 -7.004687874535801e-35  6.483658493067453e-16 
 2.511886431509563e+02  9.999195721772729e-09 -0.000000000000000e+00 -6.689425094078072e-35  6.336072407391775e-16 
 2.570395782768846e+02  9.999193494869461e-09 -0.000000000000000e+00 -6.388351475251011e-35  6.191845791174332e-16 
 2.630267991895364e+02  9.999210249951844e-09 -0.000000000000000e+00 -6.100828402871346e-35  6.050902173554137e-16 
 2.691534803926897e+02  9.999202924571512e-09 -0.000000000000000e+00 -5.826245999839902e-35  5.913166824359520e-16 
 2.754228703338148e+02  9.999208808231810e-09 -0.000000000000000e+00 -5.564021841062342e-35  5.778566714485193e-16 
 2.818382931264435e+02  9.999209922568680e-09 -0.000000000000000e+00 -5.313599713622899e-35  5.647030477171260e-16 
 2.884031503126586e+02  9.999206499045632e-09 -0.000000000000000e+00 -5.074448437452164e-35  5.518488370163608e-16 
 2.951209226666365e+02  9.999219267548152e-09  2.500000000000000e-01 -4.846060743313041e-35  5.392872238735644e-16 
 3.019951720401995e+02  9.999196111582033e-09 -0.000000000000000e+00 -4.627952187022006e-35  5.270115479551764e-16 
 3.090295432513569e+02  9.999187346526925e-09 -0.000000000000000e+00 -4.419660133733955e-35  5.150153005353366e-16 
 3.162277660168357e+02  9.999232610607705e-09  2.500000000000000e-01 -4.220742768177485e-35  5.032921210448737e-16 
 3.235936569296260e+02  9.999218268211872e-09  2.500000000000000e-01 -4.030778157393710e-35  4.918357936988480e-16 
 3.311311214825888e+02  9.999213928752634e-09 -0.000000000000000e+00 -3.849363362233403e-35  4.806402442008577e-16 
 3.388441561392002e+02  9.999185452034366e-09 -0.000000000000000e+00 -3.676113577725844e-35  4.696995365223685e-16 
 3.467368504525292e+02  9.999216280903798e-09  2.500000000000000e-01 -3.510661319228638e-35  4.590078697553514e-16 
 3.548133892335729e+02  9.999197798375685e-09 -0.000000000000000e+00 -3.352655638310345e-35  4.485595750365666e-16 
 3.630780547700987e+02  9.999180892702046e-09 -0.000000000000000e+00 -3.201761384327725e-35  4.383491125418538e-16 
 3.715352290971698e+02  9.999203679776755e-09 -0.000000000000000e+00 -3.057658490965692e-35  4.283710685488472e-16 
 3.801893963205584e+02  9.999199349087250e-09 -0.000000000000000e+00 -2.920041296127907e-35  4.186201525665464e-16 
 3.890451449942777e+02  9.999215204489020e-09 -0.000000000000000e+00 -2.788617895484614e-35  4.090911945302292e-16 
 3.981071705534943e+02  9.999205387545860e-09 -0.000000000000000e+00 -2.663109521676195e-35  3.997791420602141e-16 
 4.073802778041097e+02  9.999197525830798e-09 -0.000000000000000e+00 -2.543249955408504e-35  3.906790577830220e-16 
 4.168693834703323e+02  9.999202431988931e-09 -0.000000000000000e+00 -2.428784958557019e-35  3.817861167135150e-16 
 4.265795188015895e+02  9.999212060785853e-09 -0.000000000000000e+00 -2.319471735373277e-35  3.730956036966263e-16 
 4.365158322401627e+02  9.999197322984953e-09 -0.000000000000000e+00 -2.215078416928385e-35  3.646029109073215e-16 
 4.466835921509598e+02  9.999194308845097e-09 -0.000000000000000e+00 -2.115383572272138e-35  3.563035354074699e-16 
 4.570881896148716e+02  9.999203358163224e-09 -0.000000000000000e+00 -2.020175734662272e-35  3.481930767583261e-16 
 4.677351412871947e+02  9.999240406821899e-09  5.000000000000000e-01 -1.929252956076516e-35  3.402672346873599e-16 
 4.786300923226348e+02  9.999206019338887e-09 -0.000000000000000e+00 -1.842422375750691e-35  3.325218068081942e-16 
 4.897788193684425e+02  9.999202091787846e-09 -0.000000000000000e+00 -1.759499815754991e-35  3.249526863924448e-16 
 5.011872336272685e+02  9.999218065125631e-09  5.000000000000000e-01 -1.680309385864282e-35  3.175558601922777e-16 
 5.128613839913610e+02  9.999178343409353e-09 -0.000000000000000e+00 -1.604683111747130e-35  3.103274063125335e-16 
 5.248074602497686e+02  9.999226187827933e-09  5.000000000000000e-01 -1.532460581668666e-35  3.032634921312849e-16 
 5.370317963702487e+02  9.999217321146203e-09  5.000000000000000e-01 -1.463488600371290e-35  2.963603722677312e-16 
 5.495408738576203e+02  9.999186908841423e-09 -0.000000000000000e+00 -1.397620869395746e-35  2.896143865963472e-16 
 5.623413251903447e+02  9.999192934577721e-09 -0.000000000000000e+00 -1.334717674855704e-35  2.830219583062362e-16 
 5.754399373371524e+02  9.999204640170152e-09 -0.000000000000000e+00 -1.274645590527551e-35  2.765795920046576e-16 
 5.888436553555844e+02  9.999208687062764e-09 -0.000000000000000e+00 -1.217277195457153e-35  2.702838718637235e-16 
 6.025595860743530e+02  9.999211425200848e-09 -0.000000000000000e+00 -1.162490803284713e-35  2.641314598092817e-16 
 6.165950018614773e+02  9.999229102935159e-09  5.000000000000000e-01 -1.110170205112455e-35  2.581190937510237e-16 
 6.309573444801882e+02  9.999201486396001e-09 -0.000000000000000e+00 -1.060204421580287e-35  2.522435858528829e-16 
 6.456542290346504e+02  9.999226149210240e-09  5.000000000000000e-01 -1.012487468894499e-35  2.465018208427996e-16 
 6.606934480075907e+02  9.999197375918057e-09 -0.000000000000000e+00 -9.669181326962224e-36  2.408907543609648e-16 
 6.760829753919763e+02  9.999184144770528e-09 -0.000000000000000e+00 -9.233997544454523e-36  2.354074113456580e-16 
 6.918309709189309e+02  9.999217943329134e-09 -0.000000000000000e+00 -8.818400261510665e-36  2.300488844558321e-16 
 7.079457843841321e+02  9.999203874231596e-09 -0.000000000000000e+00 -8.421507935268025e-36  2.248123325296019e-16 
 7.244359600749841e+02  9.999207455126344e-09 -0.000000000000000e+00 -8.042478707076312e-36  2.196949790778217e-16 
 7.413102413009113e+02  9.999194640347188e-09 -0.000000000000000e+00 -7.680508604059819e-36  2.146941108119555e-16 
 7.585775750291774e+02  9.999200409130251e-09 -0.000000000000000e+00 -7.334829839537362e-36  2.098070762054543e-16 
 7.762471166286851e+02  9.999229329715505e-09  1.000000000000000e+00 -7.004709181906519e-36  2.050312840878821e-16 
 7.943282347242747e+02  9.999220397153011e-09 -0.000000000000000e+00 -6.689446401586774e-36  2.003642022710433e-16 
 8.128305161640923e+02  9.999216711544054e-09 -0.000000000000000e+00 -6.388372783292877e-36  1.958033562063823e-16 
 8.317637711026639e+02  9.999196606900990e-09 -0.000000000000000e+00 -6.100849710246469e-36  1.913463276729458e-16 
 8.511380382023692e+02  9.999200936974376e-09 -0.000000000000000e+00 -5.826267307082390e-36  1.869907534952094e-16 
 8.709635899560732e+02  9.999202399958941e-09 -0.000000000000000e+00 -5.564043148079510e-36  1.827343242900915e-16 
 8.912509381337379e+02  9.999221136661978e-09 -0.000000000000000e+00 -5.313621019999578e-36  1.785747832424869e-16 
 9.120108393559019e+02  9.999203903514735e-09 -0.000000000000000e+00 -5.074469744856596e-36  1.745099249086742e-16 
 9.332543007969830e+02  9.999200513991231e-09 -0.000000000000000e+00 -4.846082049848617e-36  1.705375940469600e-16 
 9.549925860214277e+02  9.999205795583059e-09 -0.000000000000000e+00 -4.627973494180412e-36  1.666556844749413e-16 
 9.772372209558022e+02  9.999211104389464e-09 -0.000000000000000e+00 -4.419681440915910e-36  1.628621379527801e-16 
 9.999999999999912e+02  9.999204019224259e-09 -0.000000000000000e+00 -4.220764073942975e-36  1.591549430918967e-16 
 1.023292992280745e+03  9.999208594355992e-09 -0.000000000000000e+00 -4.030799463442949e-36  1.555321342885054e-16 
 1.047128548050890e+03  9.999206701097120e-09 -0.000000000000000e+00 -3.849384668440837e-36  1.519917906814250e-16 
 1.071519305237597e+03  9.999196784034230e-09 -0.000000000000000e+00 -3.676134884844861e-36  1.485320351336130e-16 
 1.096478196143175e+03  9.999174220604253e-09 -0.000000000000000e+00 -3.510682625089047e-36  1.451510332368828e-16 
 1.122018454301953e+03  9.999208898970484e-09 -0.000000000000000e+00 -3.352676945492236e-36  1.418469923392759e-16 
 1.148153621496872e+03  9.999226352885791e-09  1.000000000000000e+00 -3.201782691902659e-36  1.386181605945741e-16 
 1.174897554939519e+03  9.999200281430182e-09 -0.000000000000000e+00 -3.057679798033560e-36  1.354628260334479e-16 
 1.202264434617402e+03  9.999206311200295e-09 -0.000000000000000e+00 -2.920062602771163e-36  1.323793156557471e-16 
 1.230268770812370e+03  9.999202356126066e-09 -0.000000000000000e+00 -2.788639201713819e-36  1.293659945434543e-16 
 1.258925411794156e+03  9.999239198566386e-09  1.000000000000000e+00 -2.663130828834908e-36  1.264212649938298e-16 
 1.288249551693122e+03  9.999203424249823e-09 -0.000000000000000e+00 -2.543271262226553e-36  1.235435656722884e-16 
 1.318256738556395e+03  9.999203199979492e-09 -0.000000000000000e+00 -2.428806265029688e-36  1.207313707845588e-16 
 1.348962882591641e+03  9.999206968695653e-09 -0.000000000000000e+00 -2.319493041506092e-36  1.179831892676878e-16 
 1.380384264602872e+03  9.999204539865918e-09 -0.000000000000000e+00 -2.215099723240878e-36  1.152975639994587e-16 
 1.412537544622741e+03  9.999195819611053e-09 -0.000000000000000e+00 -2.115404878584945e-36  1.126730710258057e-16 
 1.445439770745914e+03  9.999206439785413e-09 -0.000000000000000e+00 -2.020197040882716e-36  1.101083188058151e-16 
 1.479108388168193e+03  9.999202846947053e-09 -0.000000000000000e+00 -1.929274261769364e-36  1.076019474739112e-16 
 1.513561248436194e+03  9.999205370943292e-09 -0.000000000000000e+00 -1.842443681770838e-36  1.051526281188381e-16 
 1.548816618912467e+03  9.999202631878971e-09 -0.000000000000000e+00 -1.759521121759703e-36  1.027590620790531e-16 
 1.584893192461099e+03  9.999210648427689e-09 -0.000000000000000e+00 -1.680330691806711e-36  1.004199802541595e-16 
 1.621810097358915e+03  9.999195773911503e-09 -0.000000000000000e+00 -1.604704417947128e-36  9.813414243201223e-17 
 1.659586907437545e+03  9.999200506464020e-09 -0.000000000000000e+00 -1.532481887242279e-36  9.590033663114132e-17 
 1.698243652461728e+03  9.999234765480226e-09  2.000000000000000e+00 -1.463509906300003e-36  9.371737845814327e-17 
 1.737800828749359e+03  9.999203024311967e-09 -0.000000000000000e+00 -1.397642175097118e-36  9.158411047969992e-17 
 1.778279410038906e+03  9.999209356044064e-09 -0.000000000000000e+00 -1.334738980515296e-36  8.949940160889191e-17 
 1.819700858609966e+03  9.999202453334924e-09 -0.000000000000000e+00 -1.274666896098057e-36  8.746214650548154e-17 
 1.862087136662849e+03  9.999215454816622e-09 -0.000000000000000e+00 -1.217298500839884e-36  8.547126498984674e-17 
 1.905460717963228e+03  9.999206130367706e-09 -0.000000000000000e+00 -1.162512108624339e-36  8.352570147025551e-17 
 1.949844599758026e+03  9.999202622702115e-09 -0.000000000000000e+00 -1.110191510162060e-36  8.162442438317716e-17 
 1.995262314968860e+03  9.999213047194124e-09  2.000000000000000e+00 -1.060225726624781e-36  7.976642564633374e-17 
 2.041737944669509e+03  9.999202832435387e-09 -0.000000000000000e+00 -1.012508773698072e-36  7.795072012420151e-17 
 2.089296130854019e+03  9.999193331202217e-09 -0.000000000000000e+00 -9.669394374403332e-37  7.617634510567887e-17 
 2.137962089502211e+03  9.999205009950079e-09 -0.000000000000000e+00 -9.234210592987223e-37  7.444235979364440e-17 
 2.187761623949531e+03  9.999192233054810e-09 -0.000000000000000e+00 -8.818613306353569e-37  7.274784480613363e-17 
 2.238721138568317e+03  9.999190870817057e-09 -0.000000000000000e+00 -8.421720979567166e-37  7.109190168887064e-17 
 2.290867652767750e+03  9.999191853047884e-09 -0.000000000000000e+00 -8.042691749838685e-37  6.947365243889565e-17 
 2.344228815319898e+03  9.999205521766692e-09 -0.000000000000000e+00 -7.680721644765625e-37  6.789223903903629e-17 
 2.398832919019466e+03  9.999204561492109e-09 -0.000000000000000e+00 -7.335042878302190e-37  6.634682300297541e-17 
 2.454708915685005e+03  9.999192627673203e-09 -0.000000000000000e+00 -7.004922217813623e-37  6.483658493067474e-17 
 2.511886431509554e+03  9.999220622400544e-09  2.000000000000000e+00 -6.689659438246625e-37  6.336072407391796e-17 
 2.570395782768837e+03  9.999213879379811e-09 -0.000000000000000e+00 -6.388585817694554e-37  6.191845791174356e-17 
 2.630267991895354e+03  9.999191998041005e-09 -0.000000000000000e+00 -6.101062742626455e-37  6.050902173554162e-17 
 2.691534803926887e+03  9.999200256421131e-09 -0.000000000000000e+00 -5.826480336917649e-37  5.913166824359541e-17 
 2.754228703338138e+03  9.999203347632671e-09 -0.000000000000000e+00 -5.564256175619840e-37  5.778566714485216e-17 
 2.818382931264424e+03  9.999229479843421e-09  2.000000000000000e+00 -5.313834046222651e-37  5.647030477171279e-17 
 2.884031503126575e+03  9.999206499045596e-09 -0.000000000000000e+00 -5.074682767703165e-37  5.518488370163628e-17 
 2.951209226666354e+03  9.999198788567371e-09 -0.000000000000000e+00 -4.846295070267829e-37  5.392872238735665e-17 
 3.019951720401984e+03  9.999199105295921e-09 -0.000000000000000e+00 -4.628186512154452e-37  5.270115479551783e-17 
 3.090295432513557e+03  9.999196536866334e-09 -0.000000000000000e+00 -4.419894455727112e-37  5.150153005353385e-17 
 3.162277660168345e+03  9.999207532181133e-09 -0.000000000000000e+00 -4.220977086513028e-37  5.032921210448758e-17 
 3.235936569296248e+03  9.999182982166905e-09 -0.000000000000000e+00 -4.031012472133724e-37  4.918357936988498e-17 
 3.311311214825875e+03  9.999213928752596e-09 -0.000000000000000e+00 -3.849597675639072e-37  4.806402442008595e-17 
 3.388441561391989e+03  9.999195529041144e-09 -0.000000000000000e+00 -3.676347887741037e-37  4.696995365223701e-17 
 3.467368504525279e+03  9.999199094686330e-09 -0.000000000000000e+00 -3.510895625025141e-37  4.590078697553532e-17 
 3.548133892335716e+03  9.999211867604337e-09 -0.000000000000000e+00 -3.352889940868179e-37  4.485595750365682e-17 
 3.630780547700973e+03  9.999198888880914e-09 -0.000000000000000e+00 -3.201995683182532e-37  4.383491125418555e-17 
 3.715352290971684e+03  9.999192630558463e-09 -0.000000000000000e+00 -3.057892785351582e-37  4.283710685488487e-17 
 3.801893963205570e+03  9.999206886812286e-09 -0.000000000000000e+00 -2.920275586002800e-37  4.186201525665480e-17 
 3.890451449942763e+03  9.999195921235862e-09  4.000000000000000e+00 -2.788852180997726e-37  4.090911945302308e-17 
 3.981071705534928e+03  9.999205387545820e-09  4.000000000000000e+00 -2.663343803210718e-37  3.997791420602156e-17 
 4.073802778041082e+03  9.999201564239729e-09 -0.000000000000000e+00 -2.543484231790536e-37  3.906790577830235e-17 
 4.168693834703307e+03  9.999206564464488e-09 -0.000000000000000e+00 -2.429019229663435e-37  3.817861167135165e-17 
 4.265795188015879e+03  9.999178230919265e-09 -0.000000000000000e+00 -2.319706000289359e-37  3.730956036966277e-17 
 4.365158322401610e+03  9.999175686819058e-09 -0.000000000000000e+00 -2.215312676576270e-37  3.646029109073229e-17 
 4.466835921509581e+03  9.999194308845057e-09 -0.000000000000000e+00 -2.115617826322940e-37  3.563035354074713e-17 
 4.570881896148699e+03  9.999192030239714e-09 -0.000000000000000e+00 -2.020409982492287e-37  3.481930767583276e-17 
 4.677351412871929e+03  9.999200994753870e-09 -0.000000000000000e+00 -1.929487197184603e-37  3.402672346873612e-17 
 4.786300923226329e+03  9.999217881130903e-09 -0.000000000000000e+00 -1.842656610679188e-37  3.325218068081956e-17 
 4.897788193684407e+03  9.999187526081386e-09 -0.000000000000000e+00 -1.759734043541457e-37  3.249526863924459e-17 
 5.011872336272666e+03  9.999208128468719e-09 -0.000000000000000e+00 -1.680543606066966e-37  3.175558601922790e-17 
 5.128613839913590e+03  9.999206305715512e-09 -0.000000000000000e+00 -1.604917324748447e-37  3.103274063125347e-17 
 5.248074602497666e+03  9.999202776674454e-09 -0.000000000000000e+00 -1.532694786154255e-37  3.032634921312862e-17 
 5.370317963702466e+03  9.999204011996579e-09 -0.000000000000000e+00 -1.463722796431372e-37  2.963603722677324e-17 
 5.495408738576182e+03  9.999200528000893e-09 -0.000000000000000e+00 -1.397855056771916e-37  2.896143865963482e-17 
 5.623413251903426e+03  9.999206870968165e-09 -0.000000000000000e+00 -1.334951853000030e-37  2.830219583062372e-17 
 5.754399373371502e+03  9.999207492372257e-09 -0.000000000000000e+00 -1.274879758894407e-37  2.765795920046587e-17 
 5.888436553555821e+03  9.999211605701191e-09 -0.000000000000000e+00 -1.217511353576738e-37  2.702838718637245e-17 
 6.025595860743507e+03  9.999211425200809e-09 -0.000000000000000e+00 -1.162724950868720e-37  2.641314598092827e-17 
 6.165950018614749e+03  9.999195484848865e-09 -0.000000000000000e+00 -1.110404341262471e-37  2.581190937510248e-17 
 6.309573444801857e+03  9.999195231641040e-09 -0.000000000000000e+00 -1.060438546084423e-37  2.522435858528838e-17 
 6.456542290346478e+03  9.999194146975794e-09 -0.000000000000000e+00 -1.012721581053785e-37  2.465018208428007e-17 
 6.606934480075881e+03  9.999203925450458e-09 -0.000000000000000e+00 -9.671522321756158e-38  2.408907543609656e-17 
 6.760829753919737e+03  9.999200899997112e-09 -0.000000000000000e+00 -9.236338406399828e-38  2.354074113456589e-17 
 6.918309709189281e+03  9.999207656025499e-09 -0.000000000000000e+00 -8.820740981344137e-38  2.300488844558331e-17 
 7.079457843841294e+03  9.999175802429756e-09 -0.000000000000000e+00 -8.423848507429797e-38  2.248123325296027e-17 
 7.244359600749813e+03  9.999193092287270e-09 -0.000000000000000e+00 -8.044819125365542e-38  2.196949790778226e-17 
 7.413102413009085e+03  9.999205663391549e-09 -0.000000000000000e+00 -7.682848861347676e-38  2.146941108119563e-17 
 7.585775750291745e+03  9.999207928999605e-09 -0.000000000000000e+00 -7.337169927436290e-38  2.098070762054551e-17 
 7.762471166286822e+03  9.999210092141339e-09 -0.000000000000000e+00 -7.007049092300340e-38  2.050312840878830e-17 
 7.943282347242717e+03  9.999181025803389e-09 -0.000000000000000e+00 -6.691786127335688e-38  2.003642022710441e-17 
 8.128305161640892e+03  9.999204625016178e-09 -0.000000000000000e+00 -6.390712315092245e-38  1.958033562063830e-17 
 8.317637711026608e+03  9.999204852273778e-09 -0.000000000000000e+00 -6.103189039170153e-38  1.913463276729464e-17 
 8.511380382023659e+03  9.999179843393758e-09 -0.000000000000000e+00 -5.828606422759364e-38  1.869907534952101e-17 
 8.709635899560699e+03  9.999211033924178e-09 -0.000000000000000e+00 -5.566382041709268e-38  1.827343242900922e-17 
 8.912509381337344e+03  9.999252059428507e-09  8.000000000000000e+00 -5.315959681816528e-38  1.785747832424875e-17 
 9.120108393558983e+03  9.999203903514697e-09 -0.000000000000000e+00 -5.076808161385422e-38  1.745099249086749e-17 
 9.332543007969793e+03  9.999198201126072e-09 -0.000000000000000e+00 -4.848420210356908e-38  1.705375940469606e-17 
 9.549925860214238e+03  9.999198695367016e-09 -0.000000000000000e+00 -4.630311387463099e-38  1.666556844749420e-17 
 9.772372209557981e+03  9.999211104389423e-09 -0.000000000000000e+00 -4.422019053790534e-38  1.628621379527809e-17 
 9.999999999999871e+03  9.999189149546471e-09 -0.000000000000000e+00 -4.223101393752833e-38  1.591549430918974e-17 
 1.023292992280741e+04  9.999206058349779e-09 -0.000000000000000e+00 -4.033136476270394e-38  1.555321342885060e-17 
 1.047128548050886e+04  9.999183345400974e-09 -0.000000000000000e+00 -3.851721360430689e-38  1.519917906814256e-17 
 1.071519305237592e+04  9.999218028229880e-09 -0.000000000000000e+00 -3.678471240004580e-38  1.485320351336137e-17 
 1.096478196143171e+04  9.999223133436514e-09  8.000000000000000e+00 -3.513018628607739e-38  1.451510332368834e-17 
 1.122018454301949e+04  9.999225583023284e-09  8.000000000000000e+00 -3.355012579077085e-38  1.418469923392764e-17 
 1.148153621496868e+04  9.999180825754135e-09 -0.000000000000000e+00 -3.204117938564721e-38  1.386181605945747e-17 
 1.174897554939514e+04  9.999211928328827e-09 -0.000000000000000e+00 -3.060014641138556e-38  1.354628260334484e-17 
 1.202264434617397e+04  9.999197372557900e-09 -0.000000000000000e+00 -2.922397022870216e-38  1.323793156557476e-17 
 1.230268770812365e+04  9.999184062425863e-09 -0.000000000000000e+00 -2.790973178722510e-38  1.293659945434548e-17 
 1.258925411794151e+04  9.999204878905179e-09 -0.000000000000000e+00 -2.665464341339695e-38  1.264212649938304e-17 
 1.288249551693117e+04  9.999197038964550e-09 -0.000000000000000e+00 -2.545604289738109e-38  1.235435656722889e-17 
 1.318256738556390e+04  9.999219535023526e-09  1.600000000000000e+01 -2.431138784811515e-38  1.207313707845593e-17 
 1.348962882591636e+04  9.999216998017292e-09 -0.000000000000000e+00 -2.321825029232605e-38  1.179831892676883e-17 
 1.380384264602866e+04  9.999194276931287e-09 -0.000000000000000e+00 -2.217431154224546e-38  1.152975639994591e-17 
 1.412537544622735e+04  9.999223824915139e-09 -0.000000000000000e+00 -2.117735726876191e-38  1.126730710258062e-17 
 1.445439770745908e+04  9.999202857581440e-09 -0.000000000000000e+00 -2.022527278981214e-38  1.101083188058155e-17 
 1.479108388168187e+04  9.999199181302833e-09 -0.000000000000000e+00 -1.931603861406269e-38  1.076019474739116e-17 
 1.513561248436188e+04  9.999209121971255e-09 -0.000000000000000e+00 -1.844772613266396e-38  1.051526281188385e-17 
 1.548816618912460e+04  9.999206470279599e-09 -0.000000000000000e+00 -1.761849353756451e-38  1.027590620790536e-17 
 1.584893192461092e+04  9.999198865002130e-09 -0.000000000000000e+00 -1.682658191663965e-38  1.004199802541599e-17 
 1.621810097358908e+04  9.999191754612543e-09 -0.000000000000000e+00 -1.607031152094982e-38  9.813414243201264e-18 
 1.659586907437538e+04  9.999229296906905e-09  1.600000000000000e+01 -1.534807819801495e-38  9.590033663114170e-18 
 1.698243652461721e+04  9.999209513144333e-09 -0.000000000000000e+00 -1.465834999495208e-38  9.371737845814370e-18 
 1.737800828749351e+04  9.999233171606626e-09  1.600000000000000e+01 -1.399966390852913e-38  9.158411047970026e-18 
 1.778279410038898e+04  9.999209356044022e-09 -0.000000000000000e+00 -1.337062277592518e-38  8.949940160889226e-18 
 1.819700858609958e+04  9.999182159560860e-09 -0.000000000000000e+00 -1.276989231783555e-38  8.746214650548189e-18 
 1.862087136662842e+04  9.999185458794617e-09 -0.000000000000000e+00 -1.219619830654582e-38  8.547126498984710e-18 
 1.905460717963221e+04  9.999206130367665e-09 -0.000000000000000e+00 -1.164832386184330e-38  8.352570147025583e-18 
 1.949844599758018e+04  9.999238864653142e-09  1.600000000000000e+01 -1.112510687207519e-38  8.162442438317746e-18 
 1.995262314968852e+04  9.999225409238936e-09  1.600000000000000e+01 -1.062543751573092e-38  7.976642564633406e-18 
 2.041737944669501e+04  9.999200302436570e-09 -0.000000000000000e+00 -1.014825593631189e-38  7.795072012420184e-18 
 2.089296130854010e+04  9.999224398362359e-09 -0.000000000000000e+00 -9.692549969591227e-39  7.617634510567919e-18 
 2.137962089502202e+04  9.999228853055518e-09 -0.000000000000000e+00 -9.257353001822448e-39  7.444235979364471e-18 
 2.187761623949522e+04  9.999216631537520e-09  1.600000000000000e+01 -8.841741923981960e-39  7.274784480613392e-18 
 2.238721138568308e+04  9.999229708055895e-09 -0.000000000000000e+00 -8.444835171494354e-39  7.109190168887093e-18 
 2.290867652767740e+04  9.999225917511600e-09 -0.000000000000000e+00 -8.065790854293538e-39  6.947365243889594e-18 
 2.344228815319889e+04  9.999228760384684e-09 -0.000000000000000e+00 -7.703804971782777e-39  6.789223903903655e-18 
 2.398832919019456e+04  9.999216451449559e-09 -0.000000000000000e+00 -7.358109706387973e-39  6.634682300297568e-18 
 2.454708915684995e+04  9.999223044948610e-09 -0.000000000000000e+00 -7.027971793802908e-39  6.483658493067501e-18 
 2.511886431509544e+04  9.999220622400501e-09 -0.000000000000000e+00 -6.712690971439671e-39  6.336072407391824e-18 
 2.570395782768826e+04  9.999223434619012e-09 -0.000000000000000e+00 -6.411598491794894e-39  6.191845791174381e-18 
 2.630267991895344e+04  9.999227850008607e-09 -0.000000000000000e+00 -6.124055698730882e-39  6.050902173554184e-18 
 2.691534803926876e+04  9.999226937924541e-09 -0.000000000000000e+00 -5.849452681985846e-39  5.913166824359567e-18 
 2.754228703338126e+04  9.999227237753696e-09 -0.000000000000000e+00 -5.587206975722090e-39  5.778566714485238e-18 
 2.818382931264412e+04  9.999215510361393e-09  3.200000000000000e+01 -5.336762327129871e-39  5.647030477171303e-18 
 2.884031503126564e+04  9.999227941355087e-09 -0.000000000000000e+00 -5.097587516051781e-39  5.518488370163651e-18 
 2.951209226666342e+04  9.999246329058342e-09  3.200000000000000e+01 -4.869175227873976e-39  5.392872238735686e-18 
 3.019951720401971e+04  9.999229042435144e-09 -0.000000000000000e+00 -4.651040972618880e-39  5.270115479551804e-18 
 3.090295432513544e+04  9.999223342023008e-09 -0.000000000000000e+00 -4.442722070719234e-39  5.150153005353406e-18 
 3.162277660168332e+04  9.999238880214261e-09  3.200000000000000e+01 -4.243776655776321e-39  5.032921210448778e-18 
 3.235936569296234e+04  9.999243128834357e-09  3.200000000000000e+01 -4.053782747675790e-39  4.918357936988518e-18 
 3.311311214825861e+04  9.999218031930109e-09 -0.000000000000000e+00 -3.872337353956066e-39  4.806402442008616e-18 
 3.388441561391974e+04  9.999203926546781e-09  3.200000000000000e+01 -3.699055615995085e-39  4.696995365223721e-18 
 3.467368504525264e+04  9.999242060229864e-09  3.200000000000000e+01 -3.533569991283307e-39  4.590078697553551e-18 
 3.548133892335701e+04  9.999242644042054e-09  3.200000000000000e+01 -3.375529475877725e-39  4.485595750365698e-18 
 3.630780547700958e+04  9.999261875507041e-09  3.200000000000000e+01 -3.224598859304673e-39  4.383491125418571e-18 
 3.715352290971669e+04  9.999254782411115e-09  3.200000000000000e+01 -3.080458012053317e-39  4.283710685488504e-18 
 3.801893963205554e+04  9.999228086664019e-09 -0.000000000000000e+00 -2.942801208768430e-39  4.186201525665497e-18 
 3.890451449942747e+04  9.999270643841650e-09  3.200000000000000e+01 -2.811336482316218e-39  4.090911945302324e-18 
 3.981071705534912e+04  9.999230053068008e-09 -0.000000000000000e+00 -2.685784994320982e-39  3.997791420602174e-18 
 4.073802778041065e+04  9.999239424323760e-09 -0.000000000000000e+00 -2.565880457432321e-39  3.906790577830251e-18 
 4.168693834703290e+04  9.999234975234174e-09 -0.000000000000000e+00 -2.451368561381095e-39  3.817861167135180e-18 
 4.265795188015862e+04  9.999236376002359e-09 -0.000000000000000e+00 -2.342006437014159e-39  3.730956036966291e-18 
 4.365158322401593e+04  9.999248708878785e-09 -0.000000000000000e+00 -2.237562140524391e-39  3.646029109073244e-18 
 4.466835921509562e+04  9.999233054084594e-09 -0.000000000000000e+00 -2.137814161545278e-39  3.563035354074727e-18 
 4.570881896148680e+04  9.999228845990948e-09 -0.000000000000000e+00 -2.042550955155876e-39  3.481930767583290e-18 
 4.677351412871909e+04  9.999247361892641e-09 -0.000000000000000e+00 -1.951570491350662e-39  3.402672346873627e-18 
 4.786300923226309e+04  9.999253466507026e-09 -0.000000000000000e+00 -1.864679827010040e-39  3.325218068081970e-18 
 4.897788193684386e+04  9.999266423657799e-09 -0.000000000000000e+00 -1.781694697745209e-39  3.249526863924474e-18 
 5.011872336272644e+04  9.999257811753044e-09 -0.000000000000000e+00 -1.702439127204705e-39  3.175558601922803e-18 
 5.128613839913568e+04  9.999257146272197e-09 -0.000000000000000e+00 -1.626745053705111e-39  3.103274063125360e-18 
 5.248074602497643e+04  9.999261304558011e-09 -0.000000000000000e+00 -1.554451973569814e-39  3.032634921312874e-18 
 5.370317963702443e+04  9.999263903169674e-09 -0.000000000000000e+00 -1.485406601830687e-39  2.963603722677337e-18 
 5.495408738576159e+04  9.999272028588252e-09 -0.000000000000000e+00 -1.419462547725389e-39  2.896143865963496e-18 
 5.623413251903402e+04  9.999273068822914e-09 -0.000000000000000e+00 -1.356480003272387e-39  2.830219583062385e-18 
 5.754399373371479e+04  9.999250275404371e-09 -0.000000000000000e+00 -1.296325447758384e-39  2.765795920046598e-18 
 5.888436553555797e+04  9.999273626768556e-09 -0.000000000000000e+00 -1.238871365682074e-39  2.702838718637257e-18 
 6.025595860743483e+04  9.999248757979388e-09 -0.000000000000000e+00 -1.183995975007549e-39  2.641314598092837e-18 
 6.165950018614724e+04  9.999260428879088e-09 -0.000000000000000e+00 -1.131582971257035e-39  2.581190937510258e-18 
 6.309573444801832e+04  9.999281234521193e-09 -0.000000000000000e+00 -1.081521279094117e-39  2.522435858528848e-18 
 6.456542290346453e+04  9.999298154237576e-09 -0.000000000000000e+00 -1.033704819165593e-39  2.465018208428016e-18 
 6.606934480075855e+04  9.999293981521483e-09 -0.000000000000000e+00 -9.880322826795041e-40  2.408907543609666e-18 
 6.760829753919710e+04  9.999288864936850e-09 -0.000000000000000e+00 -9.444069171328581e-40  2.354074113456599e-18 
 6.918309709189254e+04  9.999301956308399e-09 -0.000000000000000e+00 -9.027363217585081e-40  2.300488844558340e-18 
 7.079457843841266e+04  9.999285457905511e-09 -0.000000000000000e+00 -8.629322516275523e-40  2.248123325296036e-18 
 7.244359600749785e+04  9.999307546160779e-09 -0.000000000000000e+00 -8.249104324080557e-40  2.196949790778235e-18 
 7.413102413009056e+04  9.999313597367916e-09 -0.000000000000000e+00 -7.885903801302108e-40  2.146941108119572e-18 
 7.585775750291716e+04  9.999334826795545e-09  6.400000000000000e+01 -7.538952333125805e-40  2.098070762054558e-18 
 7.762471166286792e+04  9.999318303495767e-09 -0.000000000000000e+00 -7.207515887568358e-40  2.050312840878838e-18 
 7.943282347242687e+04  9.999313904108204e-09 -0.000000000000000e+00 -6.890893477320703e-40  2.003642022710448e-18 
 8.128305161640861e+04  9.999360742667389e-09 -0.000000000000000e+00 -6.588415676481092e-40  1.958033562063838e-18 
 8.317637711026576e+04  9.999331109545130e-09 -0.000000000000000e+00 -6.299443199928428e-40  1.913463276729471e-18 
 8.511380382023628e+04  9.999385505804352e-09  6.400000000000000e+01 -6.023365568166044e-40  1.869907534952107e-18 
 8.709635899560666e+04  9.999345939631558e-09 -0.000000000000000e+00 -5.759599804530303e-40  1.827343242900929e-18 
 8.912509381337311e+04  9.999359736919185e-09 -0.000000000000000e+00 -5.507589220170114e-40  1.785747832424883e-18 
 9.120108393558950e+04  9.999359293493948e-09 -0.000000000000000e+00 -5.266802227700549e-40  1.745099249086755e-18 
 9.332543007969759e+04  9.999354319521513e-09 -0.000000000000000e+00 -5.036731225957142e-40  1.705375940469613e-18 
 9.549925860214204e+04  9.999382117613713e-09 -0.000000000000000e+00 -4.816891531008192e-40  1.666556844749426e-18 
 9.772372209557948e+04  9.999359443748836e-09 -0.000000000000000e+00 -4.606820348524851e-40  1.628621379527814e-18 
 9.999999999999837e+04  9.999393607615460e-09 -0.000000000000000e+00 -4.406075808767950e-40  1.591549430918980e-18 
 1.023292992280737e+05  9.999393088804981e-09 -0.000000000000000e+00 -4.214236021440347e-40  1.555321342885065e-18 
 1.047128548050882e+05  9.999416902361982e-09 -0.000000000000000e+00 -4.030898197334186e-40  1.519917906814261e-18 
 1.071519305237589e+05  9.999427150781190e-09 -0.000000000000000e+00 -3.855677792373554e-40  1.485320351336141e-18 
 1.096478196143167e+05  9.999430333628865e-09 -0.000000000000000e+00 -3.688207697991097e-40  1.451510332368839e-18 
 1.122018454301945e+05  9.999465416282854e-09 -0.000000000000000e+00 -3.528137467245931e-40  1.418469923392769e-18 
 1.148153621496864e+05  9.999447586290915e-09 -0.000000000000000e+00 -3.375132571563600e-40  1.386181605945752e-18 
 1.174897554939510e+05  9.999463064581697e-09 -0.000000000000000e+00 -3.228873696209312e-40  1.354628260334489e-18 
 1.202264434617393e+05  9.999472980697142e-09 -0.000000000000000e+00 -3.089056060693865e-40  1.323793156557480e-18 
 1.230268770812361e+05  9.999508013366243e-09 -0.000000000000000e+00 -2.955388776201093e-40  1.293659945434553e-18 
 1.258925411794146e+05  9.999520775786330e-09 -0.000000000000000e+00 -2.827594224534483e-40  1.264212649938308e-18 
 1.288249551693113e+05  9.999536257242394e-09 -0.000000000000000e+00 -2.705407470189175e-40  1.235435656722893e-18 
 1.318256738556385e+05  9.999517649577869e-09 -0.000000000000000e+00 -2.588575692881560e-40  1.207313707845597e-18 
 1.348962882591631e+05  9.999505341015517e-09 -0.000000000000000e+00 -2.476857651475097e-40  1.179831892676887e-18 
 1.380384264602862e+05  9.999562032087434e-09 -0.000000000000000e+00 -2.370023163302818e-40  1.152975639994595e-18 
 1.412537544622731e+05  9.999578267045452e-09 -0.000000000000000e+00 -2.267852609568703e-40  1.126730710258065e-18 
 1.445439770745904e+05  9.999599138891425e-09  1.280000000000000e+02 -2.170136465701290e-40  1.101083188058158e-18 
 1.479108388168183e+05  9.999590947024633e-09 -0.000000000000000e+00 -2.076674843504106e-40  1.076019474739119e-18 
 1.513561248436183e+05  9.999642834584015e-09  1.280000000000000e+02 -1.987277063513642e-40  1.051526281188388e-18 
 1.548816618912456e+05  9.999657482358155e-09 -0.000000000000000e+00 -1.901761231995016e-40  1.027590620790539e-18 
 1.584893192461087e+05  9.999684931304714e-09  1.280000000000000e+02 -1.819953850051420e-40  1.004199802541602e-18 
 1.621810097358903e+05  9.999689142853760e-09 -0.000000000000000e+00 -1.741689428178223e-40  9.813414243201296e-19 
 1.659586907437533e+05  9.999717706206496e-09  1.280000000000000e+02 -1.666810122857306e-40  9.590033663114197e-19 
 1.698243652461716e+05  9.999740864377782e-09 -0.000000000000000e+00 -1.595165386832802e-40  9.371737845814398e-19 
 1.737800828749346e+05  9.999749982372844e-09 -0.000000000000000e+00 -1.526611633111349e-40  9.158411047970058e-19 
 1.778279410038893e+05  9.999787784457751e-09 -0.000000000000000e+00 -1.461011914919418e-40  8.949940160889253e-19 
 1.819700858609953e+05  9.999841707216578e-09  1.280000000000000e+02 -1.398235617736019e-40  8.746214650548209e-19 
 1.862087136662836e+05  9.999851716590144e-09 -0.000000000000000e+00 -1.338158163508243e-40  8.547126498984734e-19 
 1.905460717963215e+05  9.999882004470293e-09 -0.000000000000000e+00 -1.280660731430813e-40  8.352570147025609e-19 
 1.949844599758012e+05  9.999894239934956e-09 -0.000000000000000e+00 -1.225629984195497e-40  8.162442438317772e-19 
 1.995262314968846e+05  9.999951679373965e-09 -0.000000000000000e+00 -1.172957812392168e-40  7.976642564633432e-19 
 2.041737944669495e+05  9.999994089551718e-09 -0.000000000000000e+00 -1.122541084629973e-40  7.795072012420206e-19 
 2.089296130854004e+05  1.000000107736694e-08 -0.000000000000000e+00 -1.074281411837364e-40  7.617634510567941e-19 
 2.137962089502196e+05  1.000006336174729e-08 -0.000000000000000e+00 -1.028084921444801e-40  7.444235979364492e-19 
 2.187761623949515e+05  1.000005702372117e-08 -0.000000000000000e+00 -9.838620394278879e-41  7.274784480613416e-19 
 2.238721138568301e+05  1.000015556008986e-08 -0.000000000000000e+00 -9.415272855543576e-41  7.109190168887115e-19 
 2.290867652767734e+05  1.000017333540985e-08 -0.000000000000000e+00 -9.009990733955947e-41  6.947365243889614e-19 
 2.344228815319882e+05  1.000023092578734e-08 -0.000000000000000e+00 -8.621995246021819e-41  6.789223903903673e-19 
 2.398832919019449e+05  1.000029026323551e-08 -0.000000000000000e+00 -8.250542877438913e-41  6.634682300297586e-19 
 2.454708915684988e+05  1.000030666038648e-08  2.560000000000000e+02 -7.894923674535751e-41  6.483658493067517e-19 
 2.511886431509537e+05  1.000038394860782e-08 -0.000000000000000e+00 -7.554459617246943e-41  6.336072407391841e-19 
 2.570395782768819e+05  1.000041385817470e-08 -0.000000000000000e+00 -7.228503064308679e-41  6.191845791174398e-19 
 2.630267991895336e+05  1.000045822435268e-08 -0.000000000000000e+00 -6.916435275976446e-41  6.050902173554201e-19 
 2.691534803926869e+05  1.000056101309718e-08 -0.000000000000000e+00 -6.617665016063917e-41  5.913166824359582e-19 
 2.754228703338119e+05  1.000059665362208e-08 -0.000000000000000e+00 -6.331627207270191e-41  5.778566714485255e-19 
 2.818382931264405e+05  1.000064301680175e-08 -0.000000000000000e+00 -6.057781684104519e-41  5.647030477171320e-19 
 2.884031503126556e+05  1.000074900518750e-08 -0.000000000000000e+00 -5.795611975629429e-41  5.518488370163665e-19 
 2.951209226666334e+05  1.000081653662204e-08  2.560000000000000e+02 -5.544624167131809e-41  5.392872238735699e-19 
 3.019951720401964e+05  1.000089897348464e-08  2.560000000000000e+02 -5.304345830827550e-41  5.270115479551817e-19 
 3.090295432513537e+05  1.000095610393919e-08 -0.000000000000000e+00 -5.074324989846762e-41  5.150153005353419e-19 
 3.162277660168324e+05  1.000102669773093e-08 -0.000000000000000e+00 -4.854129158446941e-41  5.032921210448791e-19 
 3.235936569296226e+05  1.000113774886043e-08 -0.000000000000000e+00 -4.643344417859846e-41  4.918357936988532e-19 
 3.311311214825853e+05  1.000122602444710e-08 -0.000000000000000e+00 -4.441574544554296e-41  4.806402442008627e-19 
 3.388441561391967e+05  1.000133741783373e-08 -0.000000000000000e+00 -4.248440193147518e-41  4.696995365223733e-19 
 3.467368504525256e+05  1.000141182018052e-08  2.560000000000000e+02 -4.063578111298030e-41  4.590078697553561e-19 
 3.548133892335693e+05  1.000150416263791e-08  2.560000000000000e+02 -3.886640406476740e-41  4.485595750365710e-19 
 3.630780547700950e+05  1.000164355730899e-08 -0.000000000000000e+00 -3.717293843476170e-41  4.383491125418583e-19 
 3.715352290971660e+05  1.000170057291066e-08 -0.000000000000000e+00 -3.555219180858068e-41  4.283710685488514e-19 
 3.801893963205545e+05  1.000185451274480e-08 -0.000000000000000e+00 -3.400110553721970e-41  4.186201525665508e-19 
 3.890451449942738e+05  1.000198235131126e-08 -0.000000000000000e+00 -3.251674867739897e-41  4.090911945302335e-19 
 3.981071705534903e+05  1.000211591916881e-08 -0.000000000000000e+00 -3.109631243845414e-41  3.997791420602183e-19 
 4.073802778041056e+05  1.000223983598645e-08 -0.000000000000000e+00 -2.973710482092247e-41  3.906790577830260e-19 
 4.168693834703281e+05  1.000236661689721e-08 -0.000000000000000e+00 -2.843654556086393e-41  3.817861167135189e-19 
 4.265795188015852e+05  1.000254007390763e-08 -0.000000000000000e+00 -2.719216131925564e-41  3.730956036966300e-19 
 4.365158322401583e+05  1.000266992760484e-08 -0.000000000000000e+00 -2.600158110351042e-41  3.646029109073252e-19 
 4.466835921509552e+05  1.000284466391653e-08 -0.000000000000000e+00 -2.486253195310799e-41  3.563035354074736e-19 
 4.570881896148669e+05  1.000303432028144e-08 -0.000000000000000e+00 -2.377283478012936e-41  3.481930767583297e-19 
 4.677351412871899e+05  1.000323928274984e-08  5.120000000000000e+02 -2.273040047467696e-41  3.402672346873634e-19 
 4.786300923226299e+05  1.000338285286614e-08 -0.000000000000000e+00 -2.173322611969208e-41  3.325218068081976e-19 
 4.897788193684375e+05  1.000360579036294e-08 -0.000000000000000e+00 -2.077939148963985e-41  3.249526863924481e-19 
 5.011872336272634e+05  1.000380693747790e-08 -0.000000000000000e+00 -1.986705557438031e-41  3.175558601922810e-19 
 5.128613839913558e+05  1.000401153270981e-08 -0.000000000000000e+00 -1.899445339588298e-41  3.103274063125366e-19 
 5.248074602497633e+05  1.000424430353668e-08 -0.000000000000000e+00 -1.815989286388286e-41  3.032634921312881e-19 
 5.370317963702432e+05  1.000446694883624e-08 -0.000000000000000e+00 -1.736175184261358e-41  2.963603722677343e-19 
 5.495408738576148e+05  1.000476225226383e-08  5.120000000000000e+02 -1.659847529613743e-41  2.896143865963501e-19 
 5.623413251903391e+05  1.000500005428684e-08  5.120000000000000e+02 -1.586857258057149e-41  2.830219583062390e-19 
 5.754399373371467e+05  1.000526886758416e-08 -0.000000000000000e+00 -1.517061486318181e-41  2.765795920046603e-19 
 5.888436553555785e+05  1.000557150133393e-08  5.120000000000000e+02 -1.450323261762355e-41  2.702838718637261e-19 
 6.025595860743470e+05  1.000581466041891e-08 -0.000000000000000e+00 -1.386511323109893e-41  2.641314598092843e-19 
 6.165950018614712e+05  1.000614401855728e-08 -0.000000000000000e+00 -1.325499875288002e-41  2.581190937510263e-19 
 6.309573444801820e+05  1.000647175941913e-08 -0.000000000000000e+00 -1.267168366195413e-41  2.522435858528853e-19 
 6.456542290346441e+05  1.000682367967218e-08  5.120000000000000e+02 -1.211401278274253e-41  2.465018208428020e-19 
 6.606934480075843e+05  1.000717388773963e-08 -0.000000000000000e+00 -1.158087925149063e-41  2.408907543609671e-19 
 6.760829753919698e+05  1.000755652207420e-08 -0.000000000000000e+00 -1.107122258754846e-41  2.354074113456603e-19 
 6.918309709189242e+05  1.000795239987668e-08 -0.000000000000000e+00 -1.058402681966212e-41  2.300488844558344e-19 
 7.079457843841253e+05  1.000835122436686e-08 -0.000000000000000e+00 -1.011831869169966e-41  2.248123325296041e-19 
 7.244359600749771e+05  1.000882292702022e-08  5.120000000000000e+02 -9.673165951225617e-42  2.196949790778238e-19 
 7.413102413009043e+05  1.000925443141826e-08 -0.000000000000000e+00 -9.247675676370988e-42  2.146941108119576e-19 
 7.585775750291703e+05  1.000970989659638e-08 -0.000000000000000e+00 -8.840992703620931e-42  2.098070762054563e-19 
 7.762471166286779e+05  1.001021157984547e-08 -0.000000000000000e+00 -8.452298087693123e-42  2.050312840878841e-19 
 7.943282347242674e+05  1.001075005080836e-08 -0.000000000000000e+00 -8.080807630001245e-42  2.003642022710451e-19 
 8.128305161640848e+05  1.001126471357499e-08 -0.000000000000000e+00 -7.725770464311106e-42  1.958033562063841e-19 
 8.317637711026561e+05  1.001186343207003e-08 -0.000000000000000e+00 -7.386467706938003e-42  1.913463276729475e-19 
 8.511380382023612e+05  1.001243056704275e-08 -0.000000000000000e+00 -7.062211132168508e-42  1.869907534952112e-19 
 8.709635899560649e+05  1.001303886893461e-08  1.024000000000000e+03 -6.752341932173496e-42  1.827343242900932e-19 
 8.912509381337294e+05  1.001369602847159e-08 -0.000000000000000e+00 -6.456229497856947e-42  1.785747832424886e-19 
 9.120108393558932e+05  1.001442505830391e-08  1.024000000000000e+03 -6.173270262786274e-42  1.745099249086758e-19 
 9.332543007969741e+05  1.001510348543564e-08 -0.000000000000000e+00 -5.902886579848253e-42  1.705375940469616e-19 
 9.549925860214186e+05  1.001585313952803e-08 -0.000000000000000e+00 -5.644525660526450e-42  1.666556844749430e-19 
 9.772372209557928e+05  1.001665308846008e-08 -0.000000000000000e+00 -5.397658532639071e-42  1.628621379527817e-19 
 9.999999999999817e+05  1.001747730425081e-08 -0.000000000000000e+00 -5.161779051653973e-42  1.591549430918982e-19 
 1.023292992280735e+06  1.001829425981095e-08 -0.000000000000000e+00 -4.936402950875955e-42  1.555321342885069e-19 
 1.047128548050880e+06  1.001924897000881e-08 -0.000000000000000e+00 -4.721066929297428e-42  1.519917906814264e-19 
 1.071519305237587e+06  1.002018588340738e-08 -0.000000000000000e+00 -4.515327765329332e-42  1.485320351336144e-19 
 1.096478196143165e+06  1.002120758335717e-08  1.024000000000000e+03 -4.318761479634450e-42  1.451510332368841e-19 
 1.122018454301943e+06  1.002220612789087e-08  1.024000000000000e+03 -4.130962520520958e-42  1.418469923392772e-19 
 1.148153621496861e+06  1.002326041021040e-08 -0.000000000000000e+00 -3.951542992714929e-42  1.386181605945755e-19 
 1.174897554939508e+06  1.002441972971388e-08 -0.000000000000000e+00 -3.780131905568120e-42  1.354628260334492e-19 
 1.202264434617390e+06  1.002564178729963e-08 -0.000000000000000e+00 -3.616374453950236e-42  1.323793156557484e-19 
 1.230268770812358e+06  1.002687710384673e-08  1.024000000000000e+03 -3.459931336872262e-42  1.293659945434555e-19 
 1.258925411794143e+06  1.002812943083607e-08 -0.000000000000000e+00 -3.310478090441276e-42  1.264212649938311e-19 
 1.288249551693110e+06  1.002952464955773e-08  1.024000000000000e+03 -3.167704465576108e-42  1.235435656722896e-19 
 1.318256738556382e+06  1.003095495237113e-08 -0.000000000000000e+00 -3.031313807358825e-42  1.207313707845600e-19 
 1.348962882591628e+06  1.003244278260109e-08 -0.000000000000000e+00 -2.901022481458386e-42  1.179831892676890e-19 
 1.380384264602859e+06  1.003402304214385e-08 -0.000000000000000e+00 -2.776559312780426e-42  1.152975639994598e-19 
 1.412537544622727e+06  1.003563509610761e-08 -0.000000000000000e+00 -2.657665048851580e-42  1.126730710258068e-19 
 1.445439770745900e+06  1.003734941142535e-08 -0.000000000000000e+00 -2.544091849086289e-42  1.101083188058161e-19 
 1.479108388168179e+06  1.003915413011761e-08 -0.000000000000000e+00 -2.435602789505132e-42  1.076019474739122e-19 
 1.513561248436179e+06  1.004104773665224e-08 -0.000000000000000e+00 -2.331971392611492e-42  1.051526281188391e-19 
 1.548816618912452e+06  1.004302541241464e-08 -0.000000000000000e+00 -2.232981174459094e-42  1.027590620790541e-19 
 1.584893192461083e+06  1.004507873695207e-08 -0.000000000000000e+00 -2.138425212429094e-42  1.004199802541605e-19 
 1.621810097358899e+06  1.004724247319114e-08 -0.000000000000000e+00 -2.048105729197432e-42  9.813414243201317e-20 
 1.659586907437529e+06  1.004950332257712e-08 -0.000000000000000e+00 -1.961833695249840e-42  9.590033663114223e-20 
 1.698243652461712e+06  1.005189285642106e-08 -0.000000000000000e+00 -1.879428448971611e-42  9.371737845814418e-20 
 1.737800828749342e+06  1.005440877727983e-08 -0.000000000000000e+00 -1.800717329804670e-42  9.158411047970079e-20 
 1.778279410038889e+06  1.005695923571064e-08 -0.000000000000000e+00 -1.725535330527318e-42  8.949940160889274e-20 
 1.819700858609949e+06  1.005966958511313e-08 -0.000000000000000e+00 -1.653724763187014e-42  8.746214650548234e-20 
 1.862087136662832e+06  1.006251167593421e-08 -0.000000000000000e+00 -1.585134937101358e-42  8.547126498984754e-20 
 1.905460717963211e+06  1.006550672356435e-08  2.048000000000000e+03 -1.519621853385490e-42  8.352570147025625e-20 
 1.949844599758008e+06  1.006861803965065e-08  2.048000000000000e+03 -1.457047911089624e-42  8.162442438317790e-20 
 1.995262314968841e+06  1.007191809610785e-08 -0.000000000000000e+00 -1.397281626462267e-42  7.976642564633452e-20 
 2.041737944669490e+06  1.007532480303173e-08 -0.000000000000000e+00 -1.340197363732944e-42  7.795072012420224e-20 
 2.089296130853999e+06  1.007890680999161e-08 -0.000000000000000e+00 -1.285675078335448e-42  7.617634510567958e-20 
 2.137962089502191e+06  1.008267392703656e-08 -0.000000000000000e+00 -1.233600070166723e-42  7.444235979364510e-20 
 2.187761623949510e+06  1.008661233562293e-08 -0.000000000000000e+00 -1.183862748121546e-42  7.274784480613433e-20 
 2.238721138568296e+06  1.009072521482005e-08 -0.000000000000000e+00 -1.136358404624161e-42  7.109190168887131e-20 
 2.290867652767729e+06  1.009503488311806e-08 -0.000000000000000e+00 -1.090987000265981e-42  6.947365243889630e-20 
 2.344228815319877e+06  1.009955105451972e-08 -0.000000000000000e+00 -1.047652957255868e-42  6.789223903903690e-20 
 2.398832919019444e+06  1.010426933485562e-08 -0.000000000000000e+00 -1.006264962060801e-42  6.634682300297602e-20 
 2.454708915684983e+06  1.010924090444024e-08 -0.000000000000000e+00 -9.667357768936185e-43  6.483658493067534e-20 
 2.511886431509531e+06  1.011444535973187e-08  2.048000000000000e+03 -9.289820587769018e-43  6.336072407391854e-20 
 2.570395782768813e+06  1.011984439534027e-08 -0.000000000000000e+00 -8.929241871835933e-43  6.191845791174410e-20 
 2.630267991895330e+06  1.012555816542431e-08  2.048000000000000e+03 -8.584860991111238e-43  6.050902173554213e-20 
 2.691534803926863e+06  1.013149319557072e-08 -0.000000000000000e+00 -8.255951306098945e-43  5.913166824359595e-20 
 2.754228703338112e+06  1.013773021465050e-08  2.048000000000000e+03 -7.941818664968981e-43  5.778566714485266e-20 
 2.818382931264398e+06  1.014427221029348e-08  2.048000000000000e+03 -7.641799956843827e-43  5.647030477171331e-20 
 2.884031503126549e+06  1.015107690520633e-08 -0.000000000000000e+00 -7.355261728267441e-43  5.518488370163679e-20 
 2.951209226666328e+06  1.015823727308748e-08 -0.000000000000000e+00 -7.081598873653266e-43  5.392872238735713e-20 
 3.019951720401957e+06  1.016571988171102e-08 -0.000000000000000e+00 -6.820233361814615e-43  5.270115479551831e-20 
 3.090295432513529e+06  1.017357413322976e-08 -0.000000000000000e+00 -6.570613038880068e-43  5.150153005353432e-20 
 3.162277660168317e+06  1.018180443744968e-08 -0.000000000000000e+00 -6.332210472465242e-43  5.032921210448804e-20 
 3.235936569296218e+06  1.019041179313401e-08 -0.000000000000000e+00 -6.104521849996312e-43  4.918357936988543e-20 
 3.311311214825845e+06  1.019939347241853e-08 -0.000000000000000e+00 -5.887065924360409e-43  4.806402442008639e-20 
 3.388441561391958e+06  1.020884109531071e-08 -0.000000000000000e+00 -5.679383013189104e-43  4.696995365223745e-20 
 3.467368504525247e+06  1.021871677019138e-08 -0.000000000000000e+00 -5.481034027126438e-43  4.590078697553575e-20 
 3.548133892335684e+06  1.022909523287600e-08  4.096000000000000e+03 -5.291599560379485e-43  4.485595750365720e-20 
 3.630780547700941e+06  1.023991366898868e-08 -0.000000000000000e+00 -5.110679003455897e-43  4.383491125418594e-20 
 3.715352290971651e+06  1.025126112263496e-08 -0.000000000000000e+00 -4.937889710379096e-43  4.283710685488525e-20 
 3.801893963205536e+06  1.026315740797026e-08  4.096000000000000e+03 -4.772866193504972e-43  4.186201525665516e-20 
 3.890451449942728e+06  1.027558233621567e-08 -0.000000000000000e+00 -4.615259354306319e-43  4.090911945302344e-20 
 3.981071705534893e+06  1.028858668992186e-08 -0.000000000000000e+00 -4.464735754759354e-43  3.997791420602194e-20 
 4.073802778041046e+06  1.030222184587686e-08 -0.000000000000000e+00 -4.320976916334718e-43  3.906790577830269e-20 
 4.168693834703270e+06  1.031651951027402e-08 -0.000000000000000e+00 -4.183678649624777e-43  3.817861167135199e-20 
 4.265795188015841e+06  1.033144797811415e-08 -0.000000000000000e+00 -4.052550414924402e-43  3.730956036966309e-20 
 4.365158322401572e+06  1.034713712678553e-08 -0.000000000000000e+00 -3.927314715628899e-43  3.646029109073261e-20 
 4.466835921509542e+06  1.036350835888191e-08 -0.000000000000000e+00 -3.807706508716341e-43  3.563035354074744e-20 
 4.570881896148658e+06  1.038071436870451e-08  4.096000000000000e+03 -3.693472654829742e-43  3.481930767583305e-20 
 4.677351412871888e+06  1.039867988658648e-08  4.096000000000000e+03 -3.584371378488222e-43  3.402672346873641e-20 
 4.786300923226287e+06  1.041751461825439e-08 -0.000000000000000e+00 -3.480171765345791e-43  3.325218068081986e-20 
 4.897788193684363e+06  1.043720344785472e-08 -0.000000000000000e+00 -3.380653274020648e-43  3.249526863924489e-20 
 5.011872336272622e+06  1.045785830069060e-08  4.096000000000000e+03 -3.285605272644543e-43  3.175558601922817e-20 
 5.128613839913545e+06  1.047946010626868e-08 -0.000000000000000e+00 -3.194826594818649e-43  3.103274063125374e-20 
 5.248074602497620e+06  1.050210981476951e-08  4.096000000000000e+03 -3.108125118428335e-43  3.032634921312887e-20 
 5.370317963702418e+06  1.052582169057897e-08  4.096000000000000e+03 -3.025317360144630e-43  2.963603722677349e-20 
 5.495408738576134e+06  1.055061922923580e-08  4.096000000000000e+03 -2.946228088829085e-43  2.896143865963508e-20 
 5.623413251903377e+06  1.057660437627205e-08 -0.000000000000000e+00 -2.870689959318004e-43  2.830219583062398e-20 
 5.754399373371452e+06  1.060382744148227e-08 -0.000000000000000e+00 -2.798543159084556e-43  2.765795920046611e-20 
 5.888436553555770e+06  1.063232345985928e-08 -0.000000000000000e+00 -2.729635072049221e-43  2.702838718637269e-20 
 6.025595860743455e+06  1.066216865788348e-08 -0.000000000000000e+00 -2.663819959172512e-43  2.641314598092849e-20 
 6.165950018614695e+06  1.069341063733998e-08 -0.000000000000000e+00 -2.600958651343314e-43  2.581190937510270e-20 
 6.309573444801803e+06  1.072611063248924e-08 -0.000000000000000e+00 -2.540918257930775e-43  2.522435858528860e-20 
 6.456542290346422e+06  1.076039191905083e-08 -0.000000000000000e+00 -2.483571888037666e-43  2.465018208428027e-20 
 6.606934480075824e+06  1.079622305215304e-08 -0.000000000000000e+00 -2.428798383438242e-43  2.408907543609677e-20 
 6.760829753919679e+06  1.083380845249400e-08 -0.000000000000000e+00 -2.376482067275086e-43  2.354074113456609e-20 
 6.918309709189222e+06  1.087313070597257e-08 -0.000000000000000e+00 -2.326512499056756e-43  2.300488844558351e-20 
 7.079457843841233e+06  1.091433504558741e-08 -0.000000000000000e+00 -2.278784246207820e-43  2.248123325296047e-20 
 7.244359600749752e+06  1.095745057439216e-08 -0.000000000000000e+00 -2.233196662041978e-43  2.196949790778244e-20 
 7.413102413009022e+06  1.100262736679612e-08 -0.000000000000000e+00 -2.189653678170453e-43  2.146941108119581e-20 
 7.585775750291681e+06  1.104991198612158e-08  8.192000000000000e+03 -2.148063602349679e-43  2.098070762054568e-20 
 7.762471166286756e+06  1.109942273731770e-08 -0.000000000000000e+00 -2.108338929330163e-43  2.050312840878847e-20 
 7.943282347242650e+06  1.115124269583856e-08 -0.000000000000000e+00 -2.070396158607123e-43  2.003642022710458e-20 
 8.128305161640823e+06  1.120557261445140e-08 -0.000000000000000e+00 -2.034155622260969e-43  1.958033562063847e-20 
 8.317637711026536e+06  1.126244251039549e-08  8.192000000000000e+03 -1.999541319488304e-43  1.913463276729480e-20 
 8.511380382023586e+06  1.132193817659185e-08 -0.000000000000000e+00 -1.966480760411524e-43  1.869907534952117e-20 
 8.709635899560623e+06  1.138427106878539e-08 -0.000000000000000e+00 -1.934904817743793e-43  1.827343242900938e-20 
 8.912509381337266e+06  1.144955552276435e-08 -0.000000000000000e+00 -1.904747584160324e-43  1.785747832424892e-20 
 9.120108393558905e+06  1.151792905562082e-08 -0.000000000000000e+00 -1.875946237953108e-43  1.745099249086764e-20 
 9.332543007969713e+06  1.158947574043066e-08 -0.000000000000000e+00 -1.848440914951673e-43  1.705375940469621e-20 
 9.549925860214157e+06  1.166442760882459e-08 -0.000000000000000e+00 -1.822174587419876e-43  1.666556844749434e-20 
 9.772372209557900e+06  1.174292163768700e-08 -0.000000000000000e+00 -1.797092948438196e-43  1.628621379527822e-20 
 9.999999999999788e+06  1.182508460637909e-08 -0.000000000000000e+00 -1.773144302062270e-43  1.591549430918987e-20 
 1.023292992280732e+07  1.191114301549570e-08 -0.000000000000000e+00 -1.750279460113035e-43  1.555321342885074e-20 
 1.047128548050877e+07  1.200123168942231e-08  8.192000000000000e+03 -1.728451643608445e-43  1.519917906814268e-20 
 1.071519305237583e+07  1.209560272776197e-08 -0.000000000000000e+00 -1.707616389257056e-43  1.485320351336149e-20 
 1.096478196143162e+07  1.219442658889100e-08  8.192000000000000e+03 -1.687731461383753e-43  1.451510332368845e-20 
 1.122018454301939e+07  1.229784956515890e-08 -0.000000000000000e+00 -1.668756768181641e-43  1.418469923392776e-20 
 1.148153621496858e+07  1.240618504671553e-08 -0.000000000000000e+00 -1.650654282993542e-43  1.386181605945759e-20 
 1.174897554939504e+07  1.251960569462481e-08 -0.000000000000000e+00 -1.633387968677055e-43  1.354628260334496e-20 
 1.202264434617387e+07  1.263841684066191e-08 -0.000000000000000e+00 -1.616923707398420e-43  1.323793156557487e-20 
 1.230268770812355e+07  1.276277380520929e-08 -0.000000000000000e+00 -1.601229233000080e-43  1.293659945434559e-20 
 1.258925411794140e+07  1.289302895848524e-08 -0.000000000000000e+00 -1.586274067896831e-43  1.264212649938314e-20 
 1.288249551693106e+07  1.302939587787639e-08 -0.000000000000000e+00 -1.572029462570644e-43  1.235435656722899e-20 
 1.318256738556379e+07  1.317221902289700e-08 -0.000000000000000e+00 -1.558468338485865e-43  1.207313707845603e-20 
 1.348962882591625e+07  1.332177625965419e-08 -0.000000000000000e+00 -1.545565233815653e-43  1.179831892676893e-20 
 1.380384264602855e+07  1.347835342430714e-08 -0.000000000000000e+00 -1.533296251480805e-43  1.152975639994601e-20 
 1.412537544622724e+07  1.364232991272841e-08  1.638400000000000e+04 -1.521639010323045e-43  1.126730710258071e-20 
 1.445439770745896e+07  1.381397886150072e-08 -0.000000000000000e+00 -1.510572597044075e-43  1.101083188058164e-20 
 1.479108388168175e+07  1.399381144439791e-08  1.638400000000000e+04 -1.500077521418557e-43  1.076019474739125e-20 
 1.513561248436175e+07  1.418205444245012e-08 -0.000000000000000e+00 -1.490135671381938e-43  1.051526281188393e-20 
 1.548816618912448e+07  1.437921491952248e-08  1.638400000000000e+04 -1.480730270972276e-43  1.027590620790544e-20 
 1.584893192461079e+07  1.458559468383644e-08 -0.000000000000000e+00 -1.471845837758976e-43  1.004199802541608e-20 
 1.621810097358895e+07  1.480177478722564e-08  1.638400000000000e+04 -1.463468141921639e-43  9.813414243201340e-21 
 1.659586907437524e+07  1.502808504226077e-08 -0.000000000000000e+00 -1.455584164452849e-43  9.590033663114252e-21 
 1.698243652461707e+07  1.526510689177083e-08 -0.000000000000000e+00 -1.448182056322606e-43  9.371737845814445e-21 
 1.737800828749337e+07  1.551326034813745e-08 -0.000000000000000e+00 -1.441251096160581e-43  9.158411047970104e-21 
 1.778279410038884e+07  1.577312740229746e-08 -0.000000000000000e+00 -1.434781647658385e-43  8.949940160889297e-21 
 1.819700858609944e+07  1.604527155046517e-08 -0.000000000000000e+00 -1.428765115308885e-43  8.746214650548258e-21 
 1.862087136662827e+07  1.633021111038891e-08  1.638400000000000e+04 -1.423193898330490e-43  8.547126498984774e-21 
 1.905460717963205e+07  1.662858505658387e-08  1.638400000000000e+04 -1.418061342678750e-43  8.352570147025649e-21 
 1.949844599758003e+07  1.694100037072412e-08 -0.000000000000000e+00 -1.413361689859736e-43  8.162442438317814e-21 
 1.995262314968836e+07  1.726814689651621e-08 -0.000000000000000e+00 -1.409090023010969e-43  7.976642564633473e-21 
 2.041737944669485e+07  1.761073096435670e-08 -0.000000000000000e+00 -1.405242208742718e-43  7.795072012420246e-21 
 2.089296130853994e+07  1.796944973343684e-08 -0.000000000000000e+00 -1.401814835002152e-43  7.617634510567978e-21 
 2.137962089502185e+07  1.834509129293198e-08 -0.000000000000000e+00 -1.398805143864059e-43  7.444235979364530e-21 
 2.187761623949505e+07  1.873841068501548e-08 -0.000000000000000e+00 -1.396210958774034e-43  7.274784480613448e-21 
 2.238721138568290e+07  1.915028597766051e-08  1.638400000000000e+04 -1.394030605761009e-43  7.109190168887145e-21 
 2.290867652767723e+07  1.958156389731758e-08 -0.000000000000000e+00 -1.392262827548539e-43  6.947365243889648e-21 
 2.344228815319870e+07  2.003318087261877e-08  1.638400000000000e+04 -1.390906690274747e-43  6.789223903903703e-21 
 2.398832919019438e+07  2.050605466659817e-08 -0.000000000000000e+00 -1.389961481734843e-43  6.634682300297619e-21 
 2.454708915684976e+07  2.100122761828419e-08 -0.000000000000000e+00 -1.389426600728219e-43  6.483658493067550e-21 
 2.511886431509525e+07  2.151972625757846e-08  3.276800000000000e+04 -1.389301436234361e-43  6.336072407391872e-21 
 2.570395782768807e+07  2.206266482969146e-08 -0.000000000000000e+00 -1.389585236026630e-43  6.191845791174426e-21 
 2.630267991895324e+07  2.263120445762135e-08 -0.000000000000000e+00 -1.390276963721387e-43  6.050902173554230e-21 
 2.691534803926856e+07  2.322655491594387e-08  3.276800000000000e+04 -1.391375143368493e-43  5.913166824359608e-21 
 2.754228703338105e+07  2.384992647344731e-08 -0.000000000000000e+00 -1.392877690703132e-43  5.778566714485282e-21 
 2.818382931264391e+07  2.450266239148117e-08 -0.000000000000000e+00 -1.394781730622770e-43  5.647030477171347e-21 
 2.884031503126542e+07  2.518616330026678e-08 -0.000000000000000e+00 -1.397083399635105e-43  5.518488370163692e-21 
 2.951209226666320e+07  2.590190726875289e-08 -0.000000000000000e+00 -1.399777632954097e-43  5.392872238735727e-21 
 3.019951720401949e+07  2.665138108826963e-08 -0.000000000000000e+00 -1.402857935694604e-43  5.270115479551844e-21 
 3.090295432513522e+07  2.743618854652575e-08 -0.000000000000000e+00 -1.406316137684216e-43  5.150153005353444e-21 
 3.162277660168309e+07  2.825800182367504e-08 -0.000000000000000e+00 -1.410142131906272e-43  5.032921210448816e-21 
 3.235936569296210e+07  2.911850540105965e-08 -0.000000000000000e+00 -1.414323596748925e-43  4.918357936988556e-21 
 3.311311214825837e+07  3.001955224151525e-08 -0.000000000000000e+00 -1.418845702748688e-43  4.806402442008651e-21 
 3.388441561391950e+07  3.096307546794134e-08 -0.000000000000000e+00 -1.423690804725286e-43  4.696995365223757e-21 
 3.467368504525239e+07  3.195109151381175e-08  3.276800000000000e+04 -1.428838121295931e-43  4.590078697553584e-21 
 3.548133892335676e+07  3.298563898473597e-08 -0.000000000000000e+00 -1.434263404103156e-43  4.485595750365732e-21 
 3.630780547700933e+07  3.406895028580667e-08 -0.000000000000000e+00 -1.439938600101769e-43  4.383491125418604e-21 
 3.715352290971643e+07  3.520333269362841e-08  3.276800000000000e+04 -1.445831511331376e-43  4.283710685488534e-21 
 3.801893963205528e+07  3.639113509772409e-08 -0.000000000000000e+00 -1.451905457671008e-43  4.186201525665527e-21 
 3.890451449942719e+07  3.763496880934802e-08 -0.000000000000000e+00 -1.458118949561231e-43  4.090911945302354e-21 
 3.981071705534884e+07  3.893742937341328e-08 -0.000000000000000e+00 -1.464425378863670e-43  3.997791420602202e-21 
 4.073802778041036e+07  4.030124609456045e-08 -0.000000000000000e+00 -1.470772738020929e-43  3.906790577830279e-21 
 4.168693834703261e+07  4.172932694122736e-08 -0.000000000000000e+00 -1.477103378898456e-43  3.817861167135207e-21 
 4.265795188015831e+07  4.322471875321099e-08 -0.000000000000000e+00 -1.483353824630361e-43  3.730956036966318e-21 
 4.365158322401562e+07  4.479060052721708e-08  3.276800000000000e+04 -1.489454649370158e-43  3.646029109073268e-21 
 4.466835921509531e+07  4.643023460567431e-08 -0.000000000000000e+00 -1.495330442095460e-43  3.563035354074752e-21 
 4.570881896148648e+07  4.814717323708302e-08 -0.000000000000000e+00 -1.500899872106056e-43  3.481930767583314e-21 
 4.677351412871877e+07  4.994504108103493e-08 -0.000000000000000e+00 -1.506075874042205e-43  3.402672346873650e-21 
 4.786300923226276e+07  5.182763303881698e-08 -0.000000000000000e+00 -1.510765970879961e-43  3.325218068081993e-21 
 4.897788193684352e+07  5.379892207800345e-08 -0.000000000000000e+00 -1.514872752175460e-43  3.249526863924496e-21 
 5.011872336272611e+07  5.586317353515733e-08 -0.000000000000000e+00 -1.518294523336860e-43  3.175558601922825e-21 
 5.128613839913534e+07  5.802467121114922e-08 -0.000000000000000e+00 -1.520926138631628e-43  3.103274063125381e-21 
 5.248074602497608e+07  6.028802269453221e-08 -0.000000000000000e+00 -1.522660026596813e-43  3.032634921312895e-21 
 5.370317963702407e+07  6.265806930588500e-08 -0.000000000000000e+00 -1.523387410620234e-43  2.963603722677357e-21 
 5.495408738576122e+07  6.513978156613324e-08 -0.000000000000000e+00 -1.522999720615147e-43  2.896143865963515e-21 
 5.623413251903364e+07  6.773849622116211e-08 -0.000000000000000e+00 -1.521390183232527e-43  2.830219583062404e-21 
 5.754399373371439e+07  7.045968134960358e-08 -0.000000000000000e+00 -1.518455568641718e-43  2.765795920046616e-21 
 5.888436553555757e+07  7.330911188001678e-08 -0.000000000000000e+00 -1.514098061821157e-43  2.702838718637275e-21 
 6.025595860743441e+07  7.629279607941999e-08 -0.000000000000000e+00 -1.508227215976270e-43  2.641314598092854e-21 
 6.165950018614683e+07  7.941711407030030e-08 -0.000000000000000e+00 -1.500761936030030e-43  2.581190937510275e-21 
 6.309573444801790e+07  8.268866941489753e-08 -0.000000000000000e+00 -1.491632431624862e-43  2.522435858528865e-21 
 6.456542290346409e+07  8.611446957142179e-08  6.553600000000000e+04 -1.480782072810510e-43  2.465018208428032e-21 
 6.606934480075811e+07  8.970163118813121e-08 -0.000000000000000e+00 -1.468169078071200e-43  2.408907543609682e-21 
 6.760829753919666e+07  9.345788066144651e-08 -0.000000000000000e+00 -1.453767964564755e-43  2.354074113456614e-21 
 6.918309709189209e+07  9.739118316903504e-08 -0.000000000000000e+00 -1.437570694502441e-43  2.300488844558355e-21 
 7.079457843841220e+07  1.015098301445717e-07 -0.000000000000000e+00 -1.419587459949868e-43  2.248123325296051e-21 
 7.244359600749739e+07  1.058226041504788e-07 -0.000000000000000e+00 -1.399847060695670e-43  2.196949790778249e-21 
 7.413102413009009e+07  1.103386291415692e-07 -0.000000000000000e+00 -1.378396845530021e-43  2.146941108119585e-21 
 7.585775750291668e+07  1.150674611703872e-07 -0.000000000000000e+00 -1.355302205632238e-43  2.098070762054572e-21 
 7.762471166286743e+07  1.200191787976026e-07  6.553600000000000e+04 -1.330645628483976e-43  2.050312840878850e-21 
 7.943282347242635e+07  1.252042559357613e-07  6.553600000000000e+04 -1.304525340306177e-43  2.003642022710461e-21 
 8.128305161640808e+07  1.306337094298910e-07 -0.000000000000000e+00 -1.277053583492295e-43  1.958033562063851e-21 
 8.317637711026521e+07  1.363190267754072e-07 -0.000000000000000e+00 -1.248354590890220e-43  1.913463276729484e-21 
 8.511380382023571e+07  1.422722871475083e-07 -0.000000000000000e+00 -1.218562330825662e-43  1.869907534952121e-21 
 8.709635899560608e+07  1.485061261875295e-07 -0.000000000000000e+00 -1.187818104058904e-43  1.827343242900941e-21 
 8.912509381337252e+07  1.550337604774718e-07 -0.000000000000000e+00 -1.156268076397245e-43  1.785747832424895e-21 
 9.120108393558890e+07  1.618690544187869e-07  6.553600000000000e+04 -1.124060828745006e-43  1.745099249086766e-21 
 9.332543007969697e+07  1.690264527876282e-07  6.553600000000000e+04 -1.091344999835933e-43  1.705375940469623e-21 
 9.549925860214141e+07  1.765211464889902e-07 -0.000000000000000e+00 -1.058267087324117e-43  1.666556844749437e-21 
 9.772372209557883e+07  1.843690965928141e-07 -0.000000000000000e+00 -1.024969460516306e-43  1.628621379527824e-21 
 9.999999999999771e+07  1.925869069321793e-07 -0.000000000000000e+00 -9.915886244192318e-44  1.591549430918990e-21 
