 frequency       loop_real       loop_imag      
 1.00000000e+00  1.09440295e+05 -2.76950708e+05 
 1.02329299e+00  1.05155680e+05 -2.72300179e+05 
 1.04712855e+00  1.01014741e+05 -2.67663678e+05 
 1.07151931e+00  9.70145443e+04 -2.63045291e+05 
 1.09647820e+00  9.31520612e+04 -2.58448868e+05 
 1.12201845e+00  8.94241876e+04 -2.53878023e+05 
 1.14815362e+00  8.58277563e+04 -2.49336142e+05 
 1.17489755e+00  8.23595503e+04 -2.44826384e+05 
 1.20226443e+00  7.90163158e+04 -2.40351691e+05 
 1.23026877e+00  7.57947738e+04 -2.35914790e+05 
 1.25892541e+00  7.26916311e+04 -2.31518202e+05 
 1.28824955e+00  6.97035901e+04 -2.27164246e+05 
 1.31825674e+00  6.68273581e+04 -2.22855050e+05 
 1.34896288e+00  6.40596563e+04 -2.18592554e+05 
 1.38038426e+00  6.13972271e+04 -2.14378520e+05 
 1.41253754e+00  5.88368409e+04 -2.10214539e+05 
 1.44543977e+00  5.63753032e+04 -2.06102039e+05 
 1.47910839e+00  5.40094597e+04 -2.02042290e+05 
 1.51356125e+00  5.17362013e+04 -1.98036414e+05 
 1.54881662e+00  4.95524692e+04 -1.94085392e+05 
 1.58489319e+00  4.74552581e+04 -1.90190071e+05 
 1.62181010e+00  4.54416200e+04 -1.86351171e+05 
 1.65958691e+00  4.35086669e+04 -1.82569292e+05 
 1.69824365e+00  4.16535734e+04 -1.78844922e+05 
 1.73780083e+00  3.98735786e+04 -1.75178442e+05 
 1.77827941e+00  3.81659878e+04 -1.71570132e+05 
 1.81970086e+00  3.65281737e+04 -1.68020181e+05 
 1.86208714e+00  3.49575775e+04 -1.64528690e+05 
 1.90546072e+00  3.34517092e+04 -1.61095675e+05 
 1.94984460e+00  3.20081483e+04 -1.57721081e+05 
 1.99526231e+00  3.06245439e+04 -1.54404779e+05 
 2.04173794e+00  2.92986141e+04 -1.51146574e+05 
 2.08929613e+00  2.80281464e+04 -1.47946214e+05 
 2.13796209e+00  2.68109966e+04 -1.44803386e+05 
 2.18776162e+00  2.56450883e+04 -1.41717730e+05 
 2.23872114e+00  2.45284123e+04 -1.38688836e+05 
 2.29086765e+00  2.34590255e+04 -1.35716252e+05 
 2.34422882e+00  2.24350496e+04 -1.32799485e+05 
 2.39883292e+00  2.14546705e+04 -1.29938007e+05 
 2.45470892e+00  2.05161365e+04 -1.27131257e+05 
 2.51188643e+00  1.96177574e+04 -1.24378646e+05 
 2.57039578e+00  1.87579029e+04 -1.21679558e+05 
 2.63026799e+00  1.79350016e+04 -1.19033353e+05 
 2.69153480e+00  1.71475389e+04 -1.16439370e+05 
 2.75422870e+00  1.63940561e+04 -1.13896931e+05 
 2.81838293e+00  1.56731486e+04 -1.11405341e+05 
 2.88403150e+00  1.49834647e+04 -1.08963891e+05 
 2.95120923e+00  1.43237038e+04 -1.06571860e+05 
 3.01995172e+00  1.36926148e+04 -1.04228520e+05 
 3.09029543e+00  1.30889951e+04 -1.01933132e+05 
 3.16227766e+00  1.25116886e+04 -9.96849505e+04 
 3.23593657e+00  1.19595845e+04 -9.74832270e+04 
 3.31131121e+00  1.14316157e+04 -9.53272084e+04 
 3.38844156e+00  1.09267574e+04 -9.32161398e+04 
 3.46736850e+00  1.04440258e+04 -9.11492652e+04 
 3.54813389e+00  9.98247635e+03 -8.91258291e+04 
 3.63078055e+00  9.54120278e+03 -8.71450772e+04 
 3.71535229e+00  9.11933552e+03 -8.52062571e+04 
 3.80189396e+00  8.71604046e+03 -8.33086200e+04 
 3.89045145e+00  8.33051765e+03 -8.14514206e+04 
 3.98107171e+00  7.96200005e+03 -7.96339184e+04 
 4.07380278e+00  7.60975235e+03 -7.78553781e+04 
 4.16869383e+00  7.27306969e+03 -7.61150704e+04 
 4.26579519e+00  6.95127662e+03 -7.44122723e+04 
 4.36515832e+00  6.64372589e+03 -7.27462680e+04 
 4.46683592e+00  6.34979743e+03 -7.11163487e+04 
 4.57088190e+00  6.06889725e+03 -6.95218137e+04 
 4.67735141e+00  5.80045645e+03 -6.79619702e+04 
 4.78630092e+00  5.54393022e+03 -6.64361341e+04 
 4.89778819e+00  5.29879688e+03 -6.49436297e+04 
 5.01187234e+00  5.06455698e+03 -6.34837905e+04 
 5.12861384e+00  4.84073239e+03 -6.20559591e+04 
 5.24807460e+00  4.62686543e+03 -6.06594874e+04 
 5.37031796e+00  4.42251807e+03 -5.92937369e+04 
 5.49540874e+00  4.22727112e+03 -5.79580786e+04 
 5.62341325e+00  4.04072344e+03 -5.66518932e+04 
 5.75439937e+00  3.86249120e+03 -5.53745713e+04 
 5.88843655e+00  3.69220719e+03 -5.41255132e+04 
 6.02559586e+00  3.52952011e+03 -5.29041293e+04 
 6.16595002e+00  3.37409392e+03 -5.17098397e+04 
 6.30957344e+00  3.22560717e+03 -5.05420744e+04 
 6.45654229e+00  3.08375242e+03 -4.94002736e+04 
 6.60693448e+00  2.94823566e+03 -4.82838869e+04 
 6.76082975e+00  2.81877569e+03 -4.71923740e+04 
 6.91830971e+00  2.69510364e+03 -4.61252045e+04 
 7.07945784e+00  2.57696239e+03 -4.50818575e+04 
 7.24435960e+00  2.46410612e+03 -4.40618218e+04 
 7.41310241e+00  2.35629979e+03 -4.30645959e+04 
 7.58577575e+00  2.25331870e+03 -4.20896877e+04 
 7.76247117e+00  2.15494802e+03 -4.11366144e+04 
 7.94328235e+00  2.06098240e+03 -4.02049029e+04 
 8.12830516e+00  1.97122553e+03 -3.92940888e+04 
 8.31763771e+00  1.88548979e+03 -3.84037172e+04 
 8.51138038e+00  1.80359582e+03 -3.75333420e+04 
 8.70963590e+00  1.72537221e+03 -3.66825261e+04 
 8.91250938e+00  1.65065511e+03 -3.58508409e+04 
 9.12010839e+00  1.57928795e+03 -3.50378668e+04 
 9.33254301e+00  1.51112109e+03 -3.42431925e+04 
 9.54992586e+00  1.44601152e+03 -3.34664151e+04 
 9.77237221e+00  1.38382258e+03 -3.27071399e+04 
 1.00000000e+01  1.32442368e+03 -3.19649806e+04 
 1.02329299e+01  1.26769003e+03 -3.12395586e+04 
 1.04712855e+01  1.21350239e+03 -3.05305034e+04 
 1.07151931e+01  1.16174683e+03 -2.98374521e+04 
 1.09647820e+01  1.11231447e+03 -2.91600495e+04 
 1.12201845e+01  1.06510129e+03 -2.84979478e+04 
 1.14815362e+01  1.02000792e+03 -2.78508067e+04 
 1.17489755e+01  9.76939394e+02 -2.72182929e+04 
 1.20226443e+01  9.35804994e+02 -2.66000803e+04 
 1.23026877e+01  8.96518046e+02 -2.59958500e+04 
 1.25892541e+01  8.58995743e+02 -2.54052896e+04 
 1.28824955e+01  8.23158975e+02 -2.48280935e+04 
 1.31825674e+01  7.88932167e+02 -2.42639627e+04 
 1.34896288e+01  7.56243118e+02 -2.37126048e+04 
 1.38038426e+01  7.25022855e+02 -2.31737335e+04 
 1.41253754e+01  6.95205489e+02 -2.26470689e+04 
 1.44543977e+01  6.66728076e+02 -2.21323371e+04 
 1.47910839e+01  6.39530488e+02 -2.16292700e+04 
 1.51356125e+01  6.13555288e+02 -2.11376058e+04 
 1.54881662e+01  5.88747610e+02 -2.06570881e+04 
 1.58489319e+01  5.65055043e+02 -2.01874660e+04 
 1.62181010e+01  5.42427523e+02 -1.97284945e+04 
 1.65958691e+01  5.20817229e+02 -1.92799338e+04 
 1.69824365e+01  5.00178483e+02 -1.88415492e+04 
 1.73780083e+01  4.80467651e+02 -1.84131114e+04 
 1.77827941e+01  4.61643058e+02 -1.79943963e+04 
 1.81970086e+01  4.43664894e+02 -1.75851844e+04 
 1.86208714e+01  4.26495136e+02 -1.71852612e+04 
 1.90546072e+01  4.10097466e+02 -1.67944171e+04 
 1.94984460e+01  3.94437192e+02 -1.64124471e+04 
 1.99526231e+01  3.79481182e+02 -1.60391506e+04 
 2.04173794e+01  3.65197788e+02 -1.56743317e+04 
 2.08929613e+01  3.51556782e+02 -1.53177986e+04 
 2.13796209e+01  3.38529294e+02 -1.49693640e+04 
 2.18776162e+01  3.26087749e+02 -1.46288447e+04 
 2.23872114e+01  3.14205809e+02 -1.42960616e+04 
 2.29086765e+01  3.02858318e+02 -1.39708395e+04 
 2.34422882e+01  2.92021253e+02 -1.36530074e+04 
 2.39883292e+01  2.81671665e+02 -1.33423979e+04 
 2.45470892e+01  2.71787638e+02 -1.30388474e+04 
 2.51188643e+01  2.62348241e+02 -1.27421958e+04 
 2.57039578e+01  2.53333481e+02 -1.24522871e+04 
 2.63026799e+01  2.44724266e+02 -1.21689682e+04 
 2.69153480e+01  2.36502358e+02 -1.18920898e+04 
 2.75422870e+01  2.28650341e+02 -1.16215059e+04 
 2.81838293e+01  2.21151581e+02 -1.13570738e+04 
 2.88403150e+01  2.13990191e+02 -1.10986539e+04 
 2.95120923e+01  2.07150999e+02 -1.08461097e+04 
 3.01995172e+01  2.00619513e+02 -1.05993081e+04 
 3.09029543e+01  1.94381894e+02 -1.03581187e+04 
 3.16227766e+01  1.88424925e+02 -1.01224142e+04 
 3.23593657e+01  1.82735982e+02 -9.89206997e+03 
 3.31131121e+01  1.77303009e+02 -9.66696441e+03 
 3.38844156e+01  1.72114492e+02 -9.44697856e+03 
 3.46736850e+01  1.67159435e+02 -9.23199619e+03 
 3.54813389e+01  1.62427335e+02 -9.02190366e+03 
 3.63078055e+01  1.57908163e+02 -8.81658992e+03 
 3.71535229e+01  1.53592341e+02 -8.61594643e+03 
 3.80189396e+01  1.49470719e+02 -8.41986710e+03 
 3.89045145e+01  1.45534562e+02 -8.22824823e+03 
 3.98107171e+01  1.41775526e+02 -8.04098850e+03 
 4.07380278e+01  1.38185641e+02 -7.85798885e+03 
 4.16869383e+01  1.34757299e+02 -7.67915247e+03 
 4.26579519e+01  1.31483230e+02 -7.50438476e+03 
 4.36515832e+01  1.28356493e+02 -7.33359324e+03 
 4.46683592e+01  1.25370461e+02 -7.16668754e+03 
 4.57088190e+01  1.22518801e+02 -7.00357934e+03 
 4.67735141e+01  1.19795469e+02 -6.84418232e+03 
 4.78630092e+01  1.17194689e+02 -6.68841209e+03 
 4.89778819e+01  1.14710949e+02 -6.53618622e+03 
 5.01187234e+01  1.12338980e+02 -6.38742412e+03 
 5.12861384e+01  1.10073755e+02 -6.24204704e+03 
 5.24807460e+01  1.07910470e+02 -6.09997800e+03 
 5.37031796e+01  1.05844539e+02 -5.96114178e+03 
 5.49540874e+01  1.03871579e+02 -5.82546487e+03 
 5.62341325e+01  1.01987408e+02 -5.69287542e+03 
 5.75439937e+01  1.00188031e+02 -5.56330322e+03 
 5.88843655e+01  9.84696318e+01 -5.43667964e+03 
 6.02559586e+01  9.68285662e+01 -5.31293763e+03 
 6.16595002e+01  9.52613546e+01 -5.19201164e+03 
 6.30957344e+01  9.37646733e+01 -5.07383761e+03 
 6.45654229e+01  9.23353487e+01 -4.95835296e+03 
 6.60693448e+01  9.09703495e+01 -4.84549651e+03 
 6.76082975e+01  8.96667810e+01 -4.73520847e+03 
 6.91830971e+01  8.84218788e+01 -4.62743041e+03 
 7.07945784e+01  8.72330028e+01 -4.52210524e+03 
 7.24435960e+01  8.60976318e+01 -4.41917715e+03 
 7.41310241e+01  8.50133578e+01 -4.31859161e+03 
 7.58577575e+01  8.39778815e+01 -4.22029532e+03 
 7.76247117e+01  8.29890067e+01 -4.12423621e+03 
 7.94328235e+01  8.20446363e+01 -4.03036337e+03 
 8.12830516e+01  8.11427674e+01 -3.93862705e+03 
 8.31763771e+01  8.02814874e+01 -3.84897866e+03 
 8.51138038e+01  7.94589696e+01 -3.76137067e+03 
 8.70963590e+01  7.86734696e+01 -3.67575667e+03 
 8.91250938e+01  7.79233214e+01 -3.59209128e+03 
 9.12010839e+01  7.72069340e+01 -3.51033017e+03 
 9.33254301e+01  7.65227881e+01 -3.43043001e+03 
 9.54992586e+01  7.58694327e+01 -3.35234844e+03 
 9.77237221e+01  7.52454820e+01 -3.27604409e+03 
 1.00000000e+02  7.46496127e+01 -3.20147651e+03 
 1.02329299e+02  7.40805611e+01 -3.12860619e+03 
 1.04712855e+02  7.35371201e+01 -3.05739449e+03 
 1.07151931e+02  7.30181372e+01 -2.98780369e+03 
 1.09647820e+02  7.25225117e+01 -2.91979688e+03 
 1.12201845e+02  7.20491923e+01 -2.85333803e+03 
 1.14815362e+02  7.15971751e+01 -2.78839190e+03 
 1.17489755e+02  7.11655014e+01 -2.72492408e+03 
 1.20226443e+02  7.07532557e+01 -2.66290092e+03 
 1.23026877e+02  7.03595635e+01 -2.60228954e+03 
 1.25892541e+02  6.99835899e+01 -2.54305782e+03 
 1.28824955e+02  6.96245374e+01 -2.48517435e+03 
 1.31825674e+02  6.92816444e+01 -2.42860846e+03 
 1.34896288e+02  6.89541838e+01 -2.37333015e+03 
 1.38038426e+02  6.86414608e+01 -2.31931013e+03 
 1.41253754e+02  6.83428123e+01 -2.26651976e+03 
 1.44543977e+02  6.80576047e+01 -2.21493105e+03 
 1.47910839e+02  6.77852332e+01 -2.16451666e+03 
 1.51356125e+02  6.75251200e+01 -2.11524985e+03 
 1.54881662e+02  6.72767135e+01 -2.06710452e+03 
 1.58489319e+02  6.70394867e+01 -2.02005514e+03 
 1.62181010e+02  6.68129364e+01 -1.97407676e+03 
 1.65958691e+02  6.65965823e+01 -1.92914502e+03 
 1.69824365e+02  6.63899652e+01 -1.88523609e+03 
 1.73780083e+02  6.61926471e+01 -1.84232669e+03 
 1.77827941e+02  6.60042093e+01 -1.80039408e+03 
 1.81970086e+02  6.58242522e+01 -1.75941602e+03 
 1.86208714e+02  6.56523941e+01 -1.71937080e+03 
 1.90546072e+02  6.54882705e+01 -1.68023717e+03 
 1.94984460e+02  6.53315332e+01 -1.64199440e+03 
 1.99526231e+02  6.51818498e+01 -1.60462220e+03 
 2.04173794e+02  6.50389027e+01 -1.56810077e+03 
 2.08929613e+02  6.49023889e+01 -1.53241075e+03 
 2.13796209e+02  6.47720187e+01 -1.49753320e+03 
 2.18776162e+02  6.46475157e+01 -1.46344965e+03 
 2.23872114e+02  6.45286156e+01 -1.43014201e+03 
 2.29086765e+02  6.44150664e+01 -1.39759264e+03 
 2.34422882e+02  6.43066272e+01 -1.36578427e+03 
 2.39883292e+02  6.42030680e+01 -1.33470004e+03 
 2.45470892e+02  6.41041690e+01 -1.30432347e+03 
 2.51188643e+02  6.40097207e+01 -1.27463846e+03 
 2.57039578e+02  6.39195225e+01 -1.24562926e+03 
 2.63026799e+02  6.38333832e+01 -1.21728050e+03 
 2.69153480e+02  6.37511201e+01 -1.18957715e+03 
 2.75422870e+02  6.36725588e+01 -1.16250451e+03 
 2.81838293e+02  6.35975324e+01 -1.13604824e+03 
 2.88403150e+02  6.35258820e+01 -1.11019431e+03 
 2.95120923e+02  6.34574556e+01 -1.08492901e+03 
 3.01995172e+02  6.33921079e+01 -1.06023894e+03 
 3.09029543e+02  6.33297005e+01 -1.03611102e+03 
 3.16227766e+02  6.32701009e+01 -1.01253245e+03 
 3.23593657e+02  6.32131827e+01 -9.89490738e+02 
 3.31131121e+02  6.31588252e+01 -9.66973656e+02 
 3.38844156e+02  6.31069131e+01 -9.44969270e+02 
 3.46736850e+02  6.30573363e+01 -9.23465913e+02 
 3.54813389e+02  6.30099896e+01 -9.02452185e+02 
 3.63078055e+02  6.29647727e+01 -8.81916945e+02 
 3.71535229e+02  6.29215895e+01 -8.61849303e+02 
 3.80189396e+02  6.28803486e+01 -8.42238622e+02 
 3.89045145e+02  6.28409624e+01 -8.23074502e+02 
 3.98107171e+02  6.28033475e+01 -8.04346783e+02 
 4.07380278e+02  6.27674239e+01 -7.86045536e+02 
 4.16869383e+02  6.27331156e+01 -7.68161057e+02 
 4.26579519e+02  6.27003498e+01 -7.50683865e+02 
 4.36515832e+02  6.26690570e+01 -7.33604692e+02 
 4.46683592e+02  6.26391708e+01 -7.16914482e+02 
 4.57088190e+02  6.26106278e+01 -7.00604388e+02 
 4.67735141e+02  6.25833676e+01 -6.84665761e+02 
 4.78630092e+02  6.25573322e+01 -6.69090150e+02 
 4.89778819e+02  6.25324665e+01 -6.53869297e+02 
 5.01187234e+02  6.25087178e+01 -6.38995132e+02 
 5.12861384e+02  6.24860358e+01 -6.24459768e+02 
 5.24807460e+02  6.24643722e+01 -6.10255499e+02 
 5.37031796e+02  6.24436812e+01 -5.96374794e+02 
 5.49540874e+02  6.24239189e+01 -5.82810293e+02 
 5.62341325e+02  6.24050434e+01 -5.69554803e+02 
 5.75439937e+02  6.23870148e+01 -5.56601297e+02 
 5.88843655e+02  6.23697947e+01 -5.43942907e+02 
 6.02559586e+02  6.23533468e+01 -5.31572920e+02 
 6.16595002e+02  6.23376361e+01 -5.19484779e+02 
 6.30957344e+02  6.23226293e+01 -5.07672074e+02 
 6.45654229e+02  6.23082947e+01 -4.96128541e+02 
 6.60693448e+02  6.22946019e+01 -4.84848060e+02 
 6.76082975e+02  6.22815219e+01 -4.73824651e+02 
 6.91830971e+02  6.22690270e+01 -4.63052468e+02 
 7.07945784e+02  6.22570907e+01 -4.52525800e+02 
 7.24435960e+02  6.22456879e+01 -4.42239065e+02 
 7.41310241e+02  6.22347942e+01 -4.32186810e+02 
 7.58577575e+02  6.22243868e+01 -4.22363703e+02 
 7.76247117e+02  6.22144436e+01 -4.12764538e+02 
 7.94328235e+02  6.22049435e+01 -4.03384224e+02 
 8.12830516e+02  6.21958666e+01 -3.94217788e+02 
 8.31763771e+02  6.21871935e+01 -3.85260369e+02 
 8.51138038e+02  6.21789062e+01 -3.76507219e+02 
 8.70963590e+02  6.21709869e+01 -3.67953695e+02 
 8.91250938e+02  6.21634191e+01 -3.59595263e+02 
 9.12010839e+02  6.21561868e+01 -3.51427492e+02 
 9.33254301e+02  6.21492747e+01 -3.43446049e+02 
 9.54992586e+02  6.21426684e+01 -3.35646704e+02 
 9.77237221e+02  6.21363539e+01 -3.28025320e+02 
 1.00000000e+03  6.21303180e+01 -3.20577858e+02 
 1.02329299e+03  6.21245481e+01 -3.13300368e+02 
 1.04712855e+03  6.21190319e+01 -3.06188991e+02 
 1.07151931e+03  6.21137581e+01 -2.99239956e+02 
 1.09647820e+03  6.21087155e+01 -2.92449580e+02 
 1.12201845e+03  6.21038937e+01 -2.85814262e+02 
 1.14815362e+03  6.20992826e+01 -2.79330484e+02 
 1.17489755e+03  6.20948727e+01 -2.72994807e+02 
 1.20226443e+03  6.20906547e+01 -2.66803872e+02 
 1.23026877e+03  6.20866199e+01 -2.60754397e+02 
 1.25892541e+03  6.20827601e+01 -2.54843175e+02 
 1.28824955e+03  6.20790673e+01 -2.49067071e+02 
 1.31825674e+03  6.20755338e+01 -2.43423021e+02 
 1.34896288e+03  6.20721524e+01 -2.37908035e+02 
 1.38038426e+03  6.20689162e+01 -2.32519187e+02 
 1.41253754e+03  6.20658187e+01 -2.27253621e+02 
 1.44543977e+03  6.20628535e+01 -2.22108543e+02 
 1.47910839e+03  6.20600146e+01 -2.17081228e+02 
 1.51356125e+03  6.20572963e+01 -2.12169008e+02 
 1.54881662e+03  6.20546931e+01 -2.07369279e+02 
 1.58489319e+03  6.20521999e+01 -2.02679496e+02 
 1.62181010e+03  6.20498117e+01 -1.98097174e+02 
 1.65958691e+03  6.20475237e+01 -1.93619882e+02 
 1.69824365e+03  6.20453314e+01 -1.89245246e+02 
 1.73780083e+03  6.20432304e+01 -1.84970947e+02 
 1.77827941e+03  6.20412168e+01 -1.80794718e+02 
 1.81970086e+03  6.20392866e+01 -1.76714346e+02 
 1.86208714e+03  6.20374359e+01 -1.72727668e+02 
 1.90546072e+03  6.20356614e+01 -1.68832568e+02 
 1.94984460e+03  6.20339594e+01 -1.65026983e+02 
 1.99526231e+03  6.20323269e+01 -1.61308895e+02 
 2.04173794e+03  6.20307607e+01 -1.57676333e+02 
 2.08929613e+03  6.20292579e+01 -1.54127370e+02 
 2.13796209e+03  6.20278155e+01 -1.50660125e+02 
 2.18776162e+03  6.20264310e+01 -1.47272760e+02 
 2.23872114e+03  6.20251018e+01 -1.43963480e+02 
 2.29086765e+03  6.20238253e+01 -1.40730530e+02 
 2.34422882e+03  6.20225992e+01 -1.37572196e+02 
 2.39883292e+03  6.20214214e+01 -1.34486804e+02 
 2.45470892e+03  6.20202895e+01 -1.31472718e+02 
 2.51188643e+03  6.20192016e+01 -1.28528341e+02 
 2.57039578e+03  6.20181557e+01 -1.25652113e+02 
 2.63026799e+03  6.20171499e+01 -1.22842507e+02 
 2.69153480e+03  6.20161824e+01 -1.20098037e+02 
 2.75422870e+03  6.20152514e+01 -1.17417246e+02 
 2.81838293e+03  6.20143553e+01 -1.14798713e+02 
 2.88403150e+03  6.20134924e+01 -1.12241053e+02 
 2.95120923e+03  6.20126612e+01 -1.09742908e+02 
 3.01995172e+03  6.20118602e+01 -1.07302955e+02 
 3.09029543e+03  6.20110879e+01 -1.04919901e+02 
 3.16227766e+03  6.20103430e+01 -1.02592484e+02 
 3.23593657e+03  6.20096241e+01 -1.00319471e+02 
 3.31131121e+03  6.20089299e+01 -9.80996564e+01 
 3.38844156e+03  6.20082591e+01 -9.59318654e+01 
 3.46736850e+03  6.20076104e+01 -9.38149495e+01 
 3.54813389e+03  6.20069827e+01 -9.17477874e+01 
 3.63078055e+03  6.20063748e+01 -8.97292846e+01 
 3.71535229e+03  6.20057854e+01 -8.77583720e+01 
 3.80189396e+03  6.20052134e+01 -8.58340064e+01 
 3.89045145e+03  6.20046577e+01 -8.39551688e+01 
 3.98107171e+03  6.20041172e+01 -8.21208649e+01 
 4.07380278e+03  6.20035906e+01 -8.03301240e+01 
 4.16869383e+03  6.20030768e+01 -7.85819985e+01 
 4.26579519e+03  6.20025747e+01 -7.68755638e+01 
 4.36515832e+03  6.20020831e+01 -7.52099173e+01 
 4.46683592e+03  6.20016007e+01 -7.35841784e+01 
 4.57088190e+03  6.20011264e+01 -7.19974877e+01 
 4.67735141e+03  6.20006587e+01 -7.04490069e+01 
 4.78630092e+03  6.20001964e+01 -6.89379178e+01 
 4.89778819e+03  6.19997381e+01 -6.74634226e+01 
 5.01187234e+03  6.19992821e+01 -6.60247431e+01 
 5.12861384e+03  6.19988270e+01 -6.46211202e+01 
 5.24807460e+03  6.19983710e+01 -6.32518137e+01 
 5.37031796e+03  6.19979122e+01 -6.19161020e+01 
 5.49540874e+03  6.19974487e+01 -6.06132815e+01 
 5.62341325e+03  6.19969783e+01 -5.93426664e+01 
 5.75439937e+03  6.19964986e+01 -5.81035886e+01 
 5.88843655e+03  6.19960071e+01 -5.68953966e+01 
 6.02559586e+03  6.19955009e+01 -5.57174561e+01 
 6.16595002e+03  6.19949770e+01 -5.45691491e+01 
 6.30957344e+03  6.19944317e+01 -5.34498739e+01 
 6.45654229e+03  6.19938615e+01 -5.23590444e+01 
 6.60693448e+03  6.19932620e+01 -5.12960904e+01 
 6.76082975e+03  6.19926286e+01 -5.02604568e+01 
 6.91830971e+03  6.19919562e+01 -4.92516036e+01 
 7.07945784e+03  6.19912390e+01 -4.82690057e+01 
 7.24435960e+03  6.19904708e+01 -4.73121524e+01 
 7.41310241e+03  6.19896445e+01 -4.63805473e+01 
 7.58577575e+03  6.19887523e+01 -4.54737081e+01 
 7.76247117e+03  6.19877857e+01 -4.45911662e+01 
 7.94328235e+03  6.19867350e+01 -4.37324666e+01 
 8.12830516e+03  6.19855898e+01 -4.28971679e+01 
 8.31763771e+03  6.19843384e+01 -4.20848415e+01 
 8.51138038e+03  6.19829678e+01 -4.12950718e+01 
 8.70963590e+03  6.19814640e+01 -4.05274561e+01 
 8.91250938e+03  6.19798113e+01 -3.97816039e+01 
 9.12010839e+03  6.19779924e+01 -3.90571372e+01 
 9.33254301e+03  6.19759884e+01 -3.83536899e+01 
 9.54992586e+03  6.19737785e+01 -3.76709078e+01 
 9.77237221e+03  6.19713400e+01 -3.70084484e+01 
 1.00000000e+04  6.19686480e+01 -3.63659804e+01 
 1.02329299e+04  6.19656753e+01 -3.57431841e+01 
 1.04712855e+04  6.19623921e+01 -3.51397503e+01 
 1.07151931e+04  6.19587662e+01 -3.45553809e+01 
 1.09647820e+04  6.19547624e+01 -3.39897881e+01 
 1.12201845e+04  6.19503425e+01 -3.34426943e+01 
 1.14815362e+04  6.19454653e+01 -3.29138321e+01 
 1.17489755e+04  6.19400859e+01 -3.24029437e+01 
 1.20226443e+04  6.19341563e+01 -3.19097808e+01 
 1.23026877e+04  6.19276243e+01 -3.14341044e+01 
 1.25892541e+04  6.19204339e+01 -3.09756843e+01 
 1.28824955e+04  6.19125252e+01 -3.05342989e+01 
 1.31825674e+04  6.19038337e+01 -3.01097349e+01 
 1.34896288e+04  6.18942906e+01 -2.97017870e+01 
 1.38038426e+04  6.18838222e+01 -2.93102576e+01 
 1.41253754e+04  6.18723503e+01 -2.89349563e+01 
 1.44543977e+04  6.18597913e+01 -2.85756998e+01 
 1.47910839e+04  6.18460566e+01 -2.82323112e+01 
 1.51356125e+04  6.18310525e+01 -2.79046200e+01 
 1.54881662e+04  6.18146796e+01 -2.75924614e+01 
 1.58489319e+04  6.17968330e+01 -2.72956762e+01 
 1.62181010e+04  6.17774020e+01 -2.70141102e+01 
 1.65958691e+04  6.17562703e+01 -2.67476137e+01 
 1.69824365e+04  6.17333156e+01 -2.64960416e+01 
 1.73780083e+04  6.17084097e+01 -2.62592524e+01 
 1.77827941e+04  6.16814183e+01 -2.60371080e+01 
 1.81970086e+04  6.16522011e+01 -2.58294737e+01 
 1.86208714e+04  6.16206117e+01 -2.56362169e+01 
 1.90546072e+04  6.15864974e+01 -2.54572077e+01 
 1.94984460e+04  6.15496996e+01 -2.52923175e+01 
 1.99526231e+04  6.15100532e+01 -2.51414195e+01 
 2.04173794e+04  6.14673873e+01 -2.50043876e+01 
 2.08929613e+04  6.14215245e+01 -2.48810965e+01 
 2.13796209e+04  6.13722816e+01 -2.47714207e+01 
 2.18776162e+04  6.13194692e+01 -2.46752347e+01 
 2.23872114e+04  6.12628917e+01 -2.45924123e+01 
 2.29086765e+04  6.12023476e+01 -2.45228263e+01 
 2.34422882e+04  6.11376296e+01 -2.44663479e+01 
 2.39883292e+04  6.10685241e+01 -2.44228464e+01 
 2.45470892e+04  6.09948121e+01 -2.43921891e+01 
 2.51188643e+04  6.09162684e+01 -2.43742404e+01 
 2.57039578e+04  6.08326623e+01 -2.43688615e+01 
 2.63026799e+04  6.07437574e+01 -2.43759105e+01 
 2.69153480e+04  6.06493117e+01 -2.43952412e+01 
 2.75422870e+04  6.05490775e+01 -2.44267032e+01 
 2.81838293e+04  6.04428020e+01 -2.44701411e+01 
 2.88403150e+04  6.03302266e+01 -2.45253945e+01 
 2.95120923e+04  6.02110879e+01 -2.45922971e+01 
 3.01995172e+04  6.00851170e+01 -2.46706763e+01 
 3.09029543e+04  5.99520400e+01 -2.47603528e+01 
 3.16227766e+04  5.98115782e+01 -2.48611400e+01 
 3.23593657e+04  5.96634481e+01 -2.49728435e+01 
 3.31131121e+04  5.95073615e+01 -2.50952604e+01 
 3.38844156e+04  5.93430260e+01 -2.52281788e+01 
 3.46736850e+04  5.91701447e+01 -2.53713772e+01 
 3.54813389e+04  5.89884171e+01 -2.55246238e+01 
 3.63078055e+04  5.87975388e+01 -2.56876758e+01 
 3.71535229e+04  5.85972025e+01 -2.58602787e+01 
 3.80189396e+04  5.83870975e+01 -2.60421658e+01 
 3.89045145e+04  5.81669110e+01 -2.62330572e+01 
 3.98107171e+04  5.79363280e+01 -2.64326591e+01 
 4.07380278e+04  5.76950321e+01 -2.66406631e+01 
 4.16869383e+04  5.74427063e+01 -2.68567457e+01 
 4.26579519e+04  5.71790333e+01 -2.70805669e+01 
 4.36515832e+04  5.69036963e+01 -2.73117698e+01 
 4.46683592e+04  5.66163804e+01 -2.75499799e+01 
 4.57088190e+04  5.63167728e+01 -2.77948043e+01 
 4.67735141e+04  5.60045643e+01 -2.80458308e+01 
 4.78630092e+04  5.56794503e+01 -2.83026271e+01 
 4.89778819e+04  5.53411321e+01 -2.85647407e+01 
 5.01187234e+04  5.49893179e+01 -2.88316973e+01 
 5.12861384e+04  5.46237247e+01 -2.91030013e+01 
 5.24807460e+04  5.42440796e+01 -2.93781345e+01 
 5.37031796e+04  5.38501211e+01 -2.96565559e+01 
 5.49540874e+04  5.34416016e+01 -2.99377015e+01 
 5.62341325e+04  5.30182886e+01 -3.02209838e+01 
 5.75439937e+04  5.25799669e+01 -3.05057922e+01 
 5.88843655e+04  5.21264404e+01 -3.07914921e+01 
 6.02559586e+04  5.16575347e+01 -3.10774259e+01 
 6.16595002e+04  5.11730987e+01 -3.13629131e+01 
 6.30957344e+04  5.06730075e+01 -3.16472505e+01 
 6.45654229e+04  5.01571641e+01 -3.19297133e+01 
 6.60693448e+04  4.96255023e+01 -3.22095556e+01 
 6.76082975e+04  4.90779886e+01 -3.24860119e+01 
 6.91830971e+04  4.85146252e+01 -3.27582982e+01 
 7.07945784e+04  4.79354518e+01 -3.30256134e+01 
 7.24435960e+04  4.73405484e+01 -3.32871419e+01 
 7.41310241e+04  4.67300375e+01 -3.35420545e+01 
 7.58577575e+04  4.61040862e+01 -3.37895121e+01 
 7.76247117e+04  4.54629083e+01 -3.40286672e+01 
 7.94328235e+04  4.48067667e+01 -3.42586675e+01 
 8.12830516e+04  4.41359744e+01 -3.44786587e+01 
 8.31763771e+04  4.34508971e+01 -3.46877884e+01 
 8.51138038e+04  4.27519534e+01 -3.48852091e+01 
 8.70963590e+04  4.20396170e+01 -3.50700826e+01 
 8.91250938e+04  4.13144166e+01 -3.52415841e+01 
 9.12010839e+04  4.05769369e+01 -3.53989065e+01 
 9.33254301e+04  3.98278181e+01 -3.55412647e+01 
 9.54992586e+04  3.90677562e+01 -3.56679004e+01 
 9.77237221e+04  3.82975017e+01 -3.57780869e+01 
 1.00000000e+05  3.75178585e+01 -3.58711336e+01 
 1.02329299e+05  3.67296823e+01 -3.59463911e+01 
 1.04712855e+05  3.59338785e+01 -3.60032558e+01 
 1.07151931e+05  3.51313992e+01 -3.60411742e+01 
 1.09647820e+05  3.43232402e+01 -3.60596482e+01 
 1.12201845e+05  3.35104376e+01 -3.60582383e+01 
 1.14815362e+05  3.26940633e+01 -3.60365687e+01 
 1.17489755e+05  3.18752205e+01 -3.59943300e+01 
 1.20226443e+05  3.10550388e+01 -3.59312833e+01 
 1.23026877e+05  3.02346689e+01 -3.58472625e+01 
 1.25892541e+05  2.94152765e+01 -3.57421769e+01 
 1.28824955e+05  2.85980367e+01 -3.56160129e+01 
 1.31825674e+05  2.77841272e+01 -3.54688356e+01 
 1.34896288e+05  2.69747225e+01 -3.53007890e+01 
 1.38038426e+05  2.61709867e+01 -3.51120963e+01 
 1.41253754e+05  2.53740671e+01 -3.49030591e+01 
 1.44543977e+05  2.45850881e+01 -3.46740563e+01 
 1.47910839e+05  2.38051440e+01 -3.44255420e+01 
 1.51356125e+05  2.30352931e+01 -3.41580431e+01 
 1.54881662e+05  2.22765520e+01 -3.38721558e+01 
 1.58489319e+05  2.15298893e+01 -3.35685419e+01 
 1.62181010e+05  2.07962209e+01 -3.32479247e+01 
 1.65958691e+05  2.00764049e+01 -3.29110837e+01 
 1.69824365e+05  1.93712375e+01 -3.25588498e+01 
 1.73780083e+05  1.86814490e+01 -3.21920992e+01 
 1.77827941e+05  1.80077013e+01 -3.18117478e+01 
 1.81970086e+05  1.73505847e+01 -3.14187446e+01 
 1.86208714e+05  1.67106165e+01 -3.10140656e+01 
 1.90546072e+05  1.60882399e+01 -3.05987074e+01 
 1.94984460e+05  1.54838229e+01 -3.01736803e+01 
 1.99526231e+05  1.48976594e+01 -2.97400025e+01 
 2.04173794e+05  1.43299690e+01 -2.92986933e+01 
 2.08929613e+05  1.37808988e+01 -2.88507675e+01 
 2.13796209e+05  1.32505254e+01 -2.83972293e+01 
 2.18776162e+05  1.27388569e+01 -2.79390669e+01 
 2.23872114e+05  1.22458362e+01 -2.74772475e+01 
 2.29086765e+05  1.17713437e+01 -2.70127125e+01 
 2.34422882e+05  1.13152015e+01 -2.65463733e+01 
 2.39883292e+05  1.08771772e+01 -2.60791074e+01 
 2.45470892e+05  1.04569875e+01 -2.56117552e+01 
 2.51188643e+05  1.00543033e+01 -2.51451172e+01 
 2.57039578e+05  9.66875345e+00 -2.46799514e+01 
 2.63026799e+05  9.29992962e+00 -2.42169719e+01 
 2.69153480e+05  8.94739068e+00 -2.37568468e+01 
 2.75422870e+05  8.61066713e+00 -2.33001979e+01 
 2.81838293e+05  8.28926552e+00 -2.28475998e+01 
 2.88403150e+05  7.98267267e+00 -2.23995799e+01 
 2.95120923e+05  7.69035978e+00 -2.19566185e+01 
 3.01995172e+05  7.41178635e+00 -2.15191494e+01 
 3.09029543e+05  7.14640385e+00 -2.10875610e+01 
 3.16227766e+05  6.89365924e+00 -2.06621970e+01 
 3.23593657e+05  6.65299822e+00 -2.02433581e+01 
 3.31131121e+05  6.42386815e+00 -1.98313036e+01 
 3.38844156e+05  6.20572088e+00 -1.94262528e+01 
 3.46736850e+05  5.99801516e+00 -1.90283871e+01 
 3.54813389e+05  5.80021892e+00 -1.86378522e+01 
 3.63078055e+05  5.61181117e+00 -1.82547597e+01 
 3.71535229e+05  5.43228381e+00 -1.78791893e+01 
 3.80189396e+05  5.26114307e+00 -1.75111914e+01 
 3.89045145e+05  5.09791079e+00 -1.71507886e+01 
 3.98107171e+05  4.94212550e+00 -1.67979784e+01 
 4.07380278e+05  4.79334325e+00 -1.64527349e+01 
 4.16869383e+05  4.65113825e+00 -1.61150110e+01 
 4.26579519e+05  4.51510345e+00 -1.57847406e+01 
 4.36515832e+05  4.38485078e+00 -1.54618402e+01 
 4.46683592e+05  4.26001140e+00 -1.51462111e+01 
 4.57088190e+05  4.14023572e+00 -1.48377411e+01 
 4.67735141e+05  4.02519337e+00 -1.45363060e+01 
 4.78630092e+05  3.91457301e+00 -1.42417718e+01 
 4.89778819e+05  3.80808203e+00 -1.39539955e+01 
 5.01187234e+05  3.70544629e+00 -1.36728272e+01 
 5.12861384e+05  3.60640958e+00 -1.33981110e+01 
 5.24807460e+05  3.51073324e+00 -1.31296867e+01 
 5.37031796e+05  3.41819554e+00 -1.28673906e+01 
 5.49540874e+05  3.32859113e+00 -1.26110568e+01 
 5.62341325e+05  3.24173041e+00 -1.23605181e+01 
 5.75439937e+05  3.15743887e+00 -1.21156072e+01 
 5.88843655e+05  3.07555639e+00 -1.18761570e+01 
 6.02559586e+05  2.99593656e+00 -1.16420021e+01 
 6.16595002e+05  2.91844597e+00 -1.14129786e+01 
 6.30957344e+05  2.84296345e+00 -1.11889257e+01 
 6.45654229e+05  2.76937941e+00 -1.09696855e+01 
 6.60693448e+05  2.69759506e+00 -1.07551036e+01 
 6.76082975e+05  2.62752171e+00 -1.05450299e+01 
 6.91830971e+05  2.55908006e+00 -1.03393185e+01 
 7.07945784e+05  2.49219950e+00 -1.01378281e+01 
 7.24435960e+05  2.42681743e+00 -9.94042254e+00 
 7.41310241e+05  2.36287859e+00 -9.74697057e+00 
 7.58577575e+05  2.30033439e+00 -9.55734620e+00 
 7.76247117e+05  2.23914235e+00 -9.37142878e+00 
 7.94328235e+05  2.17926541e+00 -9.18910299e+00 
 8.12830516e+05  2.12067143e+00 -9.01025890e+00 
 8.31763771e+05  2.06333259e+00 -8.83479189e+00 
 8.51138038e+05  2.00722490e+00 -8.66260263e+00 
 8.70963590e+05  1.95232770e+00 -8.49359699e+00 
 8.91250938e+05  1.89862318e+00 -8.32768590e+00 
 9.12010839e+05  1.84609599e+00 -8.16478522e+00 
 9.33254301e+05  1.79473279e+00 -8.00481558e+00 
 9.54992586e+05  1.74452193e+00 -7.84770221e+00 
 9.77237221e+05  1.69545305e+00 -7.69337474e+00 
 1.00000000e+06  1.64751684e+00 -7.54176700e+00 
 1.02329299e+06  1.60070471e+00 -7.39281679e+00 
 1.04712855e+06  1.55500855e+00 -7.24646572e+00 
 1.07151931e+06  1.51042052e+00 -7.10265890e+00 
 1.09647820e+06  1.46693285e+00 -6.96134479e+00 
 1.12201845e+06  1.42453766e+00 -6.82247494e+00 
 1.14815362e+06  1.38322682e+00 -6.68600377e+00 
 1.17489755e+06  1.34299181e+00 -6.55188835e+00 
 1.20226443e+06  1.30382366e+00 -6.42008821e+00 
 1.23026877e+06  1.26571283e+00 -6.29056509e+00 
 1.25892541e+06  1.22864917e+00 -6.16328277e+00 
 1.28824955e+06  1.19262185e+00 -6.03820688e+00 
 1.31825674e+06  1.15761935e+00 -5.91530468e+00 
 1.34896288e+06  1.12362945e+00 -5.79454493e+00 
 1.38038426e+06  1.09063919e+00 -5.67589772e+00 
 1.41253754e+06  1.05863492e+00 -5.55933428e+00 
 1.44543977e+06  1.02760228e+00 -5.44482687e+00 
 1.47910839e+06  9.97526270e-01 -5.33234865e+00 
 1.51356125e+06  9.68391222e-01 -5.22187354e+00 
 1.54881662e+06  9.40180886e-01 -5.11337612e+00 
 1.58489319e+06  9.12878453e-01 -5.00683154e+00 
 1.62181010e+06  8.86466601e-01 -4.90221541e+00 
 1.65958691e+06  8.60927549e-01 -4.79950370e+00 
 1.69824365e+06  8.36243104e-01 -4.69867273e+00 
 1.73780083e+06  8.12394715e-01 -4.59969906e+00 
 1.77827941e+06  7.89363523e-01 -4.50255942e+00 
 1.81970086e+06  7.67130416e-01 -4.40723072e+00 
 1.86208714e+06  7.45676079e-01 -4.31368994e+00 
 1.90546072e+06  7.24981045e-01 -4.22191417e+00 
 1.94984460e+06  7.05025743e-01 -4.13188052e+00 
 1.99526231e+06  6.85790547e-01 -4.04356611e+00 
 2.04173794e+06  6.67255821e-01 -3.95694809e+00 
 2.08929613e+06  6.49401960e-01 -3.87200359e+00 
 2.13796209e+06  6.32209432e-01 -3.78870970e+00 
 2.18776162e+06  6.15658818e-01 -3.70704353e+00 
 2.23872114e+06  5.99730841e-01 -3.62698213e+00 
 2.29086765e+06  5.84406406e-01 -3.54850253e+00 
 2.34422882e+06  5.69666627e-01 -3.47158176e+00 
 2.39883292e+06  5.55492852e-01 -3.39619681e+00 
 2.45470892e+06  5.41866693e-01 -3.32232468e+00 
 2.51188643e+06  5.28770044e-01 -3.24994237e+00 
 2.57039578e+06  5.16185102e-01 -3.17902688e+00 
 2.63026799e+06  5.04094385e-01 -3.10955525e+00 
 2.69153480e+06  4.92480748e-01 -3.04150453e+00 
 2.75422870e+06  4.81327393e-01 -2.97485184e+00 
 2.81838293e+06  4.70617883e-01 -2.90957435e+00 
 2.88403150e+06  4.60336151e-01 -2.84564931e+00 
 2.95120923e+06  4.50466505e-01 -2.78305403e+00 
 3.01995172e+06  4.40993633e-01 -2.72176596e+00 
 3.09029543e+06  4.31902612e-01 -2.66176262e+00 
 3.16227766e+06  4.23178906e-01 -2.60302168e+00 
 3.23593657e+06  4.14808366e-01 -2.54552093e+00 
 3.31131121e+06  4.06777234e-01 -2.48923831e+00 
 3.38844156e+06  3.99072141e-01 -2.43415194e+00 
 3.46736850e+06  3.91680102e-01 -2.38024006e+00 
 3.54813389e+06  3.84588513e-01 -2.32748115e+00 
 3.63078055e+06  3.77785151e-01 -2.27585382e+00 
 3.71535229e+06  3.71258166e-01 -2.22533692e+00 
 3.80189396e+06  3.64996074e-01 -2.17590948e+00 
 3.89045145e+06  3.58987755e-01 -2.12755075e+00 
 3.98107171e+06  3.53222444e-01 -2.08024020e+00 
 4.07380278e+06  3.47689725e-01 -2.03395754e+00 
 4.16869383e+06  3.42379522e-01 -1.98868269e+00 
 4.26579519e+06  3.37282092e-01 -1.94439581e+00 
 4.36515832e+06  3.32388020e-01 -1.90107731e+00 
 4.46683592e+06  3.27688206e-01 -1.85870784e+00 
 4.57088190e+06  3.23173859e-01 -1.81726831e+00 
 4.67735141e+06  3.18836491e-01 -1.77673985e+00 
 4.78630092e+06  3.14667903e-01 -1.73710389e+00 
 4.89778819e+06  3.10660183e-01 -1.69834207e+00 
 5.01187234e+06  3.06805691e-01 -1.66043631e+00 
 5.12861384e+06  3.03097055e-01 -1.62336877e+00 
 5.24807460e+06  2.99527162e-01 -1.58712190e+00 
 5.37031796e+06  2.96089148e-01 -1.55167836e+00 
 5.49540874e+06  2.92776392e-01 -1.51702109e+00 
 5.62341325e+06  2.89582505e-01 -1.48313330e+00 
 5.75439937e+06  2.86501326e-01 -1.44999842e+00 
 5.88843655e+06  2.83526911e-01 -1.41760014e+00 
 6.02559586e+06  2.80653527e-01 -1.38592241e+00 
 6.16595002e+06  2.77875646e-01 -1.35494941e+00 
 6.30957344e+06  2.75187937e-01 -1.32466558e+00 
 6.45654229e+06  2.72585256e-01 -1.29505558e+00 
 6.60693448e+06  2.70062647e-01 -1.26610431e+00 
 6.76082975e+06  2.67615329e-01 -1.23779691e+00 
 6.91830971e+06  2.65238693e-01 -1.21011874e+00 
 7.07945784e+06  2.62928298e-01 -1.18305539e+00 
 7.24435960e+06  2.60679863e-01 -1.15659266e+00 
 7.41310241e+06  2.58489265e-01 -1.13071656e+00 
 7.58577575e+06  2.56352530e-01 -1.10541333e+00 
 7.76247117e+06  2.54265835e-01 -1.08066938e+00 
 7.94328235e+06  2.52225501e-01 -1.05647136e+00 
 8.12830516e+06  2.50227988e-01 -1.03280608e+00 
 8.31763771e+06  2.48269896e-01 -1.00966056e+00 
 8.51138038e+06  2.46347960e-01 -9.87021991e-01 
 8.70963590e+06  2.44459048e-01 -9.64877747e-01 
 8.91250938e+06  2.42600160e-01 -9.43215378e-01 
 9.12010839e+06  2.40768425e-01 -9.22022599e-01 
 9.33254301e+06  2.38961103e-01 -9.01287290e-01 
 9.54992586e+06  2.37175581e-01 -8.80997489e-01 
 9.77237221e+06  2.35409375e-01 -8.61141388e-01 
 1.00000000e+07  2.33660130e-01 -8.41707327e-01 
 1.02329299e+07  2.31925619e-01 -8.22683792e-01 
 1.04712855e+07  2.30203748e-01 -8.04059410e-01 
 1.07151931e+07  2.28492551e-01 -7.85822942e-01 
 1.09647820e+07  2.26790198e-01 -7.67963286e-01 
 1.12201845e+07  2.25094992e-01 -7.50469466e-01 
 1.14815362e+07  2.23405375e-01 -7.33330637e-01 
 1.17489755e+07  2.21719929e-01 -7.16536076e-01 
 1.20226443e+07  2.20037378e-01 -7.00075183e-01 
 1.23026877e+07  2.18356593e-01 -6.83937478e-01 
 1.25892541e+07  2.16676594e-01 -6.68112602e-01 
 1.28824955e+07  2.14996554e-01 -6.52590314e-01 
 1.31825674e+07  2.13315802e-01 -6.37360493e-01 
 1.34896288e+07  2.11633829e-01 -6.22413136e-01 
 1.38038426e+07  2.09950287e-01 -6.07738361e-01 
 1.41253754e+07  2.08264998e-01 -5.93326408e-01 
 1.44543977e+07  2.06577954e-01 -5.79167639e-01 
 1.47910839e+07  2.04889321e-01 -5.65252545e-01 
 1.51356125e+07  2.03199447e-01 -5.51571746e-01 
 1.54881662e+07  2.01508857e-01 -5.38115996e-01 
 1.58489319e+07  1.99818262e-01 -5.24876187e-01 
 1.62181010e+07  1.98128561e-01 -5.11843355e-01 
 1.65958691e+07  1.96440841e-01 -4.99008683e-01 
 1.69824365e+07  1.94756379e-01 -4.86363511e-01 
 1.73780083e+07  1.93076647e-01 -4.73899341e-01 
 1.77827941e+07  1.91403308e-01 -4.61607841e-01 
 1.81970086e+07  1.89738217e-01 -4.49480856e-01 
 1.86208714e+07  1.88083425e-01 -4.37510416e-01 
 1.90546072e+07  1.86441172e-01 -4.25688741e-01 
 1.94984460e+07  1.84813888e-01 -4.14008251e-01 
 1.99526231e+07  1.83204193e-01 -4.02461575e-01 
 2.04173794e+07  1.81614887e-01 -3.91041557e-01 
 2.08929613e+07  1.80048953e-01 -3.79741270e-01 
 2.13796209e+07  1.78509550e-01 -3.68554016e-01 
 2.18776162e+07  1.77000005e-01 -3.57473344e-01 
 2.23872114e+07  1.75523810e-01 -3.46493051e-01 
 2.29086765e+07  1.74084614e-01 -3.35607192e-01 
 2.34422882e+07  1.72686216e-01 -3.24810091e-01 
 2.39883292e+07  1.71332556e-01 -3.14096344e-01 
 2.45470892e+07  1.70027704e-01 -3.03460829e-01 
 2.51188643e+07  1.68775858e-01 -2.92898710e-01 
 2.57039578e+07  1.67581323e-01 -2.82405447e-01 
 2.63026799e+07  1.66448512e-01 -2.71976797e-01 
 2.69153480e+07  1.65381925e-01 -2.61608823e-01 
 2.75422870e+07  1.64386146e-01 -2.51297897e-01 
 2.81838293e+07  1.63465825e-01 -2.41040701e-01 
 2.88403150e+07  1.62625669e-01 -2.30834235e-01 
 2.95120923e+07  1.61870432e-01 -2.20675818e-01 
 3.01995172e+07  1.61204898e-01 -2.10563089e-01 
 3.09029543e+07  1.60633871e-01 -2.00494008e-01 
 3.16227766e+07  1.60162162e-01 -1.90466859e-01 
 3.23593657e+07  1.59794577e-01 -1.80480249e-01 
 3.31131121e+07  1.59535904e-01 -1.70533108e-01 
 3.38844156e+07  1.59390901e-01 -1.60624688e-01 
 3.46736850e+07  1.59364279e-01 -1.50754562e-01 
 3.54813389e+07  1.59460698e-01 -1.40922623e-01 
 3.63078055e+07  1.59684745e-01 -1.31129078e-01 
 3.71535229e+07  1.60040929e-01 -1.21374452e-01 
 3.80189396e+07  1.60533662e-01 -1.11659579e-01 
 3.89045145e+07  1.61167253e-01 -1.01985599e-01 
 3.98107171e+07  1.61945889e-01 -9.23539596e-02 
 4.07380278e+07  1.62873630e-01 -8.27664043e-02 
 4.16869383e+07  1.63954389e-01 -7.32249730e-02 
 4.26579519e+07  1.65191923e-01 -6.37319946e-02 
 4.36515832e+07  1.66589823e-01 -5.42900820e-02 
 4.46683592e+07  1.68151495e-01 -4.49021262e-02 
 4.57088190e+07  1.69880155e-01 -3.55712895e-02 
 4.67735141e+07  1.71778809e-01 -2.63009989e-02 
 4.78630092e+07  1.73850245e-01 -1.70949379e-02 
 4.89778819e+07  1.76097019e-01 -7.95703893e-03 
 5.01187234e+07  1.78521440e-01  1.10852579e-03 
 5.12861384e+07  1.81125560e-01  1.00973540e-02 
 5.24807460e+07  1.83911158e-01  1.90048235e-02 
 5.37031796e+07  1.86879729e-01  2.78261040e-02 
 5.49540874e+07  1.90032472e-01  3.65561685e-02 
 5.62341325e+07  1.93370273e-01  4.51898073e-02 
 5.75439937e+07  1.96893697e-01  5.37216417e-02 
 5.88843655e+07  2.00602973e-01  6.21461397e-02 
 6.02559586e+07  2.04497982e-01  7.04576324e-02 
 6.16595002e+07  2.08578249e-01  7.86503315e-02 
 6.30957344e+07  2.12842928e-01  8.67183487e-02 
 6.45654229e+07  2.17290794e-01  9.46557153e-02 
 6.60693448e+07  2.21920237e-01  1.02456404e-01 
 6.76082975e+07  2.26729249e-01  1.10114351e-01 
 6.91830971e+07  2.31715420e-01  1.17623480e-01 
 7.07945784e+07  2.36875934e-01  1.24977726e-01 
 7.24435960e+07  2.42207563e-01  1.32171064e-01 
 7.41310241e+07  2.47706668e-01  1.39197533e-01 
 7.58577575e+07  2.53369197e-01  1.46051262e-01 
 7.76247117e+07  2.59190687e-01  1.52726503e-01 
 7.94328235e+07  2.65166269e-01  1.59217654e-01 
 8.12830516e+07  2.71290676e-01  1.65519294e-01 
 8.31763771e+07  2.77558247e-01  1.71626204e-01 
 8.51138038e+07  2.83962944e-01  1.77533403e-01 
 8.70963590e+07  2.90498363e-01  1.83236173e-01 
 8.91250938e+07  2.97157748e-01  1.88730085e-01 
 9.12010839e+07  3.03934012e-01  1.94011028e-01 
 9.33254301e+07  3.10819760e-01  1.99075235e-01 
 9.54992586e+07  3.17807307e-01  2.03919303e-01 
 9.77237221e+07  3.24888706e-01  2.08540222e-01 
 1.00000000e+08  3.32055779e-01  2.12935387e-01 
