 frequency       er              ei              fr              fi              ir              ii             
 1.00000000e+00  1.23220314e-03  3.11973918e-03  1.23220314e-03  3.11973918e-03 -1.00000000e+00  3.12452460e-11 
 1.02329299e+00  1.23220592e-03  3.19240723e-03  1.23220592e-03  3.19240723e-03 -1.00000000e+00  3.19730413e-11 
 1.04712855e+00  1.23220882e-03  3.26676794e-03  1.23220882e-03  3.26676794e-03 -1.00000000e+00  3.27177891e-11 
 1.07151931e+00  1.23221186e-03  3.34286072e-03  1.23221186e-03  3.34286072e-03 -1.00000000e+00  3.34798843e-11 
 1.09647820e+00  1.23221505e-03  3.42072594e-03  1.23221505e-03  3.42072594e-03 -1.00000000e+00  3.42597310e-11 
 1.12201845e+00  1.23221838e-03  3.50040487e-03  1.23221838e-03  3.50040487e-03 -1.00000000e+00  3.50577427e-11 
 1.14815362e+00  1.23222187e-03  3.58193976e-03  1.23222187e-03  3.58193976e-03 -1.00000000e+00  3.58743425e-11 
 1.17489755e+00  1.23222552e-03  3.66537385e-03  1.23222552e-03  3.66537385e-03 -1.00000000e+00  3.67099633e-11 
 1.20226443e+00  1.23222935e-03  3.75075136e-03  1.23222935e-03  3.75075136e-03 -1.00000000e+00  3.75650483e-11 
 1.23026877e+00  1.23223336e-03  3.83811757e-03  1.23223336e-03  3.83811757e-03 -1.00000000e+00  3.84400508e-11 
 1.25892541e+00  1.23223755e-03  3.92751881e-03  1.23223755e-03  3.92751881e-03 -1.00000000e+00  3.93354347e-11 
 1.28824955e+00  1.23224194e-03  4.01900246e-03  1.23224194e-03  4.01900246e-03 -1.00000000e+00  4.02516748e-11 
 1.31825674e+00  1.23224654e-03  4.11261704e-03  1.23224654e-03  4.11261704e-03 -1.00000000e+00  4.11892569e-11 
 1.34896288e+00  1.23225136e-03  4.20841219e-03  1.23225136e-03  4.20841219e-03 -1.00000000e+00  4.21486781e-11 
 1.38038426e+00  1.23225640e-03  4.30643869e-03  1.23225640e-03  4.30643869e-03 -1.00000000e+00  4.31304471e-11 
 1.41253754e+00  1.23226168e-03  4.40674852e-03  1.23226168e-03  4.40674852e-03 -1.00000000e+00  4.41350844e-11 
 1.44543977e+00  1.23226721e-03  4.50939487e-03  1.23226721e-03  4.50939487e-03 -1.00000000e+00  4.51631228e-11 
 1.47910839e+00  1.23227300e-03  4.61443216e-03  1.23227300e-03  4.61443216e-03 -1.00000000e+00  4.62151074e-11 
 1.51356125e+00  1.23227906e-03  4.72191609e-03  1.23227906e-03  4.72191609e-03 -1.00000000e+00  4.72915958e-11 
 1.54881662e+00  1.23228540e-03  4.83190363e-03  1.23228540e-03  4.83190363e-03 -1.00000000e+00  4.83931588e-11 
 1.58489319e+00  1.23229205e-03  4.94445312e-03  1.23229205e-03  4.94445312e-03 -1.00000000e+00  4.95203807e-11 
 1.62181010e+00  1.23229901e-03  5.05962422e-03  1.23229901e-03  5.05962422e-03 -1.00000000e+00  5.06738589e-11 
 1.65958691e+00  1.23230629e-03  5.17747800e-03  1.23230629e-03  5.17747800e-03 -1.00000000e+00  5.18542051e-11 
 1.69824365e+00  1.23231392e-03  5.29807694e-03  1.23231392e-03  5.29807694e-03 -1.00000000e+00  5.30620451e-11 
 1.73780083e+00  1.23232191e-03  5.42148500e-03  1.23232191e-03  5.42148500e-03 -1.00000000e+00  5.42980194e-11 
 1.77827941e+00  1.23233027e-03  5.54776760e-03  1.23233027e-03  5.54776760e-03 -1.00000000e+00  5.55627832e-11 
 1.81970086e+00  1.23233903e-03  5.67699170e-03  1.23233903e-03  5.67699170e-03 -1.00000000e+00  5.68570073e-11 
 1.86208714e+00  1.23234820e-03  5.80922581e-03  1.23234820e-03  5.80922581e-03 -1.00000000e+00  5.81813777e-11 
 1.90546072e+00  1.23235780e-03  5.94454005e-03  1.23235780e-03  5.94454005e-03 -1.00000000e+00  5.95365967e-11 
 1.94984460e+00  1.23236786e-03  6.08300617e-03  1.23236786e-03  6.08300617e-03 -1.00000000e+00  6.09233829e-11 
 1.99526231e+00  1.23237839e-03  6.22469758e-03  1.23237839e-03  6.22469758e-03 -1.00000000e+00  6.23424716e-11 
 2.04173794e+00  1.23238942e-03  6.36968940e-03  1.23238942e-03  6.36968940e-03 -1.00000000e+00  6.37946152e-11 
 2.08929613e+00  1.23240097e-03  6.51805852e-03  1.23240097e-03  6.51805852e-03 -1.00000000e+00  6.52805835e-11 
 2.13796209e+00  1.23241305e-03  6.66988360e-03  1.23241305e-03  6.66988360e-03 -1.00000000e+00  6.68011646e-11 
 2.18776162e+00  1.23242571e-03  6.82524514e-03  1.23242571e-03  6.82524514e-03 -1.00000000e+00  6.83571647e-11 
 2.23872114e+00  1.23243897e-03  6.98422552e-03  1.23243897e-03  6.98422552e-03 -1.00000000e+00  6.99494087e-11 
 2.29086765e+00  1.23245285e-03  7.14690902e-03  1.23245285e-03  7.14690902e-03 -1.00000000e+00  7.15787410e-11 
 2.34422882e+00  1.23246738e-03  7.31338191e-03  1.23246738e-03  7.31338191e-03 -1.00000000e+00  7.32460253e-11 
 2.39883292e+00  1.23248260e-03  7.48373245e-03  1.23248260e-03  7.48373245e-03 -1.00000000e+00  7.49521459e-11 
 2.45470892e+00  1.23249854e-03  7.65805096e-03  1.23249854e-03  7.65805096e-03 -1.00000000e+00  7.66980071e-11 
 2.51188643e+00  1.23251522e-03  7.83642988e-03  1.23251522e-03  7.83642988e-03 -1.00000000e+00  7.84845348e-11 
 2.57039578e+00  1.23253270e-03  8.01896377e-03  1.23253270e-03  8.01896377e-03 -1.00000000e+00  8.03126762e-11 
 2.63026799e+00  1.23255100e-03  8.20574943e-03  1.23255100e-03  8.20574943e-03 -1.00000000e+00  8.21834006e-11 
 2.69153480e+00  1.23257015e-03  8.39688588e-03  1.23257015e-03  8.39688588e-03 -1.00000000e+00  8.40977000e-11 
 2.75422870e+00  1.23259022e-03  8.59247447e-03  1.23259022e-03  8.59247447e-03 -1.00000000e+00  8.60565892e-11 
 2.81838293e+00  1.23261122e-03  8.79261890e-03  1.23261122e-03  8.79261890e-03 -1.00000000e+00  8.80611070e-11 
 2.88403150e+00  1.23263322e-03  8.99742530e-03  1.23263322e-03  8.99742530e-03 -1.00000000e+00  9.01123162e-11 
 2.95120923e+00  1.23265625e-03  9.20700225e-03  1.23265625e-03  9.20700225e-03 -1.00000000e+00  9.22113044e-11 
 3.01995172e+00  1.23268037e-03  9.42146088e-03  1.23268037e-03  9.42146088e-03 -1.00000000e+00  9.43591844e-11 
 3.09029543e+00  1.23270563e-03  9.64091488e-03  1.23270563e-03  9.64091488e-03 -1.00000000e+00  9.65570953e-11 
 3.16227766e+00  1.23273208e-03  9.86548063e-03  1.23273208e-03  9.86548063e-03 -1.00000000e+00  9.88062023e-11 
 3.23593657e+00  1.23275977e-03  1.00952772e-02  1.23275977e-03  1.00952772e-02 -1.00000000e+00  1.01107698e-10 
 3.31131121e+00  1.23278876e-03  1.03304264e-02  1.23278876e-03  1.03304264e-02 -1.00000000e+00  1.03462803e-10 
 3.38844156e+00  1.23281913e-03  1.05710529e-02  1.23281913e-03  1.05710529e-02 -1.00000000e+00  1.05872765e-10 
 3.46736850e+00  1.23285092e-03  1.08172844e-02  1.23285092e-03  1.08172844e-02 -1.00000000e+00  1.08338863e-10 
 3.54813389e+00  1.23288422e-03  1.10692513e-02  1.23288422e-03  1.10692513e-02 -1.00000000e+00  1.10862404e-10 
 3.63078055e+00  1.23291908e-03  1.13270873e-02  1.23291908e-03  1.13270873e-02 -1.00000000e+00  1.13444726e-10 
 3.71535229e+00  1.23295559e-03  1.15909290e-02  1.23295559e-03  1.15909290e-02 -1.00000000e+00  1.16087199e-10 
 3.80189396e+00  1.23299381e-03  1.18609164e-02  1.23299381e-03  1.18609164e-02 -1.00000000e+00  1.18791223e-10 
 3.89045145e+00  1.23303384e-03  1.21371927e-02  1.23303384e-03  1.21371927e-02 -1.00000000e+00  1.21558232e-10 
 3.98107171e+00  1.23307575e-03  1.24199042e-02  1.23307575e-03  1.24199042e-02 -1.00000000e+00  1.24389693e-10 
 4.07380278e+00  1.23311964e-03  1.27092009e-02  1.23311964e-03  1.27092009e-02 -1.00000000e+00  1.27287109e-10 
 4.16869383e+00  1.23316560e-03  1.30052362e-02  1.23316560e-03  1.30052362e-02 -1.00000000e+00  1.30252014e-10 
 4.26579519e+00  1.23321372e-03  1.33081671e-02  1.23321372e-03  1.33081671e-02 -1.00000000e+00  1.33285981e-10 
 4.36515832e+00  1.23326411e-03  1.36181541e-02  1.23326411e-03  1.36181541e-02 -1.00000000e+00  1.36390620e-10 
 4.46683592e+00  1.23331688e-03  1.39353616e-02  1.23331688e-03  1.39353616e-02 -1.00000000e+00  1.39567575e-10 
 4.57088190e+00  1.23337213e-03  1.42599579e-02  1.23337213e-03  1.42599579e-02 -1.00000000e+00  1.42818531e-10 
 4.67735141e+00  1.23342999e-03  1.45921150e-02  1.23342999e-03  1.45921150e-02 -1.00000000e+00  1.46145213e-10 
 4.78630092e+00  1.23349058e-03  1.49320090e-02  1.23349058e-03  1.49320090e-02 -1.00000000e+00  1.49549384e-10 
 4.89778819e+00  1.23355401e-03  1.52798202e-02  1.23355401e-03  1.52798202e-02 -1.00000000e+00  1.53032849e-10 
 5.01187234e+00  1.23362044e-03  1.56357329e-02  1.23362044e-03  1.56357329e-02 -1.00000000e+00  1.56597456e-10 
 5.12861384e+00  1.23369000e-03  1.59999359e-02  1.23369000e-03  1.59999359e-02 -1.00000000e+00  1.60245093e-10 
 5.24807460e+00  1.23376284e-03  1.63726222e-02  1.23376284e-03  1.63726222e-02 -1.00000000e+00  1.63977696e-10 
 5.37031796e+00  1.23383911e-03  1.67539896e-02  1.23383911e-03  1.67539896e-02 -1.00000000e+00  1.67797244e-10 
 5.49540874e+00  1.23391897e-03  1.71442401e-02  1.23391897e-03  1.71442401e-02 -1.00000000e+00  1.71705761e-10 
 5.62341325e+00  1.23400260e-03  1.75435808e-02  1.23400260e-03  1.75435808e-02 -1.00000000e+00  1.75705321e-10 
 5.75439937e+00  1.23409017e-03  1.79522232e-02  1.23409017e-03  1.79522232e-02 -1.00000000e+00  1.79798044e-10 
 5.88843655e+00  1.23418187e-03  1.83703842e-02  1.23418187e-03  1.83703842e-02 -1.00000000e+00  1.83986100e-10 
 6.02559586e+00  1.23427789e-03  1.87982854e-02  1.23427789e-03  1.87982854e-02 -1.00000000e+00  1.88271710e-10 
 6.16595002e+00  1.23437843e-03  1.92361537e-02  1.23437843e-03  1.92361537e-02 -1.00000000e+00  1.92657147e-10 
 6.30957344e+00  1.23448371e-03  1.96842213e-02  1.23448371e-03  1.96842213e-02 -1.00000000e+00  1.97144735e-10 
 6.45654229e+00  1.23459395e-03  2.01427257e-02  1.23459395e-03  2.01427257e-02 -1.00000000e+00  2.01736854e-10 
 6.60693448e+00  1.23470940e-03  2.06119100e-02  1.23470940e-03  2.06119100e-02 -1.00000000e+00  2.06435940e-10 
 6.76082975e+00  1.23483027e-03  2.10920231e-02  1.23483027e-03  2.10920231e-02 -1.00000000e+00  2.11244484e-10 
 6.91830971e+00  1.23495685e-03  2.15833194e-02  1.23495685e-03  2.15833194e-02 -1.00000000e+00  2.16165035e-10 
 7.07945784e+00  1.23508939e-03  2.20860594e-02  1.23508939e-03  2.20860594e-02 -1.00000000e+00  2.21200203e-10 
 7.24435960e+00  1.23522818e-03  2.26005098e-02  1.23522818e-03  2.26005098e-02 -1.00000000e+00  2.26352658e-10 
 7.41310241e+00  1.23537351e-03  2.31269433e-02  1.23537351e-03  2.31269433e-02 -1.00000000e+00  2.31625132e-10 
 7.58577575e+00  1.23552569e-03  2.36656390e-02  1.23552569e-03  2.36656390e-02 -1.00000000e+00  2.37020421e-10 
 7.76247117e+00  1.23568504e-03  2.42168825e-02  1.23568504e-03  2.42168825e-02 -1.00000000e+00  2.42541386e-10 
 7.94328235e+00  1.23585190e-03  2.47809661e-02  1.23585190e-03  2.47809661e-02 -1.00000000e+00  2.48190954e-10 
 8.12830516e+00  1.23602662e-03  2.53581889e-02  1.23602662e-03  2.53581889e-02 -1.00000000e+00  2.53972121e-10 
 8.31763771e+00  1.23620958e-03  2.59488570e-02  1.23620958e-03  2.59488570e-02 -1.00000000e+00  2.59887953e-10 
 8.51138038e+00  1.23640117e-03  2.65532835e-02  1.23640117e-03  2.65532835e-02 -1.00000000e+00  2.65941586e-10 
 8.70963590e+00  1.23660178e-03  2.71717888e-02  1.23660178e-03  2.71717888e-02 -1.00000000e+00  2.72136232e-10 
 8.91250938e+00  1.23681184e-03  2.78047011e-02  1.23681184e-03  2.78047011e-02 -1.00000000e+00  2.78475175e-10 
 9.12010839e+00  1.23703181e-03  2.84523557e-02  1.23703181e-03  2.84523557e-02 -1.00000000e+00  2.84961775e-10 
 9.33254301e+00  1.23726214e-03  2.91150961e-02  1.23726214e-03  2.91150961e-02 -1.00000000e+00  2.91599474e-10 
 9.54992586e+00  1.23750332e-03  2.97932738e-02  1.23750332e-03  2.97932738e-02 -1.00000000e+00  2.98391791e-10 
 9.77237221e+00  1.23775588e-03  3.04872482e-02  1.23775588e-03  3.04872482e-02 -1.00000000e+00  3.05342328e-10 
 1.00000000e+01  1.23802033e-03  3.11973874e-02  1.23802033e-03  3.11973874e-02 -1.00000000e+00  3.12454771e-10 
 1.02329299e+01  1.23829725e-03  3.19240678e-02  1.23829725e-03  3.19240678e-02 -1.00000000e+00  3.19732892e-10 
 1.04712855e+01  1.23858722e-03  3.26676748e-02  1.23858722e-03  3.26676748e-02 -1.00000000e+00  3.27180550e-10 
 1.07151931e+01  1.23889086e-03  3.34286026e-02  1.23889086e-03  3.34286026e-02 -1.00000000e+00  3.34801694e-10 
 1.09647820e+01  1.23920880e-03  3.42072547e-02  1.23920880e-03  3.42072547e-02 -1.00000000e+00  3.42600368e-10 
 1.12201845e+01  1.23954174e-03  3.50040440e-02  1.23954174e-03  3.50040440e-02 -1.00000000e+00  3.50580706e-10 
 1.14815362e+01  1.23989035e-03  3.58193928e-02  1.23989035e-03  3.58193928e-02 -1.00000000e+00  3.58746941e-10 
 1.17489755e+01  1.24025541e-03  3.66537335e-02  1.24025541e-03  3.66537335e-02 -1.00000000e+00  3.67103403e-10 
 1.20226443e+01  1.24063766e-03  3.75075085e-02  1.24063766e-03  3.75075085e-02 -1.00000000e+00  3.75654525e-10 
 1.23026877e+01  1.24103793e-03  3.83811705e-02  1.24103793e-03  3.83811705e-02 -1.00000000e+00  3.84404841e-10 
 1.25892541e+01  1.24145707e-03  3.92751827e-02  1.24145707e-03  3.92751827e-02 -1.00000000e+00  3.93358992e-10 
 1.28824955e+01  1.24189595e-03  4.01900191e-02  1.24189595e-03  4.01900191e-02 -1.00000000e+00  4.02521728e-10 
 1.31825674e+01  1.24235552e-03  4.11261647e-02  1.24235552e-03  4.11261647e-02 -1.00000000e+00  4.11897907e-10 
 1.34896288e+01  1.24283676e-03  4.20841160e-02  1.24283676e-03  4.20841160e-02 -1.00000000e+00  4.21492503e-10 
 1.38038426e+01  1.24334067e-03  4.30643808e-02  1.24334067e-03  4.30643808e-02 -1.00000000e+00  4.31310604e-10 
 1.41253754e+01  1.24386832e-03  4.40674789e-02  1.24386832e-03  4.40674789e-02 -1.00000000e+00  4.41357419e-10 
 1.44543977e+01  1.24442085e-03  4.50939422e-02  1.24442085e-03  4.50939422e-02 -1.00000000e+00  4.51638275e-10 
 1.47910839e+01  1.24499942e-03  4.61443148e-02  1.24499942e-03  4.61443148e-02 -1.00000000e+00  4.62158626e-10 
 1.51356125e+01  1.24560525e-03  4.72191537e-02  1.24560525e-03  4.72191537e-02 -1.00000000e+00  4.72924053e-10 
 1.54881662e+01  1.24623963e-03  4.83190289e-02  1.24623963e-03  4.83190289e-02 -1.00000000e+00  4.83940264e-10 
 1.58489319e+01  1.24690392e-03  4.94445234e-02  1.24690392e-03  4.94445234e-02 -1.00000000e+00  4.95213105e-10 
 1.62181010e+01  1.24759951e-03  5.05962340e-02  1.24759951e-03  5.05962340e-02 -1.00000000e+00  5.06748554e-10 
 1.65958691e+01  1.24832788e-03  5.17747714e-02  1.24832788e-03  5.17747714e-02 -1.00000000e+00  5.18552730e-10 
 1.69824365e+01  1.24909058e-03  5.29807604e-02  1.24909058e-03  5.29807604e-02 -1.00000000e+00  5.30631896e-10 
 1.73780083e+01  1.24988922e-03  5.42148405e-02  1.24988922e-03  5.42148405e-02 -1.00000000e+00  5.42992459e-10 
 1.77827941e+01  1.25072550e-03  5.54776660e-02  1.25072550e-03  5.54776660e-02 -1.00000000e+00  5.55640977e-10 
 1.81970086e+01  1.25160120e-03  5.67699065e-02  1.25160120e-03  5.67699065e-02 -1.00000000e+00  5.68584159e-10 
 1.86208714e+01  1.25251816e-03  5.80922470e-02  1.25251816e-03  5.80922470e-02 -1.00000000e+00  5.81828873e-10 
 1.90546072e+01  1.25347834e-03  5.94453888e-02  1.25347834e-03  5.94453888e-02 -1.00000000e+00  5.95382145e-10 
 1.94984460e+01  1.25448377e-03  6.08300493e-02  1.25448377e-03  6.08300493e-02 -1.00000000e+00  6.09251165e-10 
 1.99526231e+01  1.25553659e-03  6.22469627e-02  1.25553659e-03  6.22469627e-02 -1.00000000e+00  6.23443293e-10 
 2.04173794e+01  1.25663902e-03  6.36968802e-02  1.25663902e-03  6.36968802e-02 -1.00000000e+00  6.37966058e-10 
 2.08929613e+01  1.25779341e-03  6.51805705e-02  1.25779341e-03  6.51805705e-02 -1.00000000e+00  6.52827168e-10 
 2.13796209e+01  1.25900221e-03  6.66988204e-02  1.25900221e-03  6.66988204e-02 -1.00000000e+00  6.68034506e-10 
 2.18776162e+01  1.26026797e-03  6.82524348e-02  1.26026797e-03  6.82524348e-02 -1.00000000e+00  6.83596143e-10 
 2.23872114e+01  1.26159339e-03  6.98422375e-02  1.26159339e-03  6.98422375e-02 -1.00000000e+00  6.99520336e-10 
 2.29086765e+01  1.26298127e-03  7.14690714e-02  1.26298127e-03  7.14690714e-02 -1.00000000e+00  7.15815537e-10 
 2.34422882e+01  1.26443456e-03  7.31337991e-02  1.26443456e-03  7.31337991e-02 -1.00000000e+00  7.32490394e-10 
 2.39883292e+01  1.26595634e-03  7.48373032e-02  1.26595634e-03  7.48373032e-02 -1.00000000e+00  7.49553756e-10 
 2.45470892e+01  1.26754984e-03  7.65804870e-02  1.26754984e-03  7.65804870e-02 -1.00000000e+00  7.67014680e-10 
 2.51188643e+01  1.26921844e-03  7.83642746e-02  1.26921844e-03  7.83642746e-02 -1.00000000e+00  7.84882434e-10 
 2.57039578e+01  1.27096568e-03  8.01896120e-02  1.27096568e-03  8.01896120e-02 -1.00000000e+00  8.03166501e-10 
 2.63026799e+01  1.27279526e-03  8.20574668e-02  1.27279526e-03  8.20574668e-02 -1.00000000e+00  8.21876589e-10 
 2.69153480e+01  1.27471107e-03  8.39688294e-02  1.27471107e-03  8.39688294e-02 -1.00000000e+00  8.41022629e-10 
 2.75422870e+01  1.27671717e-03  8.59247134e-02  1.27671717e-03  8.59247134e-02 -1.00000000e+00  8.60614786e-10 
 2.81838293e+01  1.27881781e-03  8.79261556e-02  1.27881781e-03  8.79261556e-02 -1.00000000e+00  8.80663462e-10 
 2.88403150e+01  1.28101745e-03  8.99742173e-02  1.28101745e-03  8.99742173e-02 -1.00000000e+00  9.01179302e-10 
 2.95120923e+01  1.28332076e-03  9.20699844e-02  1.28332076e-03  9.20699844e-02 -1.00000000e+00  9.22173200e-10 
 3.01995172e+01  1.28573262e-03  9.42145680e-02  1.28573262e-03  9.42145680e-02 -1.00000000e+00  9.43656304e-10 
 3.09029543e+01  1.28825814e-03  9.64091053e-02  1.28825814e-03  9.64091053e-02 -1.00000000e+00  9.65640023e-10 
 3.16227766e+01  1.29090269e-03  9.86547597e-02  1.29090269e-03  9.86547597e-02 -1.00000000e+00  9.88136034e-10 
 3.23593657e+01  1.29367187e-03  1.00952722e-01  1.29367187e-03  1.00952722e-01 -1.00000000e+00  1.01115628e-09 
 3.31131121e+01  1.29657156e-03  1.03304211e-01  1.29657156e-03  1.03304211e-01 -1.00000000e+00  1.03471300e-09 
 3.38844156e+01  1.29960791e-03  1.05710472e-01  1.29960791e-03  1.05710472e-01 -1.00000000e+00  1.05881871e-09 
 3.46736850e+01  1.30278735e-03  1.08172783e-01  1.30278735e-03  1.08172783e-01 -1.00000000e+00  1.08348620e-09 
 3.54813389e+01  1.30611664e-03  1.10692448e-01  1.30611664e-03  1.10692448e-01 -1.00000000e+00  1.10872859e-09 
 3.63078055e+01  1.30960282e-03  1.13270803e-01  1.30960282e-03  1.13270803e-01 -1.00000000e+00  1.13455929e-09 
 3.71535229e+01  1.31325332e-03  1.15909215e-01  1.31325332e-03  1.15909215e-01 -1.00000000e+00  1.16099203e-09 
 3.80189396e+01  1.31707584e-03  1.18609084e-01  1.31707584e-03  1.18609084e-01 -1.00000000e+00  1.18804085e-09 
 3.89045145e+01  1.32107852e-03  1.21371841e-01  1.32107852e-03  1.21371841e-01 -1.00000000e+00  1.21572014e-09 
 3.98107171e+01  1.32526984e-03  1.24198950e-01  1.32526984e-03  1.24198950e-01 -1.00000000e+00  1.24404462e-09 
 4.07380278e+01  1.32965868e-03  1.27091911e-01  1.32965868e-03  1.27091911e-01 -1.00000000e+00  1.27302934e-09 
 4.16869383e+01  1.33425437e-03  1.30052257e-01  1.33425437e-03  1.30052257e-01 -1.00000000e+00  1.30268971e-09 
 4.26579519e+01  1.33906664e-03  1.33081558e-01  1.33906664e-03  1.33081558e-01 -1.00000000e+00  1.33304151e-09 
 4.36515832e+01  1.34410571e-03  1.36181421e-01  1.34410571e-03  1.36181421e-01 -1.00000000e+00  1.36410089e-09 
 4.46683592e+01  1.34938225e-03  1.39353487e-01  1.34938225e-03  1.39353487e-01 -1.00000000e+00  1.39588436e-09 
 4.57088190e+01  1.35490747e-03  1.42599441e-01  1.35490747e-03  1.42599441e-01 -1.00000000e+00  1.42840885e-09 
 4.67735141e+01  1.36069309e-03  1.45921002e-01  1.36069309e-03  1.45921002e-01 -1.00000000e+00  1.46169165e-09 
 4.78630092e+01  1.36675137e-03  1.49319931e-01  1.36675137e-03  1.49319931e-01 -1.00000000e+00  1.49575049e-09 
 4.89778819e+01  1.37309516e-03  1.52798032e-01  1.37309516e-03  1.52798032e-01 -1.00000000e+00  1.53060350e-09 
 5.01187234e+01  1.37973792e-03  1.56357147e-01  1.37973792e-03  1.56357147e-01 -1.00000000e+00  1.56627368e-09 
 5.12861384e+01  1.38669375e-03  1.59999164e-01  1.38669375e-03  1.59999164e-01 -1.00000000e+00  1.60277123e-09 
 5.24807460e+01  1.39397739e-03  1.63726014e-01  1.39397739e-03  1.63726014e-01 -1.00000000e+00  1.64011995e-09 
 5.37031796e+01  1.40160429e-03  1.67539672e-01  1.40160429e-03  1.67539672e-01 -1.00000000e+00  1.67833974e-09 
 5.49540874e+01  1.40959063e-03  1.71442162e-01  1.40959063e-03  1.71442162e-01 -1.00000000e+00  1.71745095e-09 
 5.62341325e+01  1.41795336e-03  1.75435551e-01  1.41795336e-03  1.75435551e-01 -1.00000000e+00  1.75747445e-09 
 5.75439937e+01  1.42671020e-03  1.79521958e-01  1.42671020e-03  1.79521958e-01 -1.00000000e+00  1.79843156e-09 
 5.88843655e+01  1.43587973e-03  1.83703548e-01  1.43587973e-03  1.83703548e-01 -1.00000000e+00  1.84034414e-09 
 6.02559586e+01  1.44548140e-03  1.87982539e-01  1.44548140e-03  1.87982539e-01 -1.00000000e+00  1.88323455e-09 
 6.16595002e+01  1.45553558e-03  1.92361199e-01  1.45553558e-03  1.92361199e-01 -1.00000000e+00  1.92712566e-09 
 6.30957344e+01  1.46606359e-03  1.96841851e-01  1.46606359e-03  1.96841851e-01 -1.00000000e+00  1.97204091e-09 
 6.45654229e+01  1.47708776e-03  2.01426869e-01  1.47708776e-03  2.01426869e-01 -1.00000000e+00  2.01800429e-09 
 6.60693448e+01  1.48863148e-03  2.06118685e-01  1.48863148e-03  2.06118685e-01 -1.00000000e+00  2.06504034e-09 
 6.76082975e+01  1.50071922e-03  2.10919785e-01  1.50071922e-03  2.10919785e-01 -1.00000000e+00  2.11317419e-09 
 6.91830971e+01  1.51337663e-03  2.15832717e-01  1.51337663e-03  2.15832717e-01 -1.00000000e+00  2.16243465e-09 
 7.07945784e+01  1.52663055e-03  2.20860083e-01  1.52663055e-03  2.20860083e-01 -1.00000000e+00  2.21284198e-09 
 7.24435960e+01  1.54050910e-03  2.26004551e-01  1.54050910e-03  2.26004551e-01 -1.00000000e+00  2.26442615e-09 
 7.41310241e+01  1.55504171e-03  2.31268846e-01  1.55504171e-03  2.31268846e-01 -1.00000000e+00  2.31721476e-09 
 7.58577575e+01  1.57025920e-03  2.36655761e-01  1.57025920e-03  2.36655761e-01 -1.00000000e+00  2.37123608e-09 
 7.76247117e+01  1.58619385e-03  2.42168151e-01  1.58619385e-03  2.42168151e-01 -1.00000000e+00  2.42651903e-09 
 7.94328235e+01  1.60287947e-03  2.47808939e-01  1.60287947e-03  2.47808939e-01 -1.00000000e+00  2.48309326e-09 
 8.12830516e+01  1.62035142e-03  2.53581116e-01  1.62035142e-03  2.53581116e-01 -1.00000000e+00  2.54098908e-09 
 8.31763771e+01  1.63864679e-03  2.59487741e-01  1.63864679e-03  2.59487741e-01 -1.00000000e+00  2.60024124e-09 
 8.51138038e+01  1.65780436e-03  2.65531947e-01  1.65780436e-03  2.65531947e-01 -1.00000000e+00  2.66087425e-09 
 8.70963590e+01  1.67786477e-03  2.71716937e-01  1.67786477e-03  2.71716937e-01 -1.00000000e+00  2.72292428e-09 
 8.91250938e+01  1.69887057e-03  2.78045992e-01  1.69887057e-03  2.78045992e-01 -1.00000000e+00  2.78642467e-09 
 9.12010839e+01  1.72086632e-03  2.84522465e-01  1.72086632e-03  2.84522465e-01 -1.00000000e+00  2.85140956e-09 
 9.33254301e+01  1.74389864e-03  2.91149791e-01  1.74389864e-03  2.91149791e-01 -1.00000000e+00  2.91791392e-09 
 9.54992586e+01  1.76801642e-03  2.97931484e-01  1.76801642e-03  2.97931484e-01 -1.00000000e+00  2.98598202e-09 
 9.77237221e+01  1.79327077e-03  3.04871139e-01  1.79327077e-03  3.04871139e-01 -1.00000000e+00  3.05563378e-09 
 1.00000000e+02  1.81971529e-03  3.11972435e-01  1.81971529e-03  3.11972435e-01 -1.00000000e+00  3.12691505e-09 
 1.02329299e+02  1.84740604e-03  3.19239136e-01  1.84740604e-03  3.19239136e-01 -1.00000000e+00  3.19986428e-09 
 1.04712855e+02  1.87640176e-03  3.26675096e-01  1.87640176e-03  3.26675096e-01 -1.00000000e+00  3.27452087e-09 
 1.07151931e+02  1.90676394e-03  3.34284256e-01  1.90676394e-03  3.34284256e-01 -1.00000000e+00  3.35092518e-09 
 1.09647820e+02  1.93855698e-03  3.42070650e-01  1.93855698e-03  3.42070650e-01 -1.00000000e+00  3.42911853e-09 
 1.12201845e+02  1.97184830e-03  3.50038407e-01  1.97184830e-03  3.50038407e-01 -1.00000000e+00  3.50914327e-09 
 1.14815362e+02  2.00670851e-03  3.58191750e-01  2.00670851e-03  3.58191750e-01 -1.00000000e+00  3.59104278e-09 
 1.17489755e+02  2.04321153e-03  3.66535002e-01  2.04321153e-03  3.66535002e-01 -1.00000000e+00  3.67486149e-09 
 1.20226443e+02  2.08143479e-03  3.75072585e-01  2.08143479e-03  3.75072585e-01 -1.00000000e+00  3.76064493e-09 
 1.23026877e+02  2.12145935e-03  3.83809026e-01  2.12145935e-03  3.83809026e-01 -1.00000000e+00  3.84843975e-09 
 1.25892541e+02  2.16337008e-03  3.92748956e-01  2.16337008e-03  3.92748956e-01 -1.00000000e+00  3.93830491e-09 
 1.28824955e+02  2.20725587e-03  4.01897115e-01  2.20725587e-03  4.01897115e-01 -1.00000000e+00  4.03026732e-09 
 1.31825674e+02  2.25320979e-03  4.11258352e-01  2.25320979e-03  4.11258352e-01 -1.00000000e+00  4.12438807e-09 
 1.34896288e+02  2.30132929e-03  4.20837629e-01  2.30132929e-03  4.20837629e-01 -1.00000000e+00  4.22072460e-09 
 1.38038426e+02  2.35171642e-03  4.30640025e-01  2.35171642e-03  4.30640025e-01 -1.00000000e+00  4.31931779e-09 
 1.41253754e+02  2.40447803e-03  4.40670735e-01  2.40447803e-03  4.40670735e-01 -1.00000000e+00  4.42023379e-09 
 1.44543977e+02  2.45972600e-03  4.50935078e-01  2.45972600e-03  4.50935078e-01 -1.00000000e+00  4.52351561e-09 
 1.47910839e+02  2.51757750e-03  4.61438494e-01  2.51757750e-03  4.61438494e-01 -1.00000000e+00  4.62923271e-09 
 1.51356125e+02  2.57815521e-03  4.72186550e-01  2.57815521e-03  4.72186550e-01 -1.00000000e+00  4.73743035e-09 
 1.54881662e+02  2.64158757e-03  4.83184945e-01  2.64158757e-03  4.83184945e-01 -1.00000000e+00  4.84817462e-09 
 1.58489319e+02  2.70800911e-03  4.94439509e-01  2.70800911e-03  4.94439509e-01 -1.00000000e+00  4.96152673e-09 
 1.62181010e+02  2.77756067e-03  5.05956206e-01  2.77756067e-03  5.05956206e-01 -1.00000000e+00  5.07756382e-09 
 1.65958691e+02  2.85038973e-03  5.17741141e-01  2.85038973e-03  5.17741141e-01 -1.00000000e+00  5.19632184e-09 
 1.69824365e+02  2.92665071e-03  5.29800561e-01  2.92665071e-03  5.29800561e-01 -1.00000000e+00  5.31788841e-09 
 1.73780083e+02  3.00650533e-03  5.42140859e-01  3.00650533e-03  5.42140859e-01 -1.00000000e+00  5.44231636e-09 
 1.77827941e+02  3.09012289e-03  5.54768575e-01  3.09012289e-03  5.54768575e-01 -1.00000000e+00  5.56969043e-09 
 1.81970086e+02  3.17768071e-03  5.67690401e-01  3.17768071e-03  5.67690401e-01 -1.00000000e+00  5.70007440e-09 
 1.86208714e+02  3.26936442e-03  5.80913188e-01  3.26936442e-03  5.80913188e-01 -1.00000000e+00  5.83354144e-09 
 1.90546072e+02  3.36536843e-03  5.94443943e-01  3.36536843e-03  5.94443943e-01 -1.00000000e+00  5.97015820e-09 
 1.94984460e+02  3.46589627e-03  6.08289837e-01  3.46589627e-03  6.08289837e-01 -1.00000000e+00  6.11000982e-09 
 1.99526231e+02  3.57116108e-03  6.22458209e-01  3.57116108e-03  6.22458209e-01 -1.00000001e+00  6.25319310e-09 
 2.04173794e+02  3.68138605e-03  6.36956568e-01  3.68138605e-03  6.36956568e-01 -1.00000001e+00  6.39976334e-09 
 2.08929613e+02  3.79680485e-03  6.51792597e-01  3.79680485e-03  6.51792597e-01 -1.00000001e+00  6.54981262e-09 
 2.13796209e+02  3.91766217e-03  6.66974159e-01  3.91766217e-03  6.66974159e-01 -1.00000001e+00  6.70343608e-09 
 2.18776162e+02  4.04421423e-03  6.82509300e-01  4.04421423e-03  6.82509300e-01 -1.00000001e+00  6.86069329e-09 
 2.23872114e+02  4.17672931e-03  6.98406252e-01  4.17672931e-03  6.98406252e-01 -1.00000001e+00  7.02170308e-09 
 2.29086765e+02  4.31548833e-03  7.14673439e-01  4.31548833e-03  7.14673439e-01 -1.00000001e+00  7.18654888e-09 
 2.34422882e+02  4.46078544e-03  7.31319482e-01  4.46078544e-03  7.31319482e-01 -1.00000001e+00  7.35532614e-09 
 2.39883292e+02  4.61292861e-03  7.48353201e-01  4.61292861e-03  7.48353201e-01 -1.00000001e+00  7.52813297e-09 
 2.45470892e+02  4.77224035e-03  7.65783622e-01  4.77224035e-03  7.65783622e-01 -1.00000001e+00  7.70507027e-09 
 2.51188643e+02  4.93905834e-03  7.83619981e-01  4.93905834e-03  7.83619981e-01 -1.00000001e+00  7.88625288e-09 
 2.57039578e+02  5.11373617e-03  8.01871729e-01  5.11373617e-03  8.01871729e-01 -1.00000001e+00  8.07176548e-09 
 2.63026799e+02  5.29664406e-03  8.20548535e-01  5.29664406e-03  8.20548535e-01 -1.00000001e+00  8.26175201e-09 
 2.69153480e+02  5.48816966e-03  8.39660295e-01  5.48816966e-03  8.39660295e-01 -1.00000001e+00  8.45626734e-09 
 2.75422870e+02  5.68871889e-03  8.59217135e-01  5.68871889e-03  8.59217135e-01 -1.00000001e+00  8.65548627e-09 
 2.81838293e+02  5.89871676e-03  8.79229416e-01  5.89871676e-03  8.79229416e-01 -1.00000001e+00  8.85950512e-09 
 2.88403150e+02  6.11860829e-03  8.99707738e-01  6.11860829e-03  8.99707738e-01 -1.00000001e+00  9.06843427e-09 
 2.95120923e+02  6.34885945e-03  9.20662950e-01  6.34885945e-03  9.20662950e-01 -1.00000001e+00  9.28242586e-09 
 3.01995172e+02  6.58995814e-03  9.42106153e-01  6.58995814e-03  9.42106153e-01 -1.00000001e+00  9.50159809e-09 
 3.09029543e+02  6.84241522e-03  9.64048704e-01  6.84241522e-03  9.64048704e-01 -1.00000001e+00  9.72608562e-09 
 3.16227766e+02  7.10676561e-03  9.86502226e-01  7.10676561e-03  9.86502226e-01 -1.00000001e+00  9.95602726e-09 
 3.23593657e+02  7.38356938e-03  1.00947861e+00  7.38356938e-03  1.00947861e+00 -1.00000001e+00  1.01915661e-08 
 3.31131121e+02  7.67341296e-03  1.03299003e+00  7.67341296e-03  1.03299003e+00 -1.00000001e+00  1.04328644e-08 
 3.38844156e+02  7.97691039e-03  1.05704893e+00  7.97691039e-03  1.05704893e+00 -1.00000001e+00  1.06800455e-08 
 3.46736850e+02  8.29470458e-03  1.08166805e+00  8.29470458e-03  1.08166805e+00 -1.00000002e+00  1.09332807e-08 
 3.54813389e+02  8.62746869e-03  1.10686044e+00  8.62746869e-03  1.10686044e+00 -1.00000002e+00  1.11927479e-08 
 3.63078055e+02  8.97590757e-03  1.13263942e+00  8.97590757e-03  1.13263942e+00 -1.00000002e+00  1.14585998e-08 
 3.71535229e+02  9.34075920e-03  1.15901866e+00  9.34075920e-03  1.15901866e+00 -1.00000002e+00  1.17310093e-08 
 3.80189396e+02  9.72279629e-03  1.18601210e+00  9.72279629e-03  1.18601210e+00 -1.00000002e+00  1.20101383e-08 
 3.89045145e+02  1.01228279e-02  1.21363406e+00  1.01228279e-02  1.21363406e+00 -1.00000002e+00  1.22962221e-08 
 3.98107171e+02  1.05417011e-02  1.24189913e+00  1.05417011e-02  1.24189913e+00 -1.00000002e+00  1.25894191e-08 
 4.07380278e+02  1.09803028e-02  1.27082230e+00  1.09803028e-02  1.27082230e+00 -1.00000002e+00  1.28898909e-08 
 4.16869383e+02  1.14395617e-02  1.30041886e+00  1.14395617e-02  1.30041886e+00 -1.00000002e+00  1.31979318e-08 
 4.26579519e+02  1.19204500e-02  1.33070448e+00  1.19204500e-02  1.33070448e+00 -1.00000002e+00  1.35136819e-08 
 4.36515832e+02  1.24239858e-02  1.36169519e+00  1.24239858e-02  1.36169519e+00 -1.00000002e+00  1.38373593e-08 
 4.46683592e+02  1.29512350e-02  1.39340738e+00  1.29512350e-02  1.39340738e+00 -1.00000003e+00  1.41692693e-08 
 4.57088190e+02  1.35033135e-02  1.42585783e+00  1.35033135e-02  1.42585783e+00 -1.00000003e+00  1.45095299e-08 
 4.67735141e+02  1.40813896e-02  1.45906372e+00  1.40813896e-02  1.45906372e+00 -1.00000003e+00  1.48584850e-08 
 4.78630092e+02  1.46866869e-02  1.49304260e+00  1.46866869e-02  1.49304260e+00 -1.00000003e+00  1.52163485e-08 
 4.89778819e+02  1.53204860e-02  1.52781244e+00  1.53204860e-02  1.52781244e+00 -1.00000003e+00  1.55833835e-08 
 5.01187234e+02  1.59841279e-02  1.56339165e+00  1.59841279e-02  1.56339165e+00 -1.00000003e+00  1.59598412e-08 
 5.12861384e+02  1.66790167e-02  1.59979902e+00  1.66790167e-02  1.59979902e+00 -1.00000003e+00  1.63460720e-08 
 5.24807460e+02  1.74066223e-02  1.63705382e+00  1.74066223e-02  1.63705382e+00 -1.00000003e+00  1.67423042e-08 
 5.37031796e+02  1.81684837e-02  1.67517573e+00  1.81684837e-02  1.67517573e+00 -1.00000004e+00  1.71488907e-08 
 5.49540874e+02  1.89662121e-02  1.71418491e+00  1.89662121e-02  1.71418491e+00 -1.00000004e+00  1.75661767e-08 
 5.62341325e+02  1.98014945e-02  1.75410197e+00  1.98014945e-02  1.75410197e+00 -1.00000004e+00  1.79943980e-08 
 5.75439937e+02  2.06760970e-02  1.79494801e+00  2.06760970e-02  1.79494801e+00 -1.00000004e+00  1.84339994e-08 
 5.88843655e+02  2.15918687e-02  1.83674462e+00  2.15918687e-02  1.83674462e+00 -1.00000004e+00  1.88852665e-08 
 6.02559586e+02  2.25507454e-02  1.87951387e+00  2.25507454e-02  1.87951387e+00 -1.00000005e+00  1.93486001e-08 
 6.16595002e+02  2.35547539e-02  1.92327835e+00  2.35547539e-02  1.92327835e+00 -1.00000005e+00  1.98243921e-08 
 6.30957344e+02  2.46060160e-02  1.96806117e+00  2.46060160e-02  1.96806117e+00 -1.00000005e+00  2.03131634e-08 
 6.45654229e+02  2.57067531e-02  2.01388599e+00  2.57067531e-02  2.01388599e+00 -1.00000005e+00  2.08151197e-08 
 6.60693448e+02  2.68592908e-02  2.06077699e+00  2.68592908e-02  2.06077699e+00 -1.00000006e+00  2.13309337e-08 
 6.76082975e+02  2.80660638e-02  2.10875892e+00  2.80660638e-02  2.10875892e+00 -1.00000006e+00  2.18608697e-08 
 6.91830971e+02  2.93296212e-02  2.15785710e+00  2.93296212e-02  2.15785710e+00 -1.00000006e+00  2.24055625e-08 
 7.07945784e+02  3.06526314e-02  2.20809744e+00  3.06526314e-02  2.20809744e+00 -1.00000006e+00  2.29654636e-08 
 7.24435960e+02  3.20378879e-02  2.25950644e+00  3.20378879e-02  2.25950644e+00 -1.00000007e+00  2.35411388e-08 
 7.41310241e+02  3.34883155e-02  2.31211120e+00  3.34883155e-02  2.31211120e+00 -1.00000007e+00  2.41331826e-08 
 7.58577575e+02  3.50069758e-02  2.36593947e+00  3.50069758e-02  2.36593947e+00 -1.00000007e+00  2.47420844e-08 
 7.76247117e+02  3.65970741e-02  2.42101960e+00  3.65970741e-02  2.42101960e+00 -1.00000008e+00  2.53684909e-08 
 7.94328235e+02  3.82619659e-02  2.47738064e+00  3.82619659e-02  2.47738064e+00 -1.00000008e+00  2.60131167e-08 
 8.12830516e+02  4.00051639e-02  2.53505226e+00  4.00051639e-02  2.53505226e+00 -1.00000008e+00  2.66765711e-08 
 8.31763771e+02  4.18303454e-02  2.59406485e+00  4.18303454e-02  2.59406485e+00 -1.00000009e+00  2.73595642e-08 
 8.51138038e+02  4.37413601e-02  2.65444946e+00  4.37413601e-02  2.65444946e+00 -1.00000009e+00  2.80628422e-08 
 8.70963590e+02  4.57422378e-02  2.71623788e+00  4.57422378e-02  2.71623788e+00 -1.00000010e+00  2.87873051e-08 
 8.91250938e+02  4.78371973e-02  2.77946263e+00  4.78371973e-02  2.77946263e+00 -1.00000010e+00  2.95336278e-08 
 9.12010839e+02  5.00306549e-02  2.84415695e+00  5.00306549e-02  2.84415695e+00 -1.00000011e+00  3.03028370e-08 
 9.33254301e+02  5.23272336e-02  2.91035486e+00  5.23272336e-02  2.91035486e+00 -1.00000011e+00  3.10956893e-08 
 9.54992586e+02  5.47317730e-02  2.97809114e+00  5.47317730e-02  2.97809114e+00 -1.00000012e+00  3.19132289e-08 
 9.77237221e+02  5.72493392e-02  3.04740140e+00  5.72493392e-02  3.04740140e+00 -1.00000012e+00  3.27564727e-08 
 1.00000000e+03  5.98852354e-02  3.11832201e+00  5.98852354e-02  3.11832201e+00 -1.00000013e+00  3.36264926e-08 
 1.02329299e+03  6.26450129e-02  3.19089022e+00  6.26450129e-02  3.19089022e+00 -1.00000013e+00  3.45244193e-08 
 1.04712855e+03  6.55344830e-02  3.26514410e+00  6.55344830e-02  3.26514410e+00 -1.00000014e+00  3.54514921e-08 
 1.07151931e+03  6.85597288e-02  3.34112258e+00  6.85597288e-02  3.34112258e+00 -1.00000015e+00  3.64088787e-08 
 1.09647820e+03  7.17271179e-02  3.41886550e+00  7.17271179e-02  3.41886550e+00 -1.00000015e+00  3.73979543e-08 
 1.12201845e+03  7.50433158e-02  3.49841358e+00  7.50433158e-02  3.49841358e+00 -1.00000016e+00  3.84201740e-08 
 1.14815362e+03  7.85152997e-02  3.57980847e+00  7.85152997e-02  3.57980847e+00 -1.00000017e+00  3.94769249e-08 
 1.17489755e+03  8.21503731e-02  3.66309279e+00  8.21503731e-02  3.66309279e+00 -1.00000017e+00  4.05698784e-08 
 1.20226443e+03  8.59561808e-02  3.74831007e+00  8.59561808e-02  3.74831007e+00 -1.00000018e+00  4.17006999e-08 
 1.23026877e+03  8.99407252e-02  3.83550487e+00  8.99407252e-02  3.83550487e+00 -1.00000019e+00  4.28710974e-08 
 1.25892541e+03  9.41123825e-02  3.92472273e+00  9.41123825e-02  3.92472273e+00 -1.00000020e+00  4.40828774e-08 
 1.28824955e+03  9.84799203e-02  4.01601023e+00  9.84799203e-02  4.01601023e+00 -1.00000021e+00  4.53382368e-08 
 1.31825674e+03  1.03052516e-01  4.10941498e+00  1.03052516e-01  4.10941498e+00 -1.00000022e+00  4.66390438e-08 
 1.34896288e+03  1.07839775e-01  4.20498567e+00  1.07839775e-01  4.20498567e+00 -1.00000023e+00  4.79876891e-08 
 1.38038426e+03  1.12851752e-01  4.30277208e+00  1.12851752e-01  4.30277208e+00 -1.00000024e+00  4.93864689e-08 
 1.41253754e+03  1.18098971e-01  4.40282509e+00  1.18098971e-01  4.40282509e+00 -1.00000025e+00  5.08378170e-08 
 1.44543977e+03  1.23592446e-01  4.50519674e+00  1.23592446e-01  4.50519674e+00 -1.00000026e+00  5.23445055e-08 
 1.47910839e+03  1.29343707e-01  4.60994021e+00  1.29343707e-01  4.60994021e+00 -1.00000028e+00  5.39090882e-08 
 1.51356125e+03  1.35364820e-01  4.71710986e+00  1.35364820e-01  4.71710986e+00 -1.00000029e+00  5.55350052e-08 
 1.54881662e+03  1.41668414e-01  4.82676126e+00  1.41668414e-01  4.82676126e+00 -1.00000030e+00  5.72250336e-08 
 1.58489319e+03  1.48267708e-01  4.93895122e+00  1.48267708e-01  4.93895122e+00 -1.00000032e+00  5.89827425e-08 
 1.62181010e+03  1.55176534e-01  5.05373777e+00  1.55176534e-01  5.05373777e+00 -1.00000033e+00  6.08116438e-08 
 1.65958691e+03  1.62409371e-01  5.17118025e+00  1.62409371e-01  5.17118025e+00 -1.00000035e+00  6.27155422e-08 
 1.69824365e+03  1.69981371e-01  5.29133930e+00  1.69981371e-01  5.29133930e+00 -1.00000037e+00  6.46987087e-08 
 1.73780083e+03  1.77908392e-01  5.41427685e+00  1.77908392e-01  5.41427685e+00 -1.00000038e+00  6.67652309e-08 
 1.77827941e+03  1.86207027e-01  5.54005622e+00  1.86207027e-01  5.54005622e+00 -1.00000040e+00  6.89196866e-08 
 1.81970086e+03  1.94894642e-01  5.66874209e+00  1.94894642e-01  5.66874209e+00 -1.00000042e+00  7.11671080e-08 
 1.86208714e+03  2.03989412e-01  5.80040053e+00  2.03989412e-01  5.80040053e+00 -1.00000044e+00  7.35126088e-08 
 1.90546072e+03  2.13510350e-01  5.93509906e+00  2.13510350e-01  5.93509906e+00 -1.00000046e+00  7.59617988e-08 
 1.94984460e+03  2.23477358e-01  6.07290663e+00  2.23477358e-01  6.07290663e+00 -1.00000048e+00  7.85204816e-08 
 1.99526231e+03  2.33911255e-01  6.21389366e+00  2.33911255e-01  6.21389366e+00 -1.00000050e+00  8.11949237e-08 
 2.04173794e+03  2.44833827e-01  6.35813210e+00  2.44833827e-01  6.35813210e+00 -1.00000053e+00  8.39919815e-08 
 2.08929613e+03  2.56267870e-01  6.50569540e+00  2.56267870e-01  6.50569540e+00 -1.00000055e+00  8.69186874e-08 
 2.13796209e+03  2.68237232e-01  6.65665857e+00  2.68237232e-01  6.65665857e+00 -1.00000058e+00  8.99827222e-08 
 2.18776162e+03  2.80766865e-01  6.81109820e+00  2.80766865e-01  6.81109820e+00 -1.00000061e+00  9.31919846e-08 
 2.23872114e+03  2.93882870e-01  6.96909247e+00  2.93882870e-01  6.96909247e+00 -1.00000063e+00  9.65553840e-08 
 2.29086765e+03  3.07612555e-01  7.13072118e+00  3.07612555e-01  7.13072118e+00 -1.00000066e+00  1.00082022e-07 
 2.34422882e+03  3.21984485e-01  7.29606581e+00  3.21984485e-01  7.29606581e+00 -1.00000070e+00  1.03781706e-07 
 2.39883292e+03  3.37028540e-01  7.46520947e+00  3.37028540e-01  7.46520947e+00 -1.00000073e+00  1.07664894e-07 
 2.45470892e+03  3.52775974e-01  7.63823700e+00  3.52775974e-01  7.63823700e+00 -1.00000076e+00  1.11742957e-07 
 2.51188643e+03  3.69259475e-01  7.81523494e+00  3.69259475e-01  7.81523494e+00 -1.00000080e+00  1.16027478e-07 
 2.57039578e+03  3.86513231e-01  7.99629157e+00  3.86513231e-01  7.99629157e+00 -1.00000084e+00  1.20531598e-07 
 2.63026799e+03  4.04572996e-01  8.18149694e+00  4.04572996e-01  8.18149694e+00 -1.00000087e+00  1.25268539e-07 
 2.69153480e+03  4.23476158e-01  8.37094289e+00  4.23476158e-01  8.37094289e+00 -1.00000092e+00  1.30253114e-07 
 2.75422870e+03  4.43261814e-01  8.56472304e+00  4.43261814e-01  8.56472304e+00 -1.00000096e+00  1.35500533e-07 
 2.81838293e+03  4.63970842e-01  8.76293284e+00  4.63970842e-01  8.76293284e+00 -1.00000100e+00  1.41027644e-07 
 2.88403150e+03  4.85645982e-01  8.96566958e+00  4.85645982e-01  8.96566958e+00 -1.00000105e+00  1.46851804e-07 
 2.95120923e+03  5.08331916e-01  9.17303242e+00  5.08331916e-01  9.17303242e+00 -1.00000110e+00  1.52992058e-07 
 3.01995172e+03  5.32075355e-01  9.38512236e+00  5.32075355e-01  9.38512236e+00 -1.00000115e+00  1.59468474e-07 
 3.09029543e+03  5.56925123e-01  9.60204229e+00  5.56925123e-01  9.60204229e+00 -1.00000121e+00  1.66302343e-07 
 3.16227766e+03  5.82932251e-01  9.82389703e+00  5.82932251e-01  9.82389703e+00 -1.00000126e+00  1.73516811e-07 
 3.23593657e+03  6.10150074e-01  1.00507932e+01  6.10150074e-01  1.00507932e+01 -1.00000132e+00  1.81136171e-07 
 3.31131121e+03  6.38634326e-01  1.02828396e+01  6.38634326e-01  1.02828396e+01 -1.00000138e+00  1.89186651e-07 
 3.38844156e+03  6.68443245e-01  1.05201465e+01  6.68443245e-01  1.05201465e+01 -1.00000145e+00  1.97696562e-07 
 3.46736850e+03  6.99637680e-01  1.07628265e+01  6.99637680e-01  1.07628265e+01 -1.00000152e+00  2.06695379e-07 
 3.54813389e+03  7.32281198e-01  1.10109940e+01  7.32281198e-01  1.10109940e+01 -1.00000159e+00  2.16214888e-07 
 3.63078055e+03  7.66440205e-01  1.12647652e+01  7.66440205e-01  1.12647652e+01 -1.00000166e+00  2.26289350e-07 
 3.71535229e+03  8.02184058e-01  1.15242584e+01  8.02184058e-01  1.15242584e+01 -1.00000174e+00  2.36955034e-07 
 3.80189396e+03  8.39585191e-01  1.17895936e+01  8.39585191e-01  1.17895936e+01 -1.00000182e+00  2.48250676e-07 
 3.89045145e+03  8.78719244e-01  1.20608930e+01  8.78719244e-01  1.20608930e+01 -1.00000191e+00  2.60217983e-07 
 3.98107171e+03  9.19665194e-01  1.23382803e+01  9.19665194e-01  1.23382803e+01 -1.00000200e+00  2.72901156e-07 
 4.07380278e+03  9.62505488e-01  1.26218813e+01  9.62505488e-01  1.26218813e+01 -1.00000209e+00  2.86347754e-07 
 4.16869383e+03  1.00732619e+00  1.29118236e+01  1.00732619e+00  1.29118236e+01 -1.00000219e+00  3.00607844e-07 
 4.26579519e+03  1.05421712e+00  1.32082366e+01  1.05421712e+00  1.32082366e+01 -1.00000229e+00  3.15735631e-07 
 4.36515832e+03  1.10327202e+00  1.35112515e+01  1.10327202e+00  1.35112515e+01 -1.00000240e+00  3.31788818e-07 
 4.46683592e+03  1.15458869e+00  1.38210011e+01  1.15458869e+00  1.38210011e+01 -1.00000251e+00  3.48829418e-07 
 4.57088190e+03  1.20826914e+00  1.41376201e+01  1.20826914e+00  1.41376201e+01 -1.00000263e+00  3.66922258e-07 
 4.67735141e+03  1.26441981e+00  1.44612446e+01  1.26441981e+00  1.44612446e+01 -1.00000275e+00  3.86138383e-07 
 4.78630092e+03  1.32315166e+00  1.47920125e+01  1.32315166e+00  1.47920125e+01 -1.00000288e+00  4.06552623e-07 
 4.89778819e+03  1.38458041e+00  1.51300630e+01  1.38458041e+00  1.51300630e+01 -1.00000301e+00  4.28245086e-07 
 5.01187234e+03  1.44882671e+00  1.54755370e+01  1.44882671e+00  1.54755370e+01 -1.00000315e+00  4.51301294e-07 
 5.12861384e+03  1.51601628e+00  1.58285764e+01  1.51601628e+00  1.58285764e+01 -1.00000330e+00  4.75812100e-07 
 5.24807460e+03  1.58628014e+00  1.61893248e+01  1.58628014e+00  1.61893248e+01 -1.00000345e+00  5.01875854e-07 
 5.37031796e+03  1.65975481e+00  1.65579265e+01  1.65975481e+00  1.65579265e+01 -1.00000362e+00  5.29596147e-07 
 5.49540874e+03  1.73658250e+00  1.69345273e+01  1.73658250e+00  1.69345273e+01 -1.00000378e+00  5.59084009e-07 
 5.62341325e+03  1.81691127e+00  1.73192736e+01  1.81691127e+00  1.73192736e+01 -1.00000396e+00  5.90458426e-07 
 5.75439937e+03  1.90089531e+00  1.77123128e+01  1.90089531e+00  1.77123128e+01 -1.00000414e+00  6.23845621e-07 
 5.88843655e+03  1.98869513e+00  1.81137929e+01  1.98869513e+00  1.81137929e+01 -1.00000434e+00  6.59380781e-07 
 6.02559586e+03  2.08047772e+00  1.85238626e+01  2.08047772e+00  1.85238626e+01 -1.00000454e+00  6.97207609e-07 
 6.16595002e+03  2.17641686e+00  1.89426705e+01  2.17641686e+00  1.89426705e+01 -1.00000475e+00  7.37481011e-07 
 6.30957344e+03  2.27669328e+00  1.93703659e+01  2.27669328e+00  1.93703659e+01 -1.00000497e+00  7.80363483e-07 
 6.45654229e+03  2.38149492e+00  1.98070978e+01  2.38149492e+00  1.98070978e+01 -1.00000520e+00  8.26031669e-07 
 6.60693448e+03  2.49101712e+00  2.02530150e+01  2.49101712e+00  2.02530150e+01 -1.00000544e+00  8.74669942e-07 
 6.76082975e+03  2.60546292e+00  2.07082658e+01  2.60546292e+00  2.07082658e+01 -1.00000569e+00  9.26479238e-07 
 6.91830971e+03  2.72504323e+00  2.11729980e+01  2.72504323e+00  2.11729980e+01 -1.00000596e+00  9.81670802e-07 
 7.07945784e+03  2.84997709e+00  2.16473582e+01  2.84997709e+00  2.16473582e+01 -1.00000623e+00  1.04047069e-06 
 7.24435960e+03  2.98049192e+00  2.21314920e+01  2.98049192e+00  2.21314920e+01 -1.00000652e+00  1.10312012e-06 
 7.41310241e+03  3.11682374e+00  2.26255434e+01  3.11682374e+00  2.26255434e+01 -1.00000682e+00  1.16987580e-06 
 7.58577575e+03  3.25921743e+00  2.31296545e+01  3.25921743e+00  2.31296545e+01 -1.00000713e+00  1.24101086e-06 
 7.76247117e+03  3.40792694e+00  2.36439654e+01  3.40792694e+00  2.36439654e+01 -1.00000746e+00  1.31681856e-06 
 7.94328235e+03  3.56321552e+00  2.41686134e+01  3.56321552e+00  2.41686134e+01 -1.00000780e+00  1.39760746e-06 
 8.12830516e+03  3.72535600e+00  2.47037332e+01  3.72535600e+00  2.47037332e+01 -1.00000816e+00  1.48370883e-06 
 8.31763771e+03  3.89463096e+00  2.52494560e+01  3.89463096e+00  2.52494560e+01 -1.00000854e+00  1.57547389e-06 
 8.51138038e+03  4.07133301e+00  2.58059094e+01  4.07133301e+00  2.58059094e+01 -1.00000893e+00  1.67327824e-06 
 8.70963590e+03  4.25576495e+00  2.63732167e+01  4.25576495e+00  2.63732167e+01 -1.00000934e+00  1.77752001e-06 
 8.91250938e+03  4.44824003e+00  2.69514967e+01  4.44824003e+00  2.69514967e+01 -1.00000977e+00  1.88862310e-06 
 9.12010839e+03  4.64908212e+00  2.75408629e+01  4.64908212e+00  2.75408629e+01 -1.00001021e+00  2.00703869e-06 
 9.33254301e+03  4.85862592e+00  2.81414232e+01  4.85862592e+00  2.81414232e+01 -1.00001068e+00  2.13324571e-06 
 9.54992586e+03  5.07721713e+00  2.87532792e+01  5.07721713e+00  2.87532792e+01 -1.00001116e+00  2.26775561e-06 
 9.77237221e+03  5.30521263e+00  2.93765256e+01  5.30521263e+00  2.93765256e+01 -1.00001167e+00  2.41110862e-06 
 1.00000000e+04  5.54298061e+00  3.00112497e+01  5.54298061e+00  3.00112497e+01 -1.00001220e+00  2.56388114e-06 
 1.02329299e+04  5.79090073e+00  3.06575309e+01  5.79090073e+00  3.06575309e+01 -1.00001275e+00  2.72668489e-06 
 1.04712855e+04  6.04936422e+00  3.13154393e+01  6.04936422e+00  3.13154393e+01 -1.00001333e+00  2.90016890e-06 
 1.07151931e+04  6.31877396e+00  3.19850359e+01  6.31877396e+00  3.19850359e+01 -1.00001393e+00  3.08502247e-06 
 1.09647820e+04  6.59954458e+00  3.26663713e+01  6.59954458e+00  3.26663713e+01 -1.00001456e+00  3.28197651e-06 
 1.12201845e+04  6.89210246e+00  3.33594849e+01  6.89210246e+00  3.33594849e+01 -1.00001522e+00  3.49180764e-06 
 1.14815362e+04  7.19688577e+00  3.40644045e+01  7.19688577e+00  3.40644045e+01 -1.00001590e+00  3.71533739e-06 
 1.17489755e+04  7.51434443e+00  3.47811449e+01  7.51434443e+00  3.47811449e+01 -1.00001661e+00  3.95344043e-06 
 1.20226443e+04  7.84494006e+00  3.55097073e+01  7.84494006e+00  3.55097073e+01 -1.00001736e+00  4.20703845e-06 
 1.23026877e+04  8.18914587e+00  3.62500786e+01  8.18914587e+00  3.62500786e+01 -1.00001813e+00  4.47711221e-06 
 1.25892541e+04  8.54744649e+00  3.70022297e+01  8.54744649e+00  3.70022297e+01 -1.00001894e+00  4.76469735e-06 
 1.28824955e+04  8.92033780e+00  3.77661155e+01  8.92033780e+00  3.77661155e+01 -1.00001978e+00  5.07089087e-06 
 1.31825674e+04  9.30832668e+00  3.85416730e+01  9.30832668e+00  3.85416730e+01 -1.00002066e+00  5.39685308e-06 
 1.34896288e+04  9.71193068e+00  3.93288206e+01  9.71193068e+00  3.93288206e+01 -1.00002157e+00  5.74381184e-06 
 1.38038426e+04  1.01316777e+01  4.01274572e+01  1.01316777e+01  4.01274572e+01 -1.00002252e+00  6.11306414e-06 
 1.41253754e+04  1.05681053e+01  4.09374606e+01  1.05681053e+01  4.09374606e+01 -1.00002351e+00  6.50598047e-06 
 1.44543977e+04  1.10217607e+01  4.17586868e+01  1.10217607e+01  4.17586868e+01 -1.00002454e+00  6.92400588e-06 
 1.47910839e+04  1.14931997e+01  4.25909685e+01  1.14931997e+01  4.25909685e+01 -1.00002561e+00  7.36866803e-06 
 1.51356125e+04  1.19829860e+01  4.34341141e+01  1.19829860e+01  4.34341141e+01 -1.00002673e+00  7.84157858e-06 
 1.54881662e+04  1.24916910e+01  4.42879064e+01  1.24916910e+01  4.42879064e+01 -1.00002789e+00  8.34443422e-06 
 1.58489319e+04  1.30198920e+01  4.51521015e+01  1.30198920e+01  4.51521015e+01 -1.00002910e+00  8.87902145e-06 
 1.62181010e+04  1.35681723e+01  4.60264273e+01  1.35681723e+01  4.60264273e+01 -1.00003035e+00  9.44722532e-06 
 1.65958691e+04  1.41371190e+01  4.69105825e+01  1.41371190e+01  4.69105825e+01 -1.00003165e+00  1.00510242e-05 
 1.69824365e+04  1.47273228e+01  4.78042354e+01  1.47273228e+01  4.78042354e+01 -1.00003301e+00  1.06925033e-05 
 1.73780083e+04  1.53393760e+01  4.87070224e+01  1.53393760e+01  4.87070224e+01 -1.00003442e+00  1.13738489e-05 
 1.77827941e+04  1.59738714e+01  4.96185473e+01  1.59738714e+01  4.96185473e+01 -1.00003588e+00  1.20973597e-05 
 1.81970086e+04  1.66314005e+01  5.05383797e+01  1.66314005e+01  5.05383797e+01 -1.00003739e+00  1.28654467e-05 
 1.86208714e+04  1.73125520e+01  5.14660542e+01  1.73125520e+01  5.14660542e+01 -1.00003897e+00  1.36806347e-05 
 1.90546072e+04  1.80179097e+01  5.24010692e+01  1.80179097e+01  5.24010692e+01 -1.00004060e+00  1.45455725e-05 
 1.94984460e+04  1.87480510e+01  5.33428860e+01  1.87480510e+01  5.33428860e+01 -1.00004229e+00  1.54630275e-05 
 1.99526231e+04  1.95035440e+01  5.42909278e+01  1.95035440e+01  5.42909278e+01 -1.00004405e+00  1.64358991e-05 
 2.04173794e+04  2.02849459e+01  5.52445793e+01  2.02849459e+01  5.52445793e+01 -1.00004586e+00  1.74672116e-05 
 2.08929613e+04  2.10928003e+01  5.62031856e+01  2.10928003e+01  5.62031856e+01 -1.00004775e+00  1.85601223e-05 
 2.13796209e+04  2.19276347e+01  5.71660519e+01  2.19276347e+01  5.71660519e+01 -1.00004970e+00  1.97179232e-05 
 2.18776162e+04  2.27899576e+01  5.81324430e+01  2.27899576e+01  5.81324430e+01 -1.00005171e+00  2.09440437e-05 
 2.23872114e+04  2.36802562e+01  5.91015833e+01  2.36802562e+01  5.91015833e+01 -1.00005380e+00  2.22420523e-05 
 2.29086765e+04  2.45989928e+01  6.00726568e+01  2.45989928e+01  6.00726568e+01 -1.00005596e+00  2.36156574e-05 
 2.34422882e+04  2.55466023e+01  6.10448069e+01  2.55466023e+01  6.10448069e+01 -1.00005819e+00  2.50687065e-05 
 2.39883292e+04  2.65234886e+01  6.20171373e+01  2.65234886e+01  6.20171373e+01 -1.00006049e+00  2.66051929e-05 
 2.45470892e+04  2.75300219e+01  6.29887125e+01  2.75300219e+01  6.29887125e+01 -1.00006287e+00  2.82292469e-05 
 2.51188643e+04  2.85665347e+01  6.39585584e+01  2.85665347e+01  6.39585584e+01 -1.00006533e+00  2.99451477e-05 
 2.57039578e+04  2.96333194e+01  6.49256643e+01  2.96333194e+01  6.49256643e+01 -1.00006786e+00  3.17573091e-05 
 2.63026799e+04  3.07306237e+01  6.58889835e+01  3.07306237e+01  6.58889835e+01 -1.00007047e+00  3.36702877e-05 
 2.69153480e+04  3.18586486e+01  6.68474357e+01  3.18586486e+01  6.68474357e+01 -1.00007316e+00  3.56887797e-05 
 2.75422870e+04  3.30175440e+01  6.77999089e+01  3.30175440e+01  6.77999089e+01 -1.00007593e+00  3.78176131e-05 
 2.81838293e+04  3.42074059e+01  6.87452619e+01  3.42074059e+01  6.87452619e+01 -1.00007879e+00  4.00617464e-05 
 2.88403150e+04  3.54282733e+01  6.96823271e+01  3.54282733e+01  6.96823271e+01 -1.00008172e+00  4.24262715e-05 
 2.95120923e+04  3.66801247e+01  7.06099136e+01  3.66801247e+01  7.06099136e+01 -1.00008474e+00  4.49164026e-05 
 3.01995172e+04  3.79628759e+01  7.15268107e+01  3.79628759e+01  7.15268107e+01 -1.00008784e+00  4.75374686e-05 
 3.09029543e+04  3.92763766e+01  7.24317916e+01  3.92763766e+01  7.24317916e+01 -1.00009102e+00  5.02949148e-05 
 3.16227766e+04  4.06204084e+01  7.33236178e+01  4.06204084e+01  7.33236178e+01 -1.00009429e+00  5.31942942e-05 
 3.23593657e+04  4.19946827e+01  7.42010430e+01  4.19946827e+01  7.42010430e+01 -1.00009764e+00  5.62412567e-05 
 3.31131121e+04  4.33988383e+01  7.50628185e+01  4.33988383e+01  7.50628185e+01 -1.00010108e+00  5.94415459e-05 
 3.38844156e+04  4.48324404e+01  7.59076977e+01  4.48324404e+01  7.59076977e+01 -1.00010460e+00  6.28009923e-05 
 3.46736850e+04  4.62949795e+01  7.67344414e+01  4.62949795e+01  7.67344414e+01 -1.00010820e+00  6.63255007e-05 
 3.54813389e+04  4.77858703e+01  7.75418236e+01  4.77858703e+01  7.75418236e+01 -1.00011189e+00  7.00210448e-05 
 3.63078055e+04  4.93044518e+01  7.83286367e+01  4.93044518e+01  7.83286367e+01 -1.00011566e+00  7.38936611e-05 
 3.71535229e+04  5.08499875e+01  7.90936978e+01  5.08499875e+01  7.90936978e+01 -1.00011951e+00  7.79494308e-05 
 3.80189396e+04  5.24216660e+01  7.98358540e+01  5.24216660e+01  7.98358540e+01 -1.00012344e+00  8.21944808e-05 
 3.89045145e+04  5.40186024e+01  8.05539887e+01  5.40186024e+01  8.05539887e+01 -1.00012745e+00  8.66349765e-05 
 3.98107171e+04  5.56398403e+01  8.12470274e+01  5.56398403e+01  8.12470274e+01 -1.00013154e+00  9.12771004e-05 
 4.07380278e+04  5.72843540e+01  8.19139436e+01  5.72843540e+01  8.19139436e+01 -1.00013571e+00  9.61270532e-05 
 4.16869383e+04  5.89510512e+01  8.25537644e+01  5.89510512e+01  8.25537644e+01 -1.00013996e+00  1.01191050e-04 
 4.26579519e+04  6.06387772e+01  8.31655762e+01  6.06387772e+01  8.31655762e+01 -1.00014428e+00  1.06475306e-04 
 4.36515832e+04  6.23463182e+01  8.37485297e+01  6.23463182e+01  8.37485297e+01 -1.00014868e+00  1.11986033e-04 
 4.46683592e+04  6.40724063e+01  8.43018453e+01  6.40724063e+01  8.43018453e+01 -1.00015315e+00  1.17729430e-04 
 4.57088190e+04  6.58157245e+01  8.48248175e+01  6.58157245e+01  8.48248175e+01 -1.00015769e+00  1.23711688e-04 
 4.67735141e+04  6.75749123e+01  8.53168192e+01  6.75749123e+01  8.53168192e+01 -1.00016230e+00  1.29938979e-04 
 4.78630092e+04  6.93485714e+01  8.57773055e+01  6.93485714e+01  8.57773055e+01 -1.00016698e+00  1.36417455e-04 
 4.89778819e+04  7.11352725e+01  8.62058167e+01  7.11352725e+01  8.62058167e+01 -1.00017173e+00  1.43153253e-04 
 5.01187234e+04  7.29335617e+01  8.66019813e+01  7.29335617e+01  8.66019813e+01 -1.00017653e+00  1.50152495e-04 
 5.12861384e+04  7.47419677e+01  8.69655182e+01  7.47419677e+01  8.69655182e+01 -1.00018141e+00  1.57421278e-04 
 5.24807460e+04  7.65590089e+01  8.72962375e+01  7.65590089e+01  8.72962375e+01 -1.00018634e+00  1.64965699e-04 
 5.37031796e+04  7.83832007e+01  8.75940420e+01  7.83832007e+01  8.75940420e+01 -1.00019133e+00  1.72791845e-04 
 5.49540874e+04  8.02130632e+01  8.78589273e+01  8.02130632e+01  8.78589273e+01 -1.00019639e+00  1.80905807e-04 
 5.62341325e+04  8.20471287e+01  8.80909807e+01  8.20471287e+01  8.80909807e+01 -1.00020149e+00  1.89313693e-04 
 5.75439937e+04  8.38839490e+01  8.82903805e+01  8.38839490e+01  8.82903805e+01 -1.00020666e+00  1.98021632e-04 
 5.88843655e+04  8.57221028e+01  8.84573939e+01  8.57221028e+01  8.84573939e+01 -1.00021187e+00  2.07035792e-04 
 6.02559586e+04  8.75602030e+01  8.85923745e+01  8.75602030e+01  8.85923745e+01 -1.00021714e+00  2.16362396e-04 
 6.16595002e+04  8.93969035e+01  8.86957589e+01  8.93969035e+01  8.86957589e+01 -1.00022246e+00  2.26007733e-04 
 6.30957344e+04  9.12309058e+01  8.87680634e+01  9.12309058e+01  8.87680634e+01 -1.00022783e+00  2.35978188e-04 
 6.45654229e+04  9.30609653e+01  8.88098787e+01  9.30609653e+01  8.88098787e+01 -1.00023325e+00  2.46280248e-04 
 6.60693448e+04  9.48858973e+01  8.88218658e+01  9.48858973e+01  8.88218658e+01 -1.00023872e+00  2.56920536e-04 
 6.76082975e+04  9.67045820e+01  8.88047502e+01  9.67045820e+01  8.88047502e+01 -1.00024424e+00  2.67905825e-04 
 6.91830971e+04  9.85159698e+01  8.87593159e+01  9.85159698e+01  8.87593159e+01 -1.00024980e+00  2.79243066e-04 
 7.07945784e+04  1.00319085e+02  8.86863994e+01  1.00319085e+02  8.86863994e+01 -1.00025542e+00  2.90939419e-04 
 7.24435960e+04  1.02113030e+02  8.85868829e+01  1.02113030e+02  8.85868829e+01 -1.00026108e+00  3.03002269e-04 
 7.41310241e+04  1.03896989e+02  8.84616875e+01  1.03896989e+02  8.84616875e+01 -1.00026678e+00  3.15439263e-04 
 7.58577575e+04  1.05670228e+02  8.83117659e+01  1.05670228e+02  8.83117659e+01 -1.00027254e+00  3.28258328e-04 
 7.76247117e+04  1.07432101e+02  8.81380955e+01  1.07432101e+02  8.81380955e+01 -1.00027835e+00  3.41467715e-04 
 7.94328235e+04  1.09182046e+02  8.79416708e+01  1.09182046e+02  8.79416708e+01 -1.00028420e+00  3.55076009e-04 
 8.12830516e+04  1.10919589e+02  8.77234962e+01  1.10919589e+02  8.77234962e+01 -1.00029010e+00  3.69092178e-04 
 8.31763771e+04  1.12644346e+02  8.74845782e+01  1.12644346e+02  8.74845782e+01 -1.00029606e+00  3.83525585e-04 
 8.51138038e+04  1.14356015e+02  8.72259186e+01  1.14356015e+02  8.72259186e+01 -1.00030206e+00  3.98386028e-04 
 8.70963590e+04  1.16054383e+02  8.69485072e+01  1.16054383e+02  8.69485072e+01 -1.00030812e+00  4.13683764e-04 
 8.91250938e+04  1.17739318e+02  8.66533144e+01  1.17739318e+02  8.66533144e+01 -1.00031423e+00  4.29429544e-04 
 9.12010839e+04  1.19410771e+02  8.63412849e+01  1.19410771e+02  8.63412849e+01 -1.00032040e+00  4.45634630e-04 
 9.33254301e+04  1.21068771e+02  8.60133310e+01  1.21068771e+02  8.60133310e+01 -1.00032663e+00  4.62310830e-04 
 9.54992586e+04  1.22713420e+02  8.56703260e+01  1.22713420e+02  8.56703260e+01 -1.00033291e+00  4.79470522e-04 
 9.77237221e+04  1.24344892e+02  8.53130988e+01  1.24344892e+02  8.53130988e+01 -1.00033925e+00  4.97126682e-04 
 1.00000000e+05  1.25963430e+02  8.49424279e+01  1.25963430e+02  8.49424279e+01 -1.00034565e+00  5.15292894e-04 
 1.02329299e+05  1.27569335e+02  8.45590363e+01  1.27569335e+02  8.45590363e+01 -1.00035211e+00  5.33983390e-04 
 1.04712855e+05  1.29162967e+02  8.41635866e+01  1.29162967e+02  8.41635866e+01 -1.00035864e+00  5.53213056e-04 
 1.07151931e+05  1.30744738e+02  8.37566770e+01  1.30744738e+02  8.37566770e+01 -1.00036523e+00  5.72997454e-04 
 1.09647820e+05  1.32315103e+02  8.33388365e+01  1.32315103e+02  8.33388365e+01 -1.00037188e+00  5.93352837e-04 
 1.12201845e+05  1.33874560e+02  8.29105223e+01  1.33874560e+02  8.29105223e+01 -1.00037859e+00  6.14296166e-04 
 1.14815362e+05  1.35423638e+02  8.24721160e+01  1.35423638e+02  8.24721160e+01 -1.00038537e+00  6.35845111e-04 
 1.17489755e+05  1.36962893e+02  8.20239215e+01  1.36962893e+02  8.20239215e+01 -1.00039221e+00  6.58018064e-04 
 1.20226443e+05  1.38492904e+02  8.15661626e+01  1.38492904e+02  8.15661626e+01 -1.00039912e+00  6.80834149e-04 
 1.23026877e+05  1.40014259e+02  8.10989814e+01  1.40014259e+02  8.10989814e+01 -1.00040608e+00  7.04313199e-04 
 1.25892541e+05  1.41527557e+02  8.06224375e+01  1.41527557e+02  8.06224375e+01 -1.00041311e+00  7.28475788e-04 
 1.28824955e+05  1.43033392e+02  8.01365069e+01  1.43033392e+02  8.01365069e+01 -1.00042019e+00  7.53343187e-04 
 1.31825674e+05  1.44532354e+02  7.96410823e+01  1.44532354e+02  7.96410823e+01 -1.00042733e+00  7.78937377e-04 
 1.34896288e+05  1.46025016e+02  7.91359734e+01  1.46025016e+02  7.91359734e+01 -1.00043452e+00  8.05281020e-04 
 1.38038426e+05  1.47511930e+02  7.86209079e+01  1.47511930e+02  7.86209079e+01 -1.00044176e+00  8.32397449e-04 
 1.41253754e+05  1.48993617e+02  7.80955329e+01  1.48993617e+02  7.80955329e+01 -1.00044904e+00  8.60310623e-04 
 1.44543977e+05  1.50470564e+02  7.75594171e+01  1.50470564e+02  7.75594171e+01 -1.00045635e+00  8.89045114e-04 
 1.47910839e+05  1.51943214e+02  7.70120536e+01  1.51943214e+02  7.70120536e+01 -1.00046369e+00  9.18626053e-04 
 1.51356125e+05  1.53411958e+02  7.64528624e+01  1.53411958e+02  7.64528624e+01 -1.00047106e+00  9.49079101e-04 
 1.54881662e+05  1.54877131e+02  7.58811951e+01  1.54877131e+02  7.58811951e+01 -1.00047844e+00  9.80430386e-04 
 1.58489319e+05  1.56339004e+02  7.52963385e+01  1.56339004e+02  7.52963385e+01 -1.00048582e+00  1.01270646e-03 
 1.62181010e+05  1.57797779e+02  7.46975196e+01  1.57797779e+02  7.46975196e+01 -1.00049319e+00  1.04593422e-03 
 1.65958691e+05  1.59253581e+02  7.40839115e+01  1.59253581e+02  7.40839115e+01 -1.00050054e+00  1.08014086e-03 
 1.69824365e+05  1.60706454e+02  7.34546389e+01  1.60706454e+02  7.34546389e+01 -1.00050786e+00  1.11535379e-03 
 1.73780083e+05  1.62156354e+02  7.28087850e+01  1.62156354e+02  7.28087850e+01 -1.00051512e+00  1.15160053e-03 
 1.77827941e+05  1.63603146e+02  7.21453985e+01  1.63603146e+02  7.21453985e+01 -1.00052233e+00  1.18890866e-03 
 1.81970086e+05  1.65046598e+02  7.14635013e+01  1.65046598e+02  7.14635013e+01 -1.00052945e+00  1.22730570e-03 
 1.86208714e+05  1.66486379e+02  7.07620967e+01  1.66486379e+02  7.07620967e+01 -1.00053647e+00  1.26681905e-03 
 1.90546072e+05  1.67922053e+02  7.00401781e+01  1.67922053e+02  7.00401781e+01 -1.00054338e+00  1.30747582e-03 
 1.94984460e+05  1.69353079e+02  6.92967377e+01  1.69353079e+02  6.92967377e+01 -1.00055014e+00  1.34930279e-03 
 1.99526231e+05  1.70778810e+02  6.85307765e+01  1.70778810e+02  6.85307765e+01 -1.00055674e+00  1.39232628e-03 
 2.04173794e+05  1.72198488e+02  6.77413139e+01  1.72198488e+02  6.77413139e+01 -1.00056315e+00  1.43657200e-03 
 2.08929613e+05  1.73611249e+02  6.69273974e+01  1.73611249e+02  6.69273974e+01 -1.00056934e+00  1.48206499e-03 
 2.13796209e+05  1.75016118e+02  6.60881134e+01  1.75016118e+02  6.60881134e+01 -1.00057530e+00  1.52882948e-03 
 2.18776162e+05  1.76412016e+02  6.52225975e+01  1.76412016e+02  6.52225975e+01 -1.00058100e+00  1.57688876e-03 
 2.23872114e+05  1.77797760e+02  6.43300447e+01  1.77797760e+02  6.43300447e+01 -1.00058640e+00  1.62626509e-03 
 2.29086765e+05  1.79172066e+02  6.34097199e+01  1.79172066e+02  6.34097199e+01 -1.00059147e+00  1.67697959e-03 
 2.34422882e+05  1.80533558e+02  6.24609681e+01  1.80533558e+02  6.24609681e+01 -1.00059620e+00  1.72905212e-03 
 2.39883292e+05  1.81880768e+02  6.14832247e+01  1.81880768e+02  6.14832247e+01 -1.00060053e+00  1.78250121e-03 
 2.45470892e+05  1.83212145e+02  6.04760243e+01  1.83212145e+02  6.04760243e+01 -1.00060445e+00  1.83734394e-03 
 2.51188643e+05  1.84526066e+02  5.94390105e+01  1.84526066e+02  5.94390105e+01 -1.00060792e+00  1.89359587e-03 
 2.57039578e+05  1.85820842e+02  5.83719439e+01  1.85820842e+02  5.83719439e+01 -1.00061091e+00  1.95127100e-03 
 2.63026799e+05  1.87094724e+02  5.72747102e+01  1.87094724e+02  5.72747102e+01 -1.00061339e+00  2.01038168e-03 
 2.69153480e+05  1.88345924e+02  5.61473266e+01  1.88345924e+02  5.61473266e+01 -1.00061531e+00  2.07093858e-03 
 2.75422870e+05  1.89572616e+02  5.49899477e+01  1.89572616e+02  5.49899477e+01 -1.00061666e+00  2.13295069e-03 
 2.81838293e+05  1.90772953e+02  5.38028707e+01  1.90772953e+02  5.38028707e+01 -1.00061739e+00  2.19642527e-03 
 2.88403150e+05  1.91945082e+02  5.25865386e+01  1.91945082e+02  5.25865386e+01 -1.00061748e+00  2.26136791e-03 
 2.95120923e+05  1.93087151e+02  5.13415427e+01  1.93087151e+02  5.13415427e+01 -1.00061689e+00  2.32778254e-03 
 3.01995172e+05  1.94197330e+02  5.00686235e+01  1.94197330e+02  5.00686235e+01 -1.00061559e+00  2.39567148e-03 
 3.09029543e+05  1.95273820e+02  4.87686707e+01  1.95273820e+02  4.87686707e+01 -1.00061356e+00  2.46503554e-03 
 3.16227766e+05  1.96314868e+02  4.74427207e+01  1.96314868e+02  4.74427207e+01 -1.00061076e+00  2.53587407e-03 
 3.23593657e+05  1.97318781e+02  4.60919540e+01  1.97318781e+02  4.60919540e+01 -1.00060717e+00  2.60818512e-03 
 3.31131121e+05  1.98283941e+02  4.47176902e+01  1.98283941e+02  4.47176902e+01 -1.00060276e+00  2.68196554e-03 
 3.38844156e+05  1.99208817e+02  4.33213816e+01  1.99208817e+02  4.33213816e+01 -1.00059752e+00  2.75721118e-03 
 3.46736850e+05  2.00091976e+02  4.19046065e+01  2.00091976e+02  4.19046065e+01 -1.00059141e+00  2.83391702e-03 
 3.54813389e+05  2.00932098e+02  4.04690596e+01  2.00932098e+02  4.04690596e+01 -1.00058442e+00  2.91207738e-03 
 3.63078055e+05  2.01727985e+02  3.90165423e+01  2.01727985e+02  3.90165423e+01 -1.00057653e+00  2.99168612e-03 
 3.71535229e+05  2.02478569e+02  3.75489517e+01  2.02478569e+02  3.75489517e+01 -1.00056773e+00  3.07273687e-03 
 3.80189396e+05  2.03182926e+02  3.60682682e+01  2.03182926e+02  3.60682682e+01 -1.00055801e+00  3.15522324e-03 
 3.89045145e+05  2.03840276e+02  3.45765428e+01  2.03840276e+02  3.45765428e+01 -1.00054734e+00  3.23913907e-03 
 3.98107171e+05  2.04449995e+02  3.30758834e+01  2.04449995e+02  3.30758834e+01 -1.00053574e+00  3.32447866e-03 
 4.07380278e+05  2.05011616e+02  3.15684408e+01  2.05011616e+02  3.15684408e+01 -1.00052318e+00  3.41123702e-03 
 4.16869383e+05  2.05524835e+02  3.00563941e+01  2.05524835e+02  3.00563941e+01 -1.00050966e+00  3.49941014e-03 
 4.26579519e+05  2.05989509e+02  2.85419359e+01  2.05989509e+02  2.85419359e+01 -1.00049519e+00  3.58899517e-03 
 4.36515832e+05  2.06405656e+02  2.70272582e+01  2.06405656e+02  2.70272582e+01 -1.00047977e+00  3.67999072e-03 
 4.46683592e+05  2.06773457e+02  2.55145377e+01  2.06773457e+02  2.55145377e+01 -1.00046339e+00  3.77239705e-03 
 4.57088190e+05  2.07093251e+02  2.40059217e+01  2.07093251e+02  2.40059217e+01 -1.00044607e+00  3.86621628e-03 
 4.67735141e+05  2.07365529e+02  2.25035148e+01  2.07365529e+02  2.25035148e+01 -1.00042780e+00  3.96145263e-03 
 4.78630092e+05  2.07590930e+02  2.10093661e+01  2.07590930e+02  2.10093661e+01 -1.00040861e+00  4.05811258e-03 
 4.89778819e+05  2.07770233e+02  1.95254570e+01  2.07770233e+02  1.95254570e+01 -1.00038849e+00  4.15620503e-03 
 5.01187234e+05  2.07904353e+02  1.80536903e+01  2.07904353e+02  1.80536903e+01 -1.00036746e+00  4.25574148e-03 
 5.12861384e+05  2.07994325e+02  1.65958801e+01  2.07994325e+02  1.65958801e+01 -1.00034553e+00  4.35673616e-03 
 5.24807460e+05  2.08041300e+02  1.51537426e+01  2.08041300e+02  1.51537426e+01 -1.00032272e+00  4.45920613e-03 
 5.37031796e+05  2.08046532e+02  1.37288887e+01  2.08046532e+02  1.37288887e+01 -1.00029903e+00  4.56317137e-03 
 5.49540874e+05  2.08011371e+02  1.23228171e+01  2.08011371e+02  1.23228171e+01 -1.00027449e+00  4.66865488e-03 
 5.62341325e+05  2.07937246e+02  1.09369090e+01  2.07937246e+02  1.09369090e+01 -1.00024910e+00  4.77568268e-03 
 5.75439937e+05  2.07825656e+02  9.57242390e+00  2.07825656e+02  9.57242390e+00 -1.00022289e+00  4.88428392e-03 
 5.88843655e+05  2.07678162e+02  8.23049643e+00  2.07678162e+02  8.23049643e+00 -1.00019586e+00  4.99449079e-03 
 6.02559586e+05  2.07496370e+02  6.91213478e+00  2.07496370e+02  6.91213478e+00 -1.00016802e+00  5.10633862e-03 
 6.16595002e+05  2.07281924e+02  5.61821975e+00  2.07281924e+02  5.61821975e+00 -1.00013940e+00  5.21986576e-03 
 6.30957344e+05  2.07036493e+02  4.34950515e+00  2.07036493e+02  4.34950515e+00 -1.00011001e+00  5.33511360e-03 
 6.45654229e+05  2.06761761e+02  3.10661902e+00  2.06761761e+02  3.10661902e+00 -1.00007985e+00  5.45212651e-03 
 6.60693448e+05  2.06459417e+02  1.89006580e+00  2.06459417e+02  1.89006580e+00 -1.00004893e+00  5.57095173e-03 
 6.76082975e+05  2.06131144e+02  7.00229353e-01  2.06131144e+02  7.00229353e-01 -1.00001727e+00  5.69163934e-03 
 6.91830971e+05  2.05778613e+02 -4.62623391e-01  2.05778613e+02 -4.62623391e-01 -9.99984869e-01  5.81424213e-03 
 7.07945784e+05  2.05403471e+02 -1.59833809e+00  2.05403471e+02 -1.59833809e+00 -9.99951731e-01  5.93881551e-03 
 7.24435960e+05  2.05007339e+02 -2.70686814e+00  2.05007339e+02 -2.70686814e+00 -9.99917861e-01  6.06541741e-03 
 7.41310241e+05  2.04591797e+02 -3.78826937e+00  2.04591797e+02 -3.78826937e+00 -9.99883260e-01  6.19410814e-03 
 7.58577575e+05  2.04158385e+02 -4.84269437e+00  2.04158385e+02 -4.84269437e+00 -9.99847926e-01  6.32495031e-03 
 7.76247117e+05  2.03708593e+02 -5.87038657e+00  2.03708593e+02 -5.87038657e+00 -9.99811855e-01  6.45800866e-03 
 7.94328235e+05  2.03243859e+02 -6.87167409e+00  2.03243859e+02 -6.87167409e+00 -9.99775042e-01  6.59334994e-03 
 8.12830516e+05  2.02765562e+02 -7.84696350e+00  2.02765562e+02 -7.84696350e+00 -9.99737478e-01  6.73104281e-03 
 8.31763771e+05  2.02275022e+02 -8.79673345e+00  2.02275022e+02 -8.79673345e+00 -9.99699151e-01  6.87115768e-03 
 8.51138038e+05  2.01773491e+02 -9.72152840e+00  2.01773491e+02 -9.72152840e+00 -9.99660049e-01  7.01376655e-03 
 8.70963590e+05  2.01262159e+02 -1.06219523e+01  2.01262159e+02 -1.06219523e+01 -9.99620154e-01  7.15894293e-03 
 8.91250938e+05  2.00742145e+02 -1.14986625e+01  2.00742145e+02 -1.14986625e+01 -9.99579446e-01  7.30676166e-03 
 9.12010839e+05  2.00214499e+02 -1.23523636e+01  2.00214499e+02 -1.23523636e+01 -9.99537904e-01  7.45729881e-03 
 9.33254301e+05  1.99680200e+02 -1.31838015e+01  1.99680200e+02 -1.31838015e+01 -9.99495503e-01  7.61063150e-03 
 9.54992586e+05  1.99140158e+02 -1.39937582e+01  1.99140158e+02 -1.39937582e+01 -9.99452213e-01  7.76683779e-03 
 9.77237221e+05  1.98595209e+02 -1.47830456e+01  1.98595209e+02 -1.47830456e+01 -9.99408004e-01  7.92599655e-03 
 1.00000000e+06  1.98046121e+02 -1.55525009e+01  1.98046121e+02 -1.55525009e+01 -9.99362841e-01  8.08818729e-03 
 1.02329299e+06  1.97493589e+02 -1.63029813e+01  1.97493589e+02 -1.63029813e+01 -9.99316687e-01  8.25349006e-03 
 1.04712855e+06  1.96938241e+02 -1.70353593e+01  1.96938241e+02 -1.70353593e+01 -9.99269502e-01  8.42198529e-03 
 1.07151931e+06  1.96380637e+02 -1.77505181e+01  1.96380637e+02 -1.77505181e+01 -9.99221241e-01  8.59375365e-03 
 1.09647820e+06  1.95821267e+02 -1.84493479e+01  1.95821267e+02 -1.84493479e+01 -9.99171858e-01  8.76887592e-03 
 1.12201845e+06  1.95260560e+02 -1.91327410e+01  1.95260560e+02 -1.91327410e+01 -9.99121304e-01  8.94743284e-03 
 1.14815362e+06  1.94698877e+02 -1.98015889e+01  1.94698877e+02 -1.98015889e+01 -9.99069524e-01  9.12950497e-03 
 1.17489755e+06  1.94136519e+02 -2.04567784e+01  1.94136519e+02 -2.04567784e+01 -9.99016463e-01  9.31517253e-03 
 1.20226443e+06  1.93573728e+02 -2.10991882e+01  1.93573728e+02 -2.10991882e+01 -9.98962061e-01  9.50451527e-03 
 1.23026877e+06  1.93010684e+02 -2.17296861e+01  1.93010684e+02 -2.17296861e+01 -9.98906256e-01  9.69761228e-03 
 1.25892541e+06  1.92447513e+02 -2.23491260e+01  1.92447513e+02 -2.23491260e+01 -9.98848981e-01  9.89454190e-03 
 1.28824955e+06  1.91884288e+02 -2.29583453e+01  1.91884288e+02 -2.29583453e+01 -9.98790168e-01  1.00953815e-02 
 1.31825674e+06  1.91321027e+02 -2.35581625e+01  1.91321027e+02 -2.35581625e+01 -9.98729744e-01  1.03002073e-02 
 1.34896288e+06  1.90757699e+02 -2.41493746e+01  1.90757699e+02 -2.41493746e+01 -9.98667635e-01  1.05090943e-02 
 1.38038426e+06  1.90194226e+02 -2.47327554e+01  1.90194226e+02 -2.47327554e+01 -9.98603761e-01  1.07221160e-02 
 1.41253754e+06  1.89630482e+02 -2.53090530e+01  1.89630482e+02 -2.53090530e+01 -9.98538042e-01  1.09393443e-02 
 1.44543977e+06  1.89066298e+02 -2.58789884e+01  1.89066298e+02 -2.58789884e+01 -9.98470394e-01  1.11608491e-02 
 1.47910839e+06  1.88501465e+02 -2.64432536e+01  1.88501465e+02 -2.64432536e+01 -9.98400728e-01  1.13866987e-02 
 1.51356125e+06  1.87935732e+02 -2.70025101e+01  1.87935732e+02 -2.70025101e+01 -9.98328955e-01  1.16169588e-02 
 1.54881662e+06  1.87368811e+02 -2.75573871e+01  1.87368811e+02 -2.75573871e+01 -9.98254982e-01  1.18516928e-02 
 1.58489319e+06  1.86800380e+02 -2.81084807e+01  1.86800380e+02 -2.81084807e+01 -9.98178713e-01  1.20909615e-02 
 1.62181010e+06  1.86230083e+02 -2.86563518e+01  1.86230083e+02 -2.86563518e+01 -9.98100051e-01  1.23348231e-02 
 1.65958691e+06  1.85657531e+02 -2.92015257e+01  1.85657531e+02 -2.92015257e+01 -9.98018893e-01  1.25833324e-02 
 1.69824365e+06  1.85082309e+02 -2.97444903e+01  1.85082309e+02 -2.97444903e+01 -9.97935137e-01  1.28365412e-02 
 1.73780083e+06  1.84503971e+02 -3.02856956e+01  1.84503971e+02 -3.02856956e+01 -9.97848678e-01  1.30944977e-02 
 1.77827941e+06  1.83922049e+02 -3.08255521e+01  1.83922049e+02 -3.08255521e+01 -9.97759408e-01  1.33572465e-02 
 1.81970086e+06  1.83336050e+02 -3.13644303e+01  1.83336050e+02 -3.13644303e+01 -9.97667218e-01  1.36248283e-02 
 1.86208714e+06  1.82745460e+02 -3.19026597e+01  1.82745460e+02 -3.19026597e+01 -9.97571997e-01  1.38972794e-02 
 1.90546072e+06  1.82149747e+02 -3.24405276e+01  1.82149747e+02 -3.24405276e+01 -9.97473633e-01  1.41746320e-02 
 1.94984460e+06  1.81548361e+02 -3.29782788e+01  1.81548361e+02 -3.29782788e+01 -9.97372012e-01  1.44569135e-02 
 1.99526231e+06  1.80940737e+02 -3.35161145e+01  1.80940737e+02 -3.35161145e+01 -9.97267019e-01  1.47441465e-02 
 2.04173794e+06  1.80326298e+02 -3.40541916e+01  1.80326298e+02 -3.40541916e+01 -9.97158540e-01  1.50363485e-02 
 2.08929613e+06  1.79704455e+02 -3.45926221e+01  1.79704455e+02 -3.45926221e+01 -9.97046458e-01  1.53335316e-02 
 2.13796209e+06  1.79074610e+02 -3.51314723e+01  1.79074610e+02 -3.51314723e+01 -9.96930659e-01  1.56357025e-02 
 2.18776162e+06  1.78436160e+02 -3.56707623e+01  1.78436160e+02 -3.56707623e+01 -9.96811027e-01  1.59428622e-02 
 2.23872114e+06  1.77788497e+02 -3.62104657e+01  1.77788497e+02 -3.62104657e+01 -9.96687449e-01  1.62550056e-02 
 2.29086765e+06  1.77131012e+02 -3.67505084e+01  1.77131012e+02 -3.67505084e+01 -9.96559810e-01  1.65721214e-02 
 2.34422882e+06  1.76463095e+02 -3.72907689e+01  1.76463095e+02 -3.72907689e+01 -9.96428001e-01  1.68941924e-02 
 2.39883292e+06  1.75784140e+02 -3.78310773e+01  1.75784140e+02 -3.78310773e+01 -9.96291912e-01  1.72211945e-02 
 2.45470892e+06  1.75093544e+02 -3.83712155e+01  1.75093544e+02 -3.83712155e+01 -9.96151437e-01  1.75530974e-02 
 2.51188643e+06  1.74390716e+02 -3.89109165e+01  1.74390716e+02 -3.89109165e+01 -9.96006474e-01  1.78898637e-02 
 2.57039578e+06  1.73675072e+02 -3.94498645e+01  1.73675072e+02 -3.94498645e+01 -9.95856923e-01  1.82314497e-02 
 2.63026799e+06  1.72946043e+02 -3.99876950e+01  1.72946043e+02 -3.99876950e+01 -9.95702691e-01  1.85778045e-02 
 2.69153480e+06  1.72203075e+02 -4.05239942e+01  1.72203075e+02 -4.05239942e+01 -9.95543689e-01  1.89288708e-02 
 2.75422870e+06  1.71445634e+02 -4.10583001e+01  1.71445634e+02 -4.10583001e+01 -9.95379834e-01  1.92845842e-02 
 2.81838293e+06  1.70673206e+02 -4.15901022e+01  1.70673206e+02 -4.15901022e+01 -9.95211051e-01  1.96448739e-02 
 2.88403150e+06  1.69885305e+02 -4.21188418e+01  1.69885305e+02 -4.21188418e+01 -9.95037271e-01  2.00096623e-02 
 2.95120923e+06  1.69081471e+02 -4.26439134e+01  1.69081471e+02 -4.26439134e+01 -9.94858434e-01  2.03788658e-02 
 3.01995172e+06  1.68261274e+02 -4.31646648e+01  1.68261274e+02 -4.31646648e+01 -9.94674491e-01  2.07523945e-02 
 3.09029543e+06  1.67424321e+02 -4.36803984e+01  1.67424321e+02 -4.36803984e+01 -9.94485400e-01  2.11301528e-02 
 3.16227766e+06  1.66570255e+02 -4.41903722e+01  1.66570255e+02 -4.41903722e+01 -9.94291133e-01  2.15120397e-02 
 3.23593657e+06  1.65698760e+02 -4.46938017e+01  1.65698760e+02 -4.46938017e+01 -9.94091671e-01  2.18979495e-02 
 3.31131121e+06  1.64809565e+02 -4.51898611e+01  1.64809565e+02 -4.51898611e+01 -9.93887010e-01  2.22877721e-02 
 3.38844156e+06  1.63902447e+02 -4.56776853e+01  1.63902447e+02 -4.56776853e+01 -9.93677159e-01  2.26813935e-02 
 3.46736850e+06  1.62977232e+02 -4.61563724e+01  1.62977232e+02 -4.61563724e+01 -9.93462141e-01  2.30786971e-02 
 3.54813389e+06  1.62033802e+02 -4.66249858e+01  1.62033802e+02 -4.66249858e+01 -9.93241996e-01  2.34795639e-02 
 3.63078055e+06  1.61072095e+02 -4.70825571e+01  1.61072095e+02 -4.70825571e+01 -9.93016778e-01  2.38838737e-02 
 3.71535229e+06  1.60092110e+02 -4.75280892e+01  1.60092110e+02 -4.75280892e+01 -9.92786560e-01  2.42915061e-02 
 3.80189396e+06  1.59093909e+02 -4.79605593e+01  1.59093909e+02 -4.79605593e+01 -9.92551434e-01  2.47023416e-02 
 3.89045145e+06  1.58077621e+02 -4.83789230e+01  1.58077621e+02 -4.83789230e+01 -9.92311508e-01  2.51162629e-02 
 3.98107171e+06  1.57043443e+02 -4.87821177e+01  1.57043443e+02 -4.87821177e+01 -9.92066911e-01  2.55331558e-02 
 4.07380278e+06  1.55991644e+02 -4.91690672e+01  1.55991644e+02 -4.91690672e+01 -9.91817792e-01  2.59529113e-02 
 4.16869383e+06  1.54922566e+02 -4.95386859e+01  1.54922566e+02 -4.95386859e+01 -9.91564322e-01  2.63754265e-02 
 4.26579519e+06  1.53836627e+02 -4.98898837e+01  1.53836627e+02 -4.98898837e+01 -9.91306691e-01  2.68006064e-02 
 4.36515832e+06  1.52734321e+02 -5.02215708e+01  1.52734321e+02 -5.02215708e+01 -9.91045112e-01  2.72283657e-02 
 4.46683592e+06  1.51616223e+02 -5.05326633e+01  1.51616223e+02 -5.05326633e+01 -9.90779819e-01  2.76586306e-02 
 4.57088190e+06  1.50482984e+02 -5.08220880e+01  1.50482984e+02 -5.08220880e+01 -9.90511070e-01  2.80913404e-02 
 4.67735141e+06  1.49335337e+02 -5.10887886e+01  1.49335337e+02 -5.10887886e+01 -9.90239143e-01  2.85264497e-02 
 4.78630092e+06  1.48174095e+02 -5.13317311e+01  1.48174095e+02 -5.13317311e+01 -9.89964340e-01  2.89639301e-02 
 4.89778819e+06  1.47000150e+02 -5.15499097e+01  1.47000150e+02 -5.15499097e+01 -9.89686983e-01  2.94037727e-02 
 5.01187234e+06  1.45814474e+02 -5.17423530e+01  1.45814474e+02 -5.17423530e+01 -9.89407416e-01  2.98459898e-02 
 5.12861384e+06  1.44618115e+02 -5.19081295e+01  1.44618115e+02 -5.19081295e+01 -9.89126005e-01  3.02906172e-02 
 5.24807460e+06  1.43412199e+02 -5.20463540e+01  1.43412199e+02 -5.20463540e+01 -9.88843135e-01  3.07377162e-02 
 5.37031796e+06  1.42197924e+02 -5.21561933e+01  1.42197924e+02 -5.21561933e+01 -9.88559212e-01  3.11873760e-02 
 5.49540874e+06  1.40976561e+02 -5.22368718e+01  1.40976561e+02 -5.22368718e+01 -9.88274659e-01  3.16397157e-02 
 5.62341325e+06  1.39749448e+02 -5.22876776e+01  1.39749448e+02 -5.22876776e+01 -9.87989916e-01  3.20948864e-02 
 5.75439937e+06  1.38517987e+02 -5.23079674e+01  1.38517987e+02 -5.23079674e+01 -9.87705441e-01  3.25530733e-02 
 5.88843655e+06  1.37283640e+02 -5.22971721e+01  1.37283640e+02 -5.22971721e+01 -9.87421703e-01  3.30144979e-02 
 6.02559586e+06  1.36047926e+02 -5.22548016e+01  1.36047926e+02 -5.22548016e+01 -9.87139187e-01  3.34794198e-02 
 6.16595002e+06  1.34812413e+02 -5.21804492e+01  1.34812413e+02 -5.21804492e+01 -9.86858387e-01  3.39481387e-02 
 6.30957344e+06  1.33578715e+02 -5.20737960e+01  1.33578715e+02 -5.20737960e+01 -9.86579805e-01  3.44209965e-02 
 6.45654229e+06  1.32348486e+02 -5.19346145e+01  1.32348486e+02 -5.19346145e+01 -9.86303951e-01  3.48983784e-02 
 6.60693448e+06  1.31123412e+02 -5.17627719e+01  1.31123412e+02 -5.17627719e+01 -9.86031339e-01  3.53807152e-02 
 6.76082975e+06  1.29905209e+02 -5.15582331e+01  1.29905209e+02 -5.15582331e+01 -9.85762485e-01  3.58684845e-02 
 6.91830971e+06  1.28695611e+02 -5.13210631e+01  1.28695611e+02 -5.13210631e+01 -9.85497904e-01  3.63622121e-02 
 7.07945784e+06  1.27496368e+02 -5.10514284e+01  1.27496368e+02 -5.10514284e+01 -9.85238107e-01  3.68624734e-02 
 7.24435960e+06  1.26309236e+02 -5.07495990e+01  1.26309236e+02 -5.07495990e+01 -9.84983599e-01  3.73698945e-02 
 7.41310241e+06  1.25135974e+02 -5.04159486e+01  1.25135974e+02 -5.04159486e+01 -9.84734876e-01  3.78851530e-02 
 7.58577575e+06  1.23978333e+02 -5.00509552e+01  1.23978333e+02 -5.00509552e+01 -9.84492422e-01  3.84089792e-02 
 7.76247117e+06  1.22838052e+02 -4.96552007e+01  1.22838052e+02 -4.96552007e+01 -9.84256707e-01  3.89421565e-02 
 7.94328235e+06  1.21716848e+02 -4.92293703e+01  1.21716848e+02 -4.92293703e+01 -9.84028180e-01  3.94855221e-02 
 8.12830516e+06  1.20616416e+02 -4.87742511e+01  1.20616416e+02 -4.87742511e+01 -9.83807270e-01  4.00399675e-02 
 8.31763771e+06  1.19538415e+02 -4.82907305e+01  1.19538415e+02 -4.82907305e+01 -9.83594380e-01  4.06064387e-02 
 8.51138038e+06  1.18484468e+02 -4.77797944e+01  1.18484468e+02 -4.77797944e+01 -9.83389887e-01  4.11859362e-02 
 8.70963590e+06  1.17456151e+02 -4.72425240e+01  1.17456151e+02 -4.72425240e+01 -9.83194135e-01  4.17795154e-02 
 8.91250938e+06  1.16454991e+02 -4.66800938e+01  1.16454991e+02 -4.66800938e+01 -9.83007432e-01  4.23882859e-02 
 9.12010839e+06  1.15482460e+02 -4.60937676e+01  1.15482460e+02 -4.60937676e+01 -9.82830048e-01  4.30134117e-02 
 9.33254301e+06  1.14539969e+02 -4.54848957e+01  1.14539969e+02 -4.54848957e+01 -9.82662212e-01  4.36561107e-02 
 9.54992586e+06  1.13628864e+02 -4.48549111e+01  1.13628864e+02 -4.48549111e+01 -9.82504107e-01  4.43176538e-02 
 9.77237221e+06  1.12750420e+02 -4.42053251e+01  1.12750420e+02 -4.42053251e+01 -9.82355864e-01  4.49993648e-02 
 1.00000000e+07  1.11905841e+02 -4.35377240e+01  1.11905841e+02 -4.35377240e+01 -9.82217563e-01  4.57026190e-02 
 1.02329299e+07  1.11096252e+02 -4.28537647e+01  1.11096252e+02 -4.28537647e+01 -9.82089229e-01  4.64288426e-02 
 1.04712855e+07  1.10322697e+02 -4.21551700e+01  1.10322697e+02 -4.21551700e+01 -9.81970820e-01  4.71795114e-02 
 1.07151931e+07  1.09586138e+02 -4.14437249e+01  1.09586138e+02 -4.14437249e+01 -9.81862236e-01  4.79561497e-02 
 1.09647820e+07  1.08887448e+02 -4.07212723e+01  1.08887448e+02 -4.07212723e+01 -9.81763303e-01  4.87603285e-02 
 1.12201845e+07  1.08227414e+02 -3.99897081e+01  1.08227414e+02 -3.99897081e+01 -9.81673776e-01  4.95936644e-02 
 1.14815362e+07  1.07606728e+02 -3.92509774e+01  1.07606728e+02 -3.92509774e+01 -9.81593331e-01  5.04578170e-02 
 1.17489755e+07  1.07025990e+02 -3.85070703e+01  1.07025990e+02 -3.85070703e+01 -9.81521565e-01  5.13544877e-02 
 1.20226443e+07  1.06485705e+02 -3.77600172e+01  1.06485705e+02 -3.77600172e+01 -9.81457985e-01  5.22854166e-02 
 1.23026877e+07  1.05986281e+02 -3.70118852e+01  1.05986281e+02 -3.70118852e+01 -9.81402010e-01  5.32523805e-02 
 1.25892541e+07  1.05528025e+02 -3.62647737e+01  1.05528025e+02 -3.62647737e+01 -9.81352961e-01  5.42571896e-02 
 1.28824955e+07  1.05111146e+02 -3.55208102e+01  1.05111146e+02 -3.55208102e+01 -9.81310060e-01  5.53016846e-02 
 1.31825674e+07  1.04735748e+02 -3.47821465e+01  1.04735748e+02 -3.47821465e+01 -9.81272423e-01  5.63877333e-02 
 1.34896288e+07  1.04401835e+02 -3.40509547e+01  1.04401835e+02 -3.40509547e+01 -9.81239055e-01  5.75172259e-02 
 1.38038426e+07  1.04109302e+02 -3.33294231e+01  1.04109302e+02 -3.33294231e+01 -9.81208846e-01  5.86920714e-02 
 1.41253754e+07  1.03857942e+02 -3.26197521e+01  1.03857942e+02 -3.26197521e+01 -9.81180565e-01  5.99141927e-02 
 1.44543977e+07  1.03647437e+02 -3.19241501e+01  1.03647437e+02 -3.19241501e+01 -9.81152855e-01  6.11855209e-02 
 1.47910839e+07  1.03477361e+02 -3.12448296e+01  1.03477361e+02 -3.12448296e+01 -9.81124229e-01  6.25079895e-02 
 1.51356125e+07  1.03347177e+02 -3.05840027e+01  1.03347177e+02 -3.05840027e+01 -9.81093061e-01  6.38835284e-02 
 1.54881662e+07  1.03256237e+02 -2.99438769e+01  1.03256237e+02 -2.99438769e+01 -9.81057587e-01  6.53140564e-02 
 1.58489319e+07  1.03203779e+02 -2.93266501e+01  1.03203779e+02 -2.93266501e+01 -9.81015895e-01  6.68014738e-02 
 1.62181010e+07  1.03188925e+02 -2.87345066e+01  1.03188925e+02 -2.87345066e+01 -9.80965923e-01  6.83476539e-02 
 1.65958691e+07  1.03210683e+02 -2.81696113e+01  1.03210683e+02 -2.81696113e+01 -9.80905453e-01  6.99544341e-02 
 1.69824365e+07  1.03267941e+02 -2.76341050e+01  1.03267941e+02 -2.76341050e+01 -9.80832108e-01  7.16236061e-02 
 1.73780083e+07  1.03359469e+02 -2.71300987e+01  1.03359469e+02 -2.71300987e+01 -9.80743349e-01  7.33569054e-02 
 1.77827941e+07  1.03483918e+02 -2.66596677e+01  1.03483918e+02 -2.66596677e+01 -9.80636468e-01  7.51559999e-02 
 1.81970086e+07  1.03639817e+02 -2.62248453e+01  1.03639817e+02 -2.62248453e+01 -9.80508592e-01  7.70224782e-02 
 1.86208714e+07  1.03825573e+02 -2.58276165e+01  1.03825573e+02 -2.58276165e+01 -9.80356673e-01  7.89578365e-02 
 1.90546072e+07  1.04039471e+02 -2.54699112e+01  1.04039471e+02 -2.54699112e+01 -9.80177494e-01  8.09634656e-02 
 1.94984460e+07  1.04279675e+02 -2.51535963e+01  1.04279675e+02 -2.51535963e+01 -9.79967663e-01  8.30406361e-02 
 1.99526231e+07  1.04544226e+02 -2.48804689e+01  1.04544226e+02 -2.48804689e+01 -9.79723619e-01  8.51904839e-02 
 2.04173794e+07  1.04831041e+02 -2.46522475e+01  1.04831041e+02 -2.46522475e+01 -9.79441627e-01  8.74139946e-02 
 2.08929613e+07  1.05137920e+02 -2.44705643e+01  1.05137920e+02 -2.44705643e+01 -9.79117788e-01  8.97119875e-02 
 2.13796209e+07  1.05462543e+02 -2.43369562e+01  1.05462543e+02 -2.43369562e+01 -9.78748038e-01  9.20850987e-02 
 2.18776162e+07  1.05802472e+02 -2.42528558e+01  1.05802472e+02 -2.42528558e+01 -9.78328157e-01  9.45337644e-02 
 2.23872114e+07  1.06155158e+02 -2.42195823e+01  1.06155158e+02 -2.42195823e+01 -9.77853773e-01  9.70582037e-02 
 2.29086765e+07  1.06517940e+02 -2.42383322e+01  1.06517940e+02 -2.42383322e+01 -9.77320373e-01  9.96584008e-02 
 2.34422882e+07  1.06888052e+02 -2.43101694e+01  1.06888052e+02 -2.43101694e+01 -9.76723313e-01  1.02334088e-01 
 2.39883292e+07  1.07262631e+02 -2.44360162e+01  1.07262631e+02 -2.44360162e+01 -9.76057829e-01  1.05084726e-01 
 2.45470892e+07  1.07638715e+02 -2.46166428e+01  1.07638715e+02 -2.46166428e+01 -9.75319053e-01  1.07909493e-01 
 2.51188643e+07  1.08013262e+02 -2.48526587e+01  1.08013262e+02 -2.48526587e+01 -9.74502026e-01  1.10807258e-01 
 2.57039578e+07  1.08383146e+02 -2.51445028e+01  1.08383146e+02 -2.51445028e+01 -9.73601721e-01  1.13776576e-01 
 2.63026799e+07  1.08745176e+02 -2.54924345e+01  1.08745176e+02 -2.54924345e+01 -9.72613057e-01  1.16815664e-01 
 2.69153480e+07  1.09096101e+02 -2.58965252e+01  1.09096101e+02 -2.58965252e+01 -9.71530924e-01  1.19922391e-01 
 2.75422870e+07  1.09432624e+02 -2.63566501e+01  1.09432624e+02 -2.63566501e+01 -9.70350207e-01  1.23094265e-01 
 2.81838293e+07  1.09751410e+02 -2.68724807e+01  1.09751410e+02 -2.68724807e+01 -9.69065811e-01  1.26328421e-01 
 2.88403150e+07  1.10049105e+02 -2.74434781e+01  1.10049105e+02 -2.74434781e+01 -9.67672687e-01  1.29621614e-01 
 2.95120923e+07  1.10322348e+02 -2.80688876e+01  1.10322348e+02 -2.80688876e+01 -9.66165863e-01  1.32970208e-01 
 3.01995172e+07  1.10567783e+02 -2.87477331e+01  1.10567783e+02 -2.87477331e+01 -9.64540474e-01  1.36370172e-01 
 3.09029543e+07  1.10782081e+02 -2.94788143e+01  1.10782081e+02 -2.94788143e+01 -9.62791796e-01  1.39817081e-01 
 3.16227766e+07  1.10961950e+02 -3.02607037e+01  1.10961950e+02 -3.02607037e+01 -9.60915272e-01  1.43306112e-01 
 3.23593657e+07  1.11104158e+02 -3.10917461e+01  1.11104158e+02 -3.10917461e+01 -9.58906557e-01  1.46832049e-01 
 3.31131121e+07  1.11205548e+02 -3.19700587e+01  1.11205548e+02 -3.19700587e+01 -9.56761543e-01  1.50389290e-01 
 3.38844156e+07  1.11263057e+02 -3.28935334e+01  1.11263057e+02 -3.28935334e+01 -9.54476398e-01  1.53971855e-01 
 3.46736850e+07  1.11273734e+02 -3.38598402e+01  1.11273734e+02 -3.38598402e+01 -9.52047602e-01  1.57573400e-01 
 3.54813389e+07  1.11234758e+02 -3.48664331e+01  1.11234758e+02 -3.48664331e+01 -9.49471980e-01  1.61187233e-01 
 3.63078055e+07  1.11143457e+02 -3.59105568e+01  1.11143457e+02 -3.59105568e+01 -9.46746734e-01  1.64806335e-01 
 3.71535229e+07  1.10997327e+02 -3.69892559e+01  1.10997327e+02 -3.69892559e+01 -9.43869482e-01  1.68423383e-01 
 3.80189396e+07  1.10794046e+02 -3.80993856e+01  1.10794046e+02 -3.80993856e+01 -9.40838279e-01  1.72030776e-01 
 3.89045145e+07  1.10531496e+02 -3.92376242e+01  1.10531496e+02 -3.92376242e+01 -9.37651658e-01  1.75620667e-01 
 3.98107171e+07  1.10207775e+02 -4.04004875e+01  1.10207775e+02 -4.04004875e+01 -9.34308648e-01  1.79184998e-01 
 4.07380278e+07  1.09821210e+02 -4.15843442e+01  1.09821210e+02 -4.15843442e+01 -9.30808800e-01  1.82715532e-01 
 4.16869383e+07  1.09370376e+02 -4.27854340e+01  1.09370376e+02 -4.27854340e+01 -9.27152211e-01  1.86203897e-01 
 4.26579519e+07  1.08854104e+02 -4.39998857e+01  1.08854104e+02 -4.39998857e+01 -9.23339539e-01  1.89641629e-01 
 4.36515832e+07  1.08271492e+02 -4.52237379e+01  1.08271492e+02 -4.52237379e+01 -9.19372016e-01  1.93020212e-01 
 4.46683592e+07  1.07621913e+02 -4.64529601e+01  1.07621913e+02 -4.64529601e+01 -9.15251460e-01  1.96331127e-01 
 4.57088190e+07  1.06905022e+02 -4.76834746e+01  1.06905022e+02 -4.76834746e+01 -9.10980279e-01  1.99565899e-01 
 4.67735141e+07  1.06120760e+02 -4.89111795e+01  1.06120760e+02 -4.89111795e+01 -9.06561470e-01  2.02716146e-01 
 4.78630092e+07  1.05269357e+02 -5.01319724e+01  1.05269357e+02 -5.01319724e+01 -9.01998619e-01  2.05773627e-01 
 4.89778819e+07  1.04351332e+02 -5.13417731e+01  1.04351332e+02 -5.13417731e+01 -8.97295889e-01  2.08730288e-01 
 5.01187234e+07  1.03367488e+02 -5.25365483e+01  1.03367488e+02 -5.25365483e+01 -8.92458007e-01  2.11578318e-01 
 5.12861384e+07  1.02318910e+02 -5.37123340e+01  1.02318910e+02 -5.37123340e+01 -8.87490248e-01  2.14310187e-01 
 5.24807460e+07  1.01206960e+02 -5.48652588e+01  1.01206960e+02 -5.48652588e+01 -8.82398411e-01  2.16918695e-01 
 5.37031796e+07  1.00033263e+02 -5.59915661e+01  1.00033263e+02 -5.59915661e+01 -8.77188791e-01  2.19397016e-01 
 5.49540874e+07  9.87997008e+01 -5.70876349e+01  9.87997008e+01 -5.70876349e+01 -8.71868152e-01  2.21738738e-01 
 5.62341325e+07  9.75083950e+01 -5.81500002e+01  9.75083950e+01 -5.81500002e+01 -8.66443686e-01  2.23937896e-01 
 5.75439937e+07  9.61616957e+01 -5.91753709e+01  9.61616957e+01 -5.91753709e+01 -8.60922982e-01  2.25989013e-01 
 5.88843655e+07  9.47621633e+01 -6.01606476e+01  9.47621633e+01 -6.01606476e+01 -8.55313977e-01  2.27887123e-01 
 6.02559586e+07  9.33125511e+01 -6.11029370e+01  9.33125511e+01 -6.11029370e+01 -8.49624920e-01  2.29627803e-01 
 6.16595002e+07  9.18157860e+01 -6.19995661e+01  9.18157860e+01 -6.19995661e+01 -8.43864321e-01  2.31207188e-01 
 6.30957344e+07  9.02749486e+01 -6.28480927e+01  9.02749486e+01 -6.28480927e+01 -8.38040904e-01  2.32621993e-01 
 6.45654229e+07  8.86932525e+01 -6.36463155e+01  8.86932525e+01 -6.36463155e+01 -8.32163561e-01  2.33869522e-01 
 6.60693448e+07  8.70740225e+01 -6.43922807e+01  8.70740225e+01 -6.43922807e+01 -8.26241302e-01  2.34947677e-01 
 6.76082975e+07  8.54206731e+01 -6.50842876e+01  8.54206731e+01 -6.50842876e+01 -8.20283202e-01  2.35854960e-01 
 6.91830971e+07  8.37366869e+01 -6.57208909e+01  8.37366869e+01 -6.57208909e+01 -8.14298360e-01  2.36590471e-01 
 7.07945784e+07  8.20255924e+01 -6.63009022e+01  8.20255924e+01 -6.63009022e+01 -8.08295845e-01  2.37153902e-01 
 7.24435960e+07  8.02909434e+01 -6.68233887e+01  8.02909434e+01 -6.68233887e+01 -8.02284652e-01  2.37545527e-01 
 7.41310241e+07  7.85362980e+01 -6.72876697e+01  7.85362980e+01 -6.72876697e+01 -7.96273659e-01  2.37766185e-01 
 7.58577575e+07  7.67651986e+01 -6.76933124e+01  7.67651986e+01 -6.76933124e+01 -7.90271582e-01  2.37817264e-01 
 7.76247117e+07  7.49811530e+01 -6.80401247e+01  7.49811530e+01 -6.80401247e+01 -7.84286938e-01  2.37700677e-01 
 7.94328235e+07  7.31876163e+01 -6.83281475e+01  7.31876163e+01 -6.83281475e+01 -7.78328008e-01  2.37418840e-01 
 8.12830516e+07  7.13879748e+01 -6.85576451e+01  7.13879748e+01 -6.85576451e+01 -7.72402802e-01  2.36974640e-01 
 8.31763771e+07  6.95855295e+01 -6.87290943e+01  6.95855295e+01 -6.87290943e+01 -7.66519029e-01  2.36371411e-01 
 8.51138038e+07  6.77834834e+01 -6.88431727e+01  6.77834834e+01 -6.88431727e+01 -7.60684073e-01  2.35612894e-01 
 8.70963590e+07  6.59849276e+01 -6.89007464e+01  6.59849276e+01 -6.89007464e+01 -7.54904965e-01  2.34703213e-01 
 8.91250938e+07  6.41928313e+01 -6.89028559e+01  6.41928313e+01 -6.89028559e+01 -7.49188365e-01  2.33646834e-01 
 9.12010839e+07  6.24100316e+01 -6.88507029e+01  6.24100316e+01 -6.88507029e+01 -7.43540548e-01  2.32448530e-01 
 9.33254301e+07  6.06392254e+01 -6.87456359e+01  6.06392254e+01 -6.87456359e+01 -7.37967388e-01  2.31113351e-01 
 9.54992586e+07  5.88829633e+01 -6.85891354e+01  5.88829633e+01 -6.85891354e+01 -7.32474351e-01  2.29646582e-01 
 9.77237221e+07  5.71436437e+01 -6.83828000e+01  5.71436437e+01 -6.83828000e+01 -7.27066485e-01  2.28053711e-01 
 1.00000000e+08  5.54235096e+01 -6.81283313e+01  5.54235096e+01 -6.81283313e+01 -7.21748422e-01  2.26340397e-01 
