 frequency              yer                    yei                    yfr                    yfi                   
 1.000000000000000e+00 -2.558359886969030e-29  1.591549430918954e-13  1.000000000000000e-03 -0.000000000000000e+00 
 1.023292992280754e+00 -2.443214724430062e-29  1.555321342885040e-13  1.000000000000000e-03 -0.000000000000000e+00 
 1.047128548050899e+00 -2.333251947889115e-29  1.519917906814237e-13  1.000000000000000e-03 -0.000000000000000e+00 
 1.071519305237606e+00 -2.228238311554179e-29  1.485320351336117e-13  1.000000000000000e-03 -0.000000000000000e+00 
 1.096478196143185e+00 -2.127951067423164e-29  1.451510332368816e-13  1.000000000000000e-03 -0.000000000000000e+00 
 1.122018454301963e+00 -2.032177492805523e-29  1.418469923392746e-13  1.000000000000000e-03 -0.000000000000000e+00 
 1.148153621496882e+00 -1.940714439108904e-29  1.386181605945729e-13  1.000000000000000e-03 -0.000000000000000e+00 
 1.174897554939529e+00 -1.853367900933753e-29  1.354628260334467e-13  1.000000000000000e-03 -0.000000000000000e+00 
 1.202264434617413e+00 -1.769952604561845e-29  1.323793156557459e-13  1.000000000000000e-03 -0.000000000000000e+00 
 1.230268770812381e+00 -1.690291614965893e-29  1.293659945434532e-13  1.000000000000000e-03 -0.000000000000000e+00 
 1.258925411794167e+00 -1.614215960506627e-29  1.264212649938288e-13  1.000000000000000e-03 -0.000000000000000e+00 
 1.288249551693134e+00 -1.541564274521300e-29  1.235435656722873e-13  1.000000000000000e-03 -0.000000000000000e+00 
 1.318256738556407e+00 -1.472182453043355e-29  1.207313707845577e-13  1.000000000000000e-03  9.765625000000000e-04 
 1.348962882591653e+00 -1.405923327927254e-29  1.179831892676867e-13  1.000000000000000e-03  9.765625000000000e-04 
 1.380384264602885e+00 -1.342646354685112e-29  1.152975639994576e-13  1.000000000000000e-03 -0.000000000000000e+00 
 1.412537544622754e+00 -1.282217314372989e-29  1.126730710258047e-13  1.000000000000000e-03 -0.000000000000000e+00 
 1.445439770745927e+00 -1.224508028894522e-29  1.101083188058141e-13  1.000000000000000e-03 -0.000000000000000e+00 
 1.479108388168207e+00 -1.169396089117991e-29  1.076019474739102e-13  1.000000000000000e-03 -0.000000000000000e+00 
 1.513561248436208e+00 -1.116764595230144e-29  1.051526281188371e-13  1.000000000000000e-03 -0.000000000000000e+00 
 1.548816618912481e+00 -1.066501908776017e-29  1.027590620790522e-13  1.000000000000000e-03 -0.000000000000000e+00 
 1.584893192461113e+00 -1.018501415858806e-29  1.004199802541586e-13  9.999999999999998e-04 -0.000000000000000e+00 
 1.621810097358929e+00 -9.726613009974954e-30  9.813414243201135e-14  1.000000000000000e-03 -0.000000000000000e+00 
 1.659586907437560e+00 -9.288843311625727e-30  9.590033663114048e-14  1.000000000000000e-03 -0.000000000000000e+00 
 1.698243652461743e+00 -8.870776495317368e-30  9.371737845814245e-14  1.000000000000000e-03 -0.000000000000000e+00 
 1.737800828749374e+00 -8.471525785281304e-30  9.158411047969909e-14  1.000000000000000e-03 -0.000000000000000e+00 
 1.778279410038922e+00 -8.090244317233072e-30  8.949940160889108e-14  1.000000000000000e-03 -0.000000000000000e+00 
 1.819700858609982e+00 -7.726123342059638e-30  8.746214650548073e-14  1.000000000000000e-03 -0.000000000000000e+00 
 1.862087136662866e+00 -7.378390510354115e-30  8.547126498984597e-14  1.000000000000000e-03 -0.000000000000000e+00 
 1.905460717963246e+00 -7.046308234159097e-30  8.352570147025475e-14  1.000000000000000e-03 -0.000000000000000e+00 
 1.949844599758044e+00 -6.729172122443732e-30  8.162442438317638e-14  1.000000000000000e-03  1.953125000000000e-03 
 1.995262314968878e+00 -6.426309486995898e-30  7.976642564633304e-14  9.999999999999998e-04 -0.000000000000000e+00 
 2.041737944669527e+00 -6.137077915560302e-30  7.795072012420082e-14  1.000000000000000e-03 -0.000000000000000e+00 
 2.089296130854037e+00 -5.860863909195976e-30  7.617634510567820e-14  1.000000000000000e-03 -0.000000000000000e+00 
 2.137962089502230e+00 -5.597081580962768e-30  7.444235979364373e-14  1.000000000000000e-03 -0.000000000000000e+00 
 2.187761623949550e+00 -5.345171413176580e-30  7.274784480613297e-14  1.000000000000000e-03 -0.000000000000000e+00 
 2.238721138568337e+00 -5.104599070597355e-30  7.109190168886998e-14  9.999999999999998e-04  1.953125000000000e-03 
 2.290867652767770e+00 -4.874854267032388e-30  6.947365243889503e-14  1.000000000000000e-03 -0.000000000000000e+00 
 2.344228815319919e+00 -4.655449682950893e-30  6.789223903903566e-14  1.000000000000000e-03 -0.000000000000000e+00 
 2.398832919019488e+00 -4.445919931813947e-30  6.634682300297478e-14  1.000000000000000e-03  1.953125000000000e-03 
 2.454708915685027e+00 -4.245820572927248e-30  6.483658493067415e-14  1.000000000000000e-03 -0.000000000000000e+00 
 2.511886431509577e+00 -4.054727168722807e-30  6.336072407391741e-14  1.000000000000000e-03 -0.000000000000000e+00 
 2.570395782768860e+00 -3.872234384469972e-30  6.191845791174299e-14  1.000000000000000e-03 -0.000000000000000e+00 
 2.630267991895378e+00 -3.697955128506100e-30  6.050902173554104e-14  1.000000000000000e-03 -0.000000000000000e+00 
 2.691534803926912e+00 -3.531519731163272e-30  5.913166824359487e-14  1.000000000000000e-03 -0.000000000000000e+00 
 2.754228703338163e+00 -3.372575160649338e-30  5.778566714485159e-14  9.999999999999998e-04  1.953125000000000e-03 
 2.818382931264450e+00 -3.220784274220173e-30  5.647030477171229e-14  1.000000000000000e-03 -0.000000000000000e+00 
 2.884031503126602e+00 -3.075825103054697e-30  5.518488370163579e-14  1.000000000000000e-03 -0.000000000000000e+00 
 2.951209226666381e+00 -2.937390169315855e-30  5.392872238735616e-14  1.000000000000000e-03 -0.000000000000000e+00 
 3.019951720402012e+00 -2.805185833948892e-30  5.270115479551735e-14  1.000000000000000e-03 -0.000000000000000e+00 
 3.090295432513586e+00 -2.678931673833550e-30  5.150153005353336e-14  1.000000000000000e-03 -0.000000000000000e+00 
 3.162277660168374e+00 -2.558359886969037e-30  5.032921210448712e-14  1.000000000000000e-03 -0.000000000000000e+00 
 3.235936569296277e+00 -2.443214724430070e-30  4.918357936988454e-14  1.000000000000000e-03 -0.000000000000000e+00 
 3.311311214825905e+00 -2.333251947889122e-30  4.806402442008551e-14  1.000000000000000e-03 -0.000000000000000e+00 
 3.388441561392020e+00 -2.228238311554186e-30  4.696995365223659e-14  1.000000000000000e-03 -0.000000000000000e+00 
 3.467368504525310e+00 -2.127951067423171e-30  4.590078697553492e-14  1.000000000000000e-03 -0.000000000000000e+00 
 3.548133892335748e+00 -2.032177492805529e-30  4.485595750365642e-14  1.000000000000000e-03 -0.000000000000000e+00 
 3.630780547701007e+00 -1.940714439108909e-30  4.383491125418512e-14  9.999999999999998e-04  3.906250000000000e-03 
 3.715352290971718e+00 -1.853367900933758e-30  4.283710685488446e-14  1.000000000000000e-03  3.906250000000000e-03 
 3.801893963205605e+00 -1.769952604561850e-30  4.186201525665441e-14  1.000000000000000e-03 -0.000000000000000e+00 
 3.890451449942799e+00 -1.690291614965898e-30  4.090911945302269e-14  9.999999999999998e-04  3.906250000000000e-03 
 3.981071705534965e+00 -1.614215960506632e-30  3.997791420602121e-14  1.000000000000000e-03 -0.000000000000000e+00 
 4.073802778041119e+00 -1.541564274521305e-30  3.906790577830199e-14  1.000000000000000e-03 -0.000000000000000e+00 
 4.168693834703346e+00 -1.472182453043360e-30  3.817861167135128e-14  1.000000000000000e-03  3.906250000000000e-03 
 4.265795188015918e+00 -1.405923327927260e-30  3.730956036966242e-14  1.000000000000000e-03 -0.000000000000000e+00 
 4.365158322401651e+00 -1.342646354685117e-30  3.646029109073195e-14  1.000000000000000e-03 -0.000000000000000e+00 
 4.466835921509622e+00 -1.282217314372994e-30  3.563035354074678e-14  9.999999999999998e-04  3.906250000000000e-03 
 4.570881896148741e+00 -1.224508028894525e-30  3.481930767583242e-14  9.999999999999998e-04  3.906250000000000e-03 
 4.677351412871972e+00 -1.169396089117994e-30  3.402672346873581e-14  1.000000000000000e-03 -0.000000000000000e+00 
 4.786300923226373e+00 -1.116764595230147e-30  3.325218068081924e-14  1.000000000000000e-03  3.906250000000000e-03 
 4.897788193684452e+00 -1.066501908776020e-30  3.249526863924429e-14  1.000000000000000e-03 -0.000000000000000e+00 
 5.011872336272712e+00 -1.018501415858810e-30  3.175558601922761e-14  1.000000000000000e-03 -0.000000000000000e+00 
 5.128613839913638e+00 -9.726613009974984e-31  3.103274063125318e-14  1.000000000000000e-03 -0.000000000000000e+00 
 5.248074602497715e+00 -9.288843311625754e-31  3.032634921312832e-14  1.000000000000000e-03  3.906250000000000e-03 
 5.370317963702516e+00 -8.870776495317396e-31  2.963603722677296e-14  1.000000000000000e-03 -0.000000000000000e+00 
 5.495408738576233e+00 -8.471525785281337e-31  2.896143865963457e-14  1.000000000000000e-03 -0.000000000000000e+00 
 5.623413251903478e+00 -8.090244317233094e-31  2.830219583062346e-14  1.000000000000000e-03 -0.000000000000000e+00 
 5.754399373371556e+00 -7.726123342059659e-31  2.765795920046560e-14  1.000000000000000e-03 -0.000000000000000e+00 
 5.888436553555876e+00 -7.378390510354133e-31  2.702838718637220e-14  1.000000000000000e-03 -0.000000000000000e+00 
 6.025595860743564e+00 -7.046308234159118e-31  2.641314598092801e-14  1.000000000000000e-03 -0.000000000000000e+00 
 6.165950018614807e+00 -6.729172122443756e-31  2.581190937510224e-14  1.000000000000000e-03 -0.000000000000000e+00 
 6.309573444801917e+00 -6.426309486995918e-31  2.522435858528814e-14  1.000000000000000e-03 -0.000000000000000e+00 
 6.456542290346539e+00 -6.137077915560321e-31  2.465018208427984e-14  1.000000000000000e-03 -0.000000000000000e+00 
 6.606934480075944e+00 -5.860863909195992e-31  2.408907543609634e-14  1.000000000000000e-03 -0.000000000000000e+00 
 6.760829753919801e+00 -5.597081580962782e-31  2.354074113456567e-14  1.000000000000000e-03 -0.000000000000000e+00 
 6.918309709189348e+00 -5.345171413176594e-31  2.300488844558308e-14  1.000000000000000e-03  7.812500000000000e-03 
 7.079457843841362e+00 -5.104599070597373e-31  2.248123325296006e-14  1.000000000000000e-03 -0.000000000000000e+00 
 7.244359600749883e+00 -4.874854267032401e-31  2.196949790778204e-14  1.000000000000000e-03  7.812500000000000e-03 
 7.413102413009157e+00 -4.655449682950905e-31  2.146941108119542e-14  9.999999999999998e-04 -0.000000000000000e+00 
 7.585775750291819e+00 -4.445919931813960e-31  2.098070762054531e-14  1.000000000000000e-03 -0.000000000000000e+00 
 7.762471166286898e+00 -4.245820572927259e-31  2.050312840878809e-14  1.000000000000000e-03 -0.000000000000000e+00 
 7.943282347242794e+00 -4.054727168722820e-31  2.003642022710421e-14  1.000000000000000e-03 -0.000000000000000e+00 
 8.128305161640972e+00 -3.872234384469981e-31  1.958033562063812e-14  1.000000000000000e-03 -0.000000000000000e+00 
 8.317637711026689e+00 -3.697955128506109e-31  1.913463276729446e-14  1.000000000000000e-03 -0.000000000000000e+00 
 8.511380382023743e+00 -3.531519731163282e-31  1.869907534952083e-14  1.000000000000000e-03 -0.000000000000000e+00 
 8.709635899560784e+00 -3.372575160649348e-31  1.827343242900904e-14  1.000000000000000e-03 -0.000000000000000e+00 
 8.912509381337431e+00 -3.220784274220182e-31  1.785747832424859e-14  1.000000000000000e-03 -0.000000000000000e+00 
 9.120108393559072e+00 -3.075825103054705e-31  1.745099249086731e-14  1.000000000000000e-03  7.812500000000000e-03 
 9.332543007969884e+00 -2.937390169315864e-31  1.705375940469590e-14  1.000000000000000e-03 -0.000000000000000e+00 
 9.549925860214332e+00 -2.805185833948899e-31  1.666556844749404e-14  1.000000000000000e-03 -0.000000000000000e+00 
 9.772372209558078e+00 -2.678931673833560e-31  1.628621379527793e-14  1.000000000000000e-03 -0.000000000000000e+00 
 9.999999999999970e+00 -2.558359886969045e-31  1.591549430918958e-14  1.000000000000000e-03 -0.000000000000000e+00 
 1.023292992280751e+01 -2.443214724430076e-31  1.555321342885044e-14  1.000000000000000e-03  7.812500000000000e-03 
 1.047128548050896e+01 -2.333251947889128e-31  1.519917906814240e-14  1.000000000000000e-03 -0.000000000000000e+00 
 1.071519305237603e+01 -2.228238311554191e-31  1.485320351336121e-14  1.000000000000000e-03 -0.000000000000000e+00 
 1.096478196143182e+01 -2.127951067423176e-31  1.451510332368819e-14  1.000000000000000e-03  7.812500000000000e-03 
 1.122018454301960e+01 -2.032177492805533e-31  1.418469923392750e-14  1.000000000000000e-03 -0.000000000000000e+00 
 1.148153621496879e+01 -1.940714439108915e-31  1.386181605945733e-14  1.000000000000000e-03 -0.000000000000000e+00 
 1.174897554939526e+01 -1.853367900933764e-31  1.354628260334471e-14  1.000000000000000e-03 -0.000000000000000e+00 
 1.202264434617409e+01 -1.769952604561855e-31  1.323793156557463e-14  1.000000000000000e-03 -0.000000000000000e+00 
 1.230268770812378e+01 -1.690291614965902e-31  1.293659945434535e-14  1.000000000000000e-03 -0.000000000000000e+00 
 1.258925411794163e+01 -1.614215960506637e-31  1.264212649938291e-14  1.000000000000000e-03 -0.000000000000000e+00 
 1.288249551693130e+01 -1.541564274521309e-31  1.235435656722877e-14  1.000000000000000e-03 -0.000000000000000e+00 
 1.318256738556403e+01 -1.472182453043364e-31  1.207313707845581e-14  1.000000000000000e-03 -0.000000000000000e+00 
 1.348962882591649e+01 -1.405923327927264e-31  1.179831892676872e-14  1.000000000000000e-03 -0.000000000000000e+00 
 1.380384264602880e+01 -1.342646354685121e-31  1.152975639994580e-14  1.000000000000000e-03 -0.000000000000000e+00 
 1.412537544622749e+01 -1.282217314372998e-31  1.126730710258051e-14  1.000000000000000e-03 -0.000000000000000e+00 
 1.445439770745922e+01 -1.224508028894530e-31  1.101083188058145e-14  1.000000000000000e-03 -0.000000000000000e+00 
 1.479108388168202e+01 -1.169396089117999e-31  1.076019474739105e-14  1.000000000000000e-03 -0.000000000000000e+00 
 1.513561248436203e+01 -1.116764595230150e-31  1.051526281188374e-14  1.000000000000000e-03 -0.000000000000000e+00 
 1.548816618912476e+01 -1.066501908776024e-31  1.027590620790525e-14  1.000000000000000e-03 -0.000000000000000e+00 
 1.584893192461108e+01 -1.018501415858813e-31  1.004199802541589e-14  1.000000000000000e-03 -0.000000000000000e+00 
 1.621810097358924e+01 -9.726613009975018e-32  9.813414243201165e-15  9.999999999999998e-04  1.562500000000000e-02 
 1.659586907437554e+01 -9.288843311625783e-32  9.590033663114078e-15  1.000000000000000e-03 -0.000000000000000e+00 
 1.698243652461738e+01 -8.870776495317428e-32  9.371737845814272e-15  1.000000000000000e-03  1.562500000000000e-02 
 1.737800828749369e+01 -8.471525785281363e-32  9.158411047969940e-15  1.000000000000000e-03 -0.000000000000000e+00 
 1.778279410038916e+01 -8.090244317233127e-32  8.949940160889138e-15  1.000000000000000e-03 -0.000000000000000e+00 
 1.819700858609976e+01 -7.726123342059686e-32  8.746214650548101e-15  1.000000000000000e-03 -0.000000000000000e+00 
 1.862087136662860e+01 -7.378390510354158e-32  8.547126498984624e-15  1.000000000000000e-03 -0.000000000000000e+00 
 1.905460717963240e+01 -7.046308234159140e-32  8.352570147025500e-15  1.000000000000000e-03 -0.000000000000000e+00 
 1.949844599758038e+01 -6.729172122443773e-32  8.162442438317666e-15  1.000000000000000e-03 -0.000000000000000e+00 
 1.995262314968872e+01 -6.426309486995937e-32  7.976642564633328e-15  1.000000000000000e-03 -0.000000000000000e+00 
 2.041737944669521e+01 -6.137077915560337e-32  7.795072012420105e-15  1.000000000000000e-03 -0.000000000000000e+00 
 2.089296130854031e+01 -5.860863909196009e-32  7.617634510567838e-15  9.999999999999998e-04  1.562500000000000e-02 
 2.137962089502224e+01 -5.597081580962798e-32  7.444235979364393e-15  1.000000000000000e-03 -0.000000000000000e+00 
 2.187761623949544e+01 -5.345171413176611e-32  7.274784480613319e-15  1.000000000000000e-03 -0.000000000000000e+00 
 2.238721138568331e+01 -5.104599070597385e-32  7.109190168887020e-15  1.000000000000000e-03 -0.000000000000000e+00 
 2.290867652767764e+01 -4.874854267032417e-32  6.947365243889523e-15  1.000000000000000e-03 -0.000000000000000e+00 
 2.344228815319913e+01 -4.655449682950921e-32  6.789223903903586e-15  1.000000000000000e-03 -0.000000000000000e+00 
 2.398832919019481e+01 -4.445919931813975e-32  6.634682300297501e-15  1.000000000000000e-03 -0.000000000000000e+00 
 2.454708915685020e+01 -4.245820572927272e-32  6.483658493067433e-15  1.000000000000000e-03 -0.000000000000000e+00 
 2.511886431509570e+01 -4.054727168722832e-32  6.336072407391759e-15  1.000000000000000e-03 -0.000000000000000e+00 
 2.570395782768853e+01 -3.872234384469992e-32  6.191845791174316e-15  1.000000000000000e-03 -0.000000000000000e+00 
 2.630267991895371e+01 -3.697955128506122e-32  6.050902173554122e-15  1.000000000000000e-03 -0.000000000000000e+00 
 2.691534803926904e+01 -3.531519731163292e-32  5.913166824359504e-15  9.999999999999998e-04  3.125000000000000e-02 
 2.754228703338154e+01 -3.372575160649360e-32  5.778566714485179e-15  1.000000000000000e-03 -0.000000000000000e+00 
 2.818382931264442e+01 -3.220784274220192e-32  5.647030477171246e-15  1.000000000000000e-03 -0.000000000000000e+00 
 2.884031503126593e+01 -3.075825103054714e-32  5.518488370163594e-15  9.999999999999998e-04 -0.000000000000000e+00 
 2.951209226666373e+01 -2.937390169315871e-32  5.392872238735631e-15  1.000000000000000e-03 -0.000000000000000e+00 
 3.019951720402003e+01 -2.805185833948908e-32  5.270115479551750e-15  1.000000000000000e-03 -0.000000000000000e+00 
 3.090295432513577e+01 -2.678931673833566e-32  5.150153005353352e-15  1.000000000000000e-03 -0.000000000000000e+00 
 3.162277660168365e+01 -2.558359886969051e-32  5.032921210448726e-15  1.000000000000000e-03 -0.000000000000000e+00 
 3.235936569296268e+01 -2.443214724430083e-32  4.918357936988468e-15  1.000000000000000e-03 -0.000000000000000e+00 
 3.311311214825896e+01 -2.333251947889135e-32  4.806402442008564e-15  1.000000000000000e-03 -0.000000000000000e+00 
 3.388441561392010e+01 -2.228238311554198e-32  4.696995365223670e-15  1.000000000000000e-03  3.125000000000000e-02 
 3.467368504525301e+01 -2.127951067423180e-32  4.590078697553503e-15  1.000000000000000e-03 -0.000000000000000e+00 
 3.548133892335738e+01 -2.032177492805540e-32  4.485595750365654e-15  1.000000000000000e-03 -0.000000000000000e+00 
 3.630780547700997e+01 -1.940714439108921e-32  4.383491125418527e-15  1.000000000000000e-03 -0.000000000000000e+00 
 3.715352290971708e+01 -1.853367900933769e-32  4.283710685488460e-15  1.000000000000000e-03 -0.000000000000000e+00 
 3.801893963205595e+01 -1.769952604561859e-32  4.186201525665451e-15  9.999999999999998e-04  3.125000000000000e-02 
 3.890451449942788e+01 -1.690291614965907e-32  4.090911945302282e-15  1.000000000000000e-03 -0.000000000000000e+00 
 3.981071705534954e+01 -1.614215960506641e-32  3.997791420602132e-15  1.000000000000000e-03 -0.000000000000000e+00 
 4.073802778041109e+01 -1.541564274521314e-32  3.906790577830209e-15  1.000000000000000e-03 -0.000000000000000e+00 
 4.168693834703335e+01 -1.472182453043367e-32  3.817861167135139e-15  9.999999999999998e-04  3.125000000000000e-02 
 4.265795188015907e+01 -1.405923327927267e-32  3.730956036966252e-15  1.000000000000000e-03 -0.000000000000000e+00 
 4.365158322401639e+01 -1.342646354685123e-32  3.646029109073203e-15  9.999999999999998e-04  3.125000000000000e-02 
 4.466835921509610e+01 -1.282217314373000e-32  3.563035354074687e-15  1.000000000000000e-03  3.125000000000000e-02 
 4.570881896148729e+01 -1.224508028894533e-32  3.481930767583252e-15  1.000000000000000e-03 -0.000000000000000e+00 
 4.677351412871960e+01 -1.169396089118001e-32  3.402672346873591e-15  1.000000000000000e-03 -0.000000000000000e+00 
 4.786300923226361e+01 -1.116764595230153e-32  3.325218068081933e-15  1.000000000000000e-03 -0.000000000000000e+00 
 4.897788193684438e+01 -1.066501908776027e-32  3.249526863924439e-15  1.000000000000000e-03 -0.000000000000000e+00 
 5.011872336272698e+01 -1.018501415858815e-32  3.175558601922770e-15  1.000000000000000e-03 -0.000000000000000e+00 
 5.128613839913623e+01 -9.726613009975039e-33  3.103274063125327e-15  1.000000000000000e-03 -0.000000000000000e+00 
 5.248074602497700e+01 -9.288843311625807e-33  3.032634921312842e-15  1.000000000000000e-03 -0.000000000000000e+00 
 5.370317963702501e+01 -8.870776495317445e-33  2.963603722677304e-15  1.000000000000000e-03  6.250000000000000e-02 
 5.495408738576219e+01 -8.471525785281379e-33  2.896143865963465e-15  1.000000000000000e-03 -0.000000000000000e+00 
 5.623413251903463e+01 -8.090244317233142e-33  2.830219583062354e-15  1.000000000000000e-03 -0.000000000000000e+00 
 5.754399373371541e+01 -7.726123342059703e-33  2.765795920046568e-15  1.000000000000000e-03 -0.000000000000000e+00 
 5.888436553555861e+01 -7.378390510354173e-33  2.702838718637228e-15  1.000000000000000e-03 -0.000000000000000e+00 
 6.025595860743547e+01 -7.046308234159158e-33  2.641314598092809e-15  1.000000000000000e-03 -0.000000000000000e+00 
 6.165950018614791e+01 -6.729172122443791e-33  2.581190937510230e-15  1.000000000000000e-03 -0.000000000000000e+00 
 6.309573444801901e+01 -6.426309486995950e-33  2.522435858528821e-15  1.000000000000000e-03 -0.000000000000000e+00 
 6.456542290346522e+01 -6.137077915560353e-33  2.465018208427989e-15  1.000000000000000e-03 -0.000000000000000e+00 
 6.606934480075925e+01 -5.860863909196026e-33  2.408907543609640e-15  1.000000000000000e-03 -0.000000000000000e+00 
 6.760829753919782e+01 -5.597081580962814e-33  2.354074113456573e-15  1.000000000000000e-03 -0.000000000000000e+00 
 6.918309709189329e+01 -5.345171413176628e-33  2.300488844558316e-15  1.000000000000000e-03 -0.000000000000000e+00 
 7.079457843841342e+01 -5.104599070597399e-33  2.248123325296012e-15  1.000000000000000e-03 -0.000000000000000e+00 
 7.244359600749863e+01 -4.874854267032428e-33  2.196949790778211e-15  1.000000000000000e-03 -0.000000000000000e+00 
 7.413102413009136e+01 -4.655449682950931e-33  2.146941108119548e-15  1.000000000000000e-03 -0.000000000000000e+00 
 7.585775750291798e+01 -4.445919931813984e-33  2.098070762054536e-15  1.000000000000000e-03  6.250000000000000e-02 
 7.762471166286876e+01 -4.245820572927283e-33  2.050312840878815e-15  1.000000000000000e-03 -0.000000000000000e+00 
 7.943282347242773e+01 -4.054727168722840e-33  2.003642022710427e-15  1.000000000000000e-03 -0.000000000000000e+00 
 8.128305161640949e+01 -3.872234384470000e-33  1.958033562063816e-15  1.000000000000000e-03 -0.000000000000000e+00 
 8.317637711026666e+01 -3.697955128506130e-33  1.913463276729451e-15  1.000000000000000e-03 -0.000000000000000e+00 
 8.511380382023719e+01 -3.531519731163299e-33  1.869907534952088e-15  1.000000000000000e-03 -0.000000000000000e+00 
 8.709635899560760e+01 -3.372575160649366e-33  1.827343242900909e-15  1.000000000000000e-03 -0.000000000000000e+00 
 8.912509381337408e+01 -3.220784274220198e-33  1.785747832424863e-15  1.000000000000000e-03 -0.000000000000000e+00 
 9.120108393559049e+01 -3.075825103054722e-33  1.745099249086736e-15  1.000000000000000e-03 -0.000000000000000e+00 
 9.332543007969861e+01 -2.937390169315876e-33  1.705375940469594e-15  9.999999999999998e-04 -0.000000000000000e+00 
 9.549925860214309e+01 -2.805185833948912e-33  1.666556844749407e-15  9.999999999999998e-04 -0.000000000000000e+00 
 9.772372209558054e+01 -2.678931673833571e-33  1.628621379527796e-15  1.000000000000000e-03 -0.000000000000000e+00 
 9.999999999999946e+01 -2.558359886969057e-33  1.591549430918962e-15  1.000000000000000e-03 -0.000000000000000e+00 
 1.023292992280749e+02 -2.443214724430087e-33  1.555321342885048e-15  9.999999999999998e-04 -0.000000000000000e+00 
 1.047128548050894e+02 -2.333251947889140e-33  1.519917906814244e-15  1.000000000000000e-03 -0.000000000000000e+00 
 1.071519305237600e+02 -2.228238311554204e-33  1.485320351336125e-15  1.000000000000000e-03 -0.000000000000000e+00 
 1.096478196143179e+02 -2.127951067423187e-33  1.451510332368823e-15  1.000000000000000e-03 -0.000000000000000e+00 
 1.122018454301957e+02 -2.032177492805543e-33  1.418469923392753e-15  9.999999999999998e-04  1.250000000000000e-01 
 1.148153621496876e+02 -1.940714439108925e-33  1.386181605945737e-15  9.999999999999998e-04 -0.000000000000000e+00 
 1.174897554939523e+02 -1.853367900933773e-33  1.354628260334474e-15  9.999999999999998e-04  1.250000000000000e-01 
 1.202264434617406e+02 -1.769952604561865e-33  1.323793156557467e-15  1.000000000000000e-03 -0.000000000000000e+00 
 1.230268770812374e+02 -1.690291614965911e-33  1.293659945434539e-15  1.000000000000000e-03 -0.000000000000000e+00 
 1.258925411794160e+02 -1.614215960506645e-33  1.264212649938295e-15  1.000000000000000e-03 -0.000000000000000e+00 
 1.288249551693126e+02 -1.541564274521317e-33  1.235435656722880e-15  1.000000000000000e-03 -0.000000000000000e+00 
 1.318256738556399e+02 -1.472182453043371e-33  1.207313707845584e-15  1.000000000000000e-03 -0.000000000000000e+00 
 1.348962882591645e+02 -1.405923327927271e-33  1.179831892676875e-15  1.000000000000000e-03 -0.000000000000000e+00 
 1.380384264602876e+02 -1.342646354685128e-33  1.152975639994583e-15  1.000000000000000e-03 -0.000000000000000e+00 
 1.412537544622746e+02 -1.282217314373004e-33  1.126730710258054e-15  1.000000000000000e-03 -0.000000000000000e+00 
 1.445439770745919e+02 -1.224508028894536e-33  1.101083188058147e-15  1.000000000000000e-03 -0.000000000000000e+00 
 1.479108388168198e+02 -1.169396089118004e-33  1.076019474739108e-15  1.000000000000000e-03 -0.000000000000000e+00 
 1.513561248436199e+02 -1.116764595230156e-33  1.051526281188377e-15  1.000000000000000e-03 -0.000000000000000e+00 
 1.548816618912472e+02 -1.066501908776029e-33  1.027590620790528e-15  1.000000000000000e-03 -0.000000000000000e+00 
 1.584893192461104e+02 -1.018501415858817e-33  1.004199802541592e-15  1.000000000000000e-03 -0.000000000000000e+00 
 1.621810097358920e+02 -9.726613009975059e-34  9.813414243201189e-16  9.999999999999998e-04 -0.000000000000000e+00 
 1.659586907437551e+02 -9.288843311625827e-34  9.590033663114100e-16  1.000000000000000e-03 -0.000000000000000e+00 
 1.698243652461734e+02 -8.870776495317471e-34  9.371737845814297e-16  1.000000000000000e-03 -0.000000000000000e+00 
 1.737800828749365e+02 -8.471525785281404e-34  9.158411047969964e-16  1.000000000000000e-03 -0.000000000000000e+00 
 1.778279410038912e+02 -8.090244317233163e-34  8.949940160889158e-16  1.000000000000000e-03 -0.000000000000000e+00 
 1.819700858609972e+02 -7.726123342059726e-34  8.746214650548124e-16  1.000000000000000e-03 -0.000000000000000e+00 
 1.862087136662855e+02 -7.378390510354197e-34  8.547126498984645e-16  1.000000000000000e-03 -0.000000000000000e+00 
 1.905460717963235e+02 -7.046308234159177e-34  8.352570147025522e-16  9.999999999999998e-04 -0.000000000000000e+00 
 1.949844599758032e+02 -6.729172122443814e-34  8.162442438317690e-16  1.000000000000000e-03 -0.000000000000000e+00 
 1.995262314968867e+02 -6.426309486995972e-34  7.976642564633350e-16  1.000000000000000e-03 -0.000000000000000e+00 
 2.041737944669516e+02 -6.137077915560370e-34  7.795072012420124e-16  9.999999999999998e-04  2.500000000000000e-01 
 2.089296130854026e+02 -5.860863909196042e-34  7.617634510567862e-16  1.000000000000000e-03 -0.000000000000000e+00 
 2.137962089502218e+02 -5.597081580962832e-34  7.444235979364417e-16  1.000000000000000e-03 -0.000000000000000e+00 
 2.187761623949538e+02 -5.345171413176640e-34  7.274784480613338e-16  1.000000000000000e-03 -0.000000000000000e+00 
 2.238721138568325e+02 -5.104599070597413e-34  7.109190168887040e-16  1.000000000000000e-03 -0.000000000000000e+00 
 2.290867652767758e+02 -4.874854267032444e-34  6.947365243889541e-16  1.000000000000000e-03 -0.000000000000000e+00 
 2.344228815319906e+02 -4.655449682950944e-34  6.789223903903604e-16  1.000000000000000e-03 -0.000000000000000e+00 
 2.398832919019474e+02 -4.445919931813998e-34  6.634682300297517e-16  1.000000000000000e-03 -0.000000000000000e+00 
 2.454708915685014e+02 -4.245820572927295e-34  6.483658493067453e-16  1.000000000000000e-03 -0.000000000000000e+00 
 2.511886431509563e+02 -4.054727168722852e-34  6.336072407391775e-16  1.000000000000000e-03 -0.000000000000000e+00 
 2.570395782768846e+02 -3.872234384470012e-34  6.191845791174332e-16  1.000000000000000e-03 -0.000000000000000e+00 
 2.630267991895364e+02 -3.697955128506140e-34  6.050902173554137e-16  1.000000000000000e-03 -0.000000000000000e+00 
 2.691534803926897e+02 -3.531519731163312e-34  5.913166824359520e-16  1.000000000000000e-03 -0.000000000000000e+00 
 2.754228703338148e+02 -3.372575160649377e-34  5.778566714485193e-16  1.000000000000000e-03 -0.000000000000000e+00 
 2.818382931264435e+02 -3.220784274220207e-34  5.647030477171260e-16  1.000000000000000e-03 -0.000000000000000e+00 
 2.884031503126586e+02 -3.075825103054731e-34  5.518488370163608e-16  1.000000000000000e-03 -0.000000000000000e+00 
 2.951209226666365e+02 -2.937390169315886e-34  5.392872238735644e-16  1.000000000000000e-03  2.500000000000000e-01 
 3.019951720401995e+02 -2.805185833948923e-34  5.270115479551764e-16  1.000000000000000e-03 -0.000000000000000e+00 
 3.090295432513569e+02 -2.678931673833581e-34  5.150153005353366e-16  1.000000000000000e-03 -0.000000000000000e+00 
 3.162277660168357e+02 -2.558359886969065e-34  5.032921210448737e-16  1.000000000000000e-03  2.500000000000000e-01 
 3.235936569296260e+02 -2.443214724430096e-34  4.918357936988480e-16  1.000000000000000e-03  2.500000000000000e-01 
 3.311311214825888e+02 -2.333251947889147e-34  4.806402442008577e-16  1.000000000000000e-03 -0.000000000000000e+00 
 3.388441561392002e+02 -2.228238311554210e-34  4.696995365223685e-16  1.000000000000000e-03 -0.000000000000000e+00 
 3.467368504525292e+02 -2.127951067423192e-34  4.590078697553514e-16  9.999999999999998e-04  2.500000000000000e-01 
 3.548133892335729e+02 -2.032177492805551e-34  4.485595750365666e-16  1.000000000000000e-03 -0.000000000000000e+00 
 3.630780547700987e+02 -1.940714439108931e-34  4.383491125418538e-16  1.000000000000000e-03 -0.000000000000000e+00 
 3.715352290971698e+02 -1.853367900933779e-34  4.283710685488472e-16  1.000000000000000e-03 -0.000000000000000e+00 
 3.801893963205584e+02 -1.769952604561870e-34  4.186201525665464e-16  1.000000000000000e-03 -0.000000000000000e+00 
 3.890451449942777e+02 -1.690291614965916e-34  4.090911945302292e-16  1.000000000000000e-03 -0.000000000000000e+00 
 3.981071705534943e+02 -1.614215960506649e-34  3.997791420602141e-16  1.000000000000000e-03 -0.000000000000000e+00 
 4.073802778041097e+02 -1.541564274521321e-34  3.906790577830220e-16  1.000000000000000e-03 -0.000000000000000e+00 
 4.168693834703323e+02 -1.472182453043375e-34  3.817861167135150e-16  1.000000000000000e-03 -0.000000000000000e+00 
 4.265795188015895e+02 -1.405923327927275e-34  3.730956036966263e-16  1.000000000000000e-03 -0.000000000000000e+00 
 4.365158322401627e+02 -1.342646354685131e-34  3.646029109073215e-16  1.000000000000000e-03 -0.000000000000000e+00 
 4.466835921509598e+02 -1.282217314373008e-34  3.563035354074699e-16  1.000000000000000e-03 -0.000000000000000e+00 
 4.570881896148716e+02 -1.224508028894539e-34  3.481930767583261e-16  1.000000000000000e-03 -0.000000000000000e+00 
 4.677351412871947e+02 -1.169396089118007e-34  3.402672346873599e-16  9.999999999999998e-04  5.000000000000000e-01 
 4.786300923226348e+02 -1.116764595230159e-34  3.325218068081942e-16  1.000000000000000e-03 -0.000000000000000e+00 
 4.897788193684425e+02 -1.066501908776032e-34  3.249526863924448e-16  1.000000000000000e-03 -0.000000000000000e+00 
 5.011872336272685e+02 -1.018501415858821e-34  3.175558601922777e-16  1.000000000000000e-03  5.000000000000000e-01 
 5.128613839913610e+02 -9.726613009975088e-35  3.103274063125335e-16  1.000000000000000e-03 -0.000000000000000e+00 
 5.248074602497686e+02 -9.288843311625854e-35  3.032634921312849e-16  1.000000000000000e-03  5.000000000000000e-01 
 5.370317963702487e+02 -8.870776495317493e-35  2.963603722677312e-16  1.000000000000000e-03  5.000000000000000e-01 
 5.495408738576203e+02 -8.471525785281426e-35  2.896143865963472e-16  1.000000000000000e-03 -0.000000000000000e+00 
 5.623413251903447e+02 -8.090244317233188e-35  2.830219583062362e-16  1.000000000000000e-03 -0.000000000000000e+00 
 5.754399373371524e+02 -7.726123342059750e-35  2.765795920046576e-16  1.000000000000000e-03 -0.000000000000000e+00 
 5.888436553555844e+02 -7.378390510354215e-35  2.702838718637235e-16  9.999999999999998e-04 -0.000000000000000e+00 
 6.025595860743530e+02 -7.046308234159198e-35  2.641314598092817e-16  1.000000000000000e-03 -0.000000000000000e+00 
 6.165950018614773e+02 -6.729172122443828e-35  2.581190937510237e-16  1.000000000000000e-03  5.000000000000000e-01 
 6.309573444801882e+02 -6.426309486995989e-35  2.522435858528829e-16  1.000000000000000e-03 -0.000000000000000e+00 
 6.456542290346504e+02 -6.137077915560385e-35  2.465018208427996e-16  1.000000000000000e-03  5.000000000000000e-01 
 6.606934480075907e+02 -5.860863909196058e-35  2.408907543609648e-16  1.000000000000000e-03 -0.000000000000000e+00 
 6.760829753919763e+02 -5.597081580962849e-35  2.354074113456580e-16  1.000000000000000e-03 -0.000000000000000e+00 
 6.918309709189309e+02 -5.345171413176654e-35  2.300488844558321e-16  9.999999999999998e-04 -0.000000000000000e+00 
 7.079457843841321e+02 -5.104599070597429e-35  2.248123325296019e-16  1.000000000000000e-03 -0.000000000000000e+00 
 7.244359600749841e+02 -4.874854267032457e-35  2.196949790778217e-16  1.000000000000000e-03 -0.000000000000000e+00 
 7.413102413009113e+02 -4.655449682950960e-35  2.146941108119555e-16  1.000000000000000e-03 -0.000000000000000e+00 
 7.585775750291774e+02 -4.445919931814013e-35  2.098070762054543e-16  1.000000000000000e-03 -0.000000000000000e+00 
 7.762471166286851e+02 -4.245820572927310e-35  2.050312840878821e-16  9.999999999999998e-04  1.000000000000000e+00 
 7.943282347242747e+02 -4.054727168722869e-35  2.003642022710433e-16  1.000000000000000e-03 -0.000000000000000e+00 
 8.128305161640923e+02 -3.872234384470026e-35  1.958033562063823e-16  1.000000000000000e-03 -0.000000000000000e+00 
 8.317637711026639e+02 -3.697955128506155e-35  1.913463276729458e-16  1.000000000000000e-03 -0.000000000000000e+00 
 8.511380382023692e+02 -3.531519731163322e-35  1.869907534952094e-16  1.000000000000000e-03 -0.000000000000000e+00 
 8.709635899560732e+02 -3.372575160649388e-35  1.827343242900915e-16  1.000000000000000e-03 -0.000000000000000e+00 
 8.912509381337379e+02 -3.220784274220219e-35  1.785747832424869e-16  1.000000000000000e-03 -0.000000000000000e+00 
 9.120108393559019e+02 -3.075825103054742e-35  1.745099249086742e-16  1.000000000000000e-03 -0.000000000000000e+00 
 9.332543007969830e+02 -2.937390169315897e-35  1.705375940469600e-16  1.000000000000000e-03 -0.000000000000000e+00 
 9.549925860214277e+02 -2.805185833948932e-35  1.666556844749413e-16  1.000000000000000e-03 -0.000000000000000e+00 
 9.772372209558022e+02 -2.678931673833589e-35  1.628621379527801e-16  1.000000000000000e-03 -0.000000000000000e+00 
 9.999999999999912e+02 -2.558359886969074e-35  1.591549430918967e-16  1.000000000000000e-03 -0.000000000000000e+00 
 1.023292992280745e+03 -2.443214724430106e-35  1.555321342885054e-16  1.000000000000000e-03 -0.000000000000000e+00 
 1.047128548050890e+03 -2.333251947889156e-35  1.519917906814250e-16  1.000000000000000e-03 -0.000000000000000e+00 
 1.071519305237597e+03 -2.228238311554218e-35  1.485320351336130e-16  1.000000000000000e-03 -0.000000000000000e+00 
 1.096478196143175e+03 -2.127951067423201e-35  1.451510332368828e-16  1.000000000000000e-03 -0.000000000000000e+00 
 1.122018454301953e+03 -2.032177492805558e-35  1.418469923392759e-16  1.000000000000000e-03 -0.000000000000000e+00 
 1.148153621496872e+03 -1.940714439108938e-35  1.386181605945741e-16  9.999999999999998e-04  1.000000000000000e+00 
 1.174897554939519e+03 -1.853367900933785e-35  1.354628260334479e-16  1.000000000000000e-03 -0.000000000000000e+00 
 1.202264434617402e+03 -1.769952604561876e-35  1.323793156557471e-16  1.000000000000000e-03 -0.000000000000000e+00 
 1.230268770812370e+03 -1.690291614965922e-35  1.293659945434543e-16  1.000000000000000e-03 -0.000000000000000e+00 
 1.258925411794156e+03 -1.614215960506656e-35  1.264212649938298e-16  1.000000000000000e-03  1.000000000000000e+00 
 1.288249551693122e+03 -1.541564274521327e-35  1.235435656722884e-16  1.000000000000000e-03 -0.000000000000000e+00 
 1.318256738556395e+03 -1.472182453043381e-35  1.207313707845588e-16  1.000000000000000e-03 -0.000000000000000e+00 
 1.348962882591641e+03 -1.405923327927279e-35  1.179831892676878e-16  9.999999999999998e-04 -0.000000000000000e+00 
 1.380384264602872e+03 -1.342646354685137e-35  1.152975639994587e-16  1.000000000000000e-03 -0.000000000000000e+00 
 1.412537544622741e+03 -1.282217314373013e-35  1.126730710258057e-16  1.000000000000000e-03 -0.000000000000000e+00 
 1.445439770745914e+03 -1.224508028894544e-35  1.101083188058151e-16  1.000000000000000e-03 -0.000000000000000e+00 
 1.479108388168193e+03 -1.169396089118012e-35  1.076019474739112e-16  1.000000000000000e-03 -0.000000000000000e+00 
 1.513561248436194e+03 -1.116764595230164e-35  1.051526281188381e-16  1.000000000000000e-03 -0.000000000000000e+00 
 1.548816618912467e+03 -1.066501908776037e-35  1.027590620790531e-16  1.000000000000000e-03 -0.000000000000000e+00 
 1.584893192461099e+03 -1.018501415858824e-35  1.004199802541595e-16  1.000000000000000e-03 -0.000000000000000e+00 
 1.621810097358915e+03 -9.726613009975129e-36  9.813414243201223e-17  1.000000000000000e-03 -0.000000000000000e+00 
 1.659586907437545e+03 -9.288843311625890e-36  9.590033663114132e-17  1.000000000000000e-03 -0.000000000000000e+00 
 1.698243652461728e+03 -8.870776495317527e-36  9.371737845814327e-17  1.000000000000000e-03  2.000000000000000e+00 
 1.737800828749359e+03 -8.471525785281458e-36  9.158411047969992e-17  9.999999999999998e-04 -0.000000000000000e+00 
 1.778279410038906e+03 -8.090244317233218e-36  8.949940160889191e-17  1.000000000000000e-03 -0.000000000000000e+00 
 1.819700858609966e+03 -7.726123342059778e-36  8.746214650548154e-17  1.000000000000000e-03 -0.000000000000000e+00 
 1.862087136662849e+03 -7.378390510354248e-36  8.547126498984674e-17  1.000000000000000e-03 -0.000000000000000e+00 
 1.905460717963228e+03 -7.046308234159226e-36  8.352570147025551e-17  1.000000000000000e-03 -0.000000000000000e+00 
 1.949844599758026e+03 -6.729172122443856e-36  8.162442438317716e-17  1.000000000000000e-03 -0.000000000000000e+00 
 1.995262314968860e+03 -6.426309486996014e-36  7.976642564633374e-17  1.000000000000000e-03  2.000000000000000e+00 
 2.041737944669509e+03 -6.137077915560410e-36  7.795072012420151e-17  1.000000000000000e-03 -0.000000000000000e+00 
 2.089296130854019e+03 -5.860863909196080e-36  7.617634510567887e-17  1.000000000000000e-03 -0.000000000000000e+00 
 2.137962089502211e+03 -5.597081580962869e-36  7.444235979364440e-17  1.000000000000000e-03 -0.000000000000000e+00 
 2.187761623949531e+03 -5.345171413176676e-36  7.274784480613363e-17  1.000000000000000e-03 -0.000000000000000e+00 
 2.238721138568317e+03 -5.104599070597448e-36  7.109190168887064e-17  1.000000000000000e-03 -0.000000000000000e+00 
 2.290867652767750e+03 -4.874854267032478e-36  6.947365243889565e-17  1.000000000000000e-03 -0.000000000000000e+00 
 2.344228815319898e+03 -4.655449682950979e-36  6.789223903903629e-17  1.000000000000000e-03 -0.000000000000000e+00 
 2.398832919019466e+03 -4.445919931814028e-36  6.634682300297541e-17  1.000000000000000e-03 -0.000000000000000e+00 
 2.454708915685005e+03 -4.245820572927326e-36  6.483658493067474e-17  1.000000000000000e-03 -0.000000000000000e+00 
 2.511886431509554e+03 -4.054727168722881e-36  6.336072407391796e-17  1.000000000000000e-03  2.000000000000000e+00 
 2.570395782768837e+03 -3.872234384470041e-36  6.191845791174356e-17  1.000000000000000e-03 -0.000000000000000e+00 
 2.630267991895354e+03 -3.697955128506170e-36  6.050902173554162e-17  1.000000000000000e-03 -0.000000000000000e+00 
 2.691534803926887e+03 -3.531519731163336e-36  5.913166824359541e-17  1.000000000000000e-03 -0.000000000000000e+00 
 2.754228703338138e+03 -3.372575160649403e-36  5.778566714485216e-17  1.000000000000000e-03 -0.000000000000000e+00 
 2.818382931264424e+03 -3.220784274220231e-36  5.647030477171279e-17  1.000000000000000e-03  2.000000000000000e+00 
 2.884031503126575e+03 -3.075825103054753e-36  5.518488370163628e-17  1.000000000000000e-03 -0.000000000000000e+00 
 2.951209226666354e+03 -2.937390169315909e-36  5.392872238735665e-17  1.000000000000000e-03 -0.000000000000000e+00 
 3.019951720401984e+03 -2.805185833948944e-36  5.270115479551783e-17  1.000000000000000e-03 -0.000000000000000e+00 
 3.090295432513557e+03 -2.678931673833600e-36  5.150153005353385e-17  1.000000000000000e-03 -0.000000000000000e+00 
 3.162277660168345e+03 -2.558359886969084e-36  5.032921210448758e-17  1.000000000000000e-03 -0.000000000000000e+00 
 3.235936569296248e+03 -2.443214724430114e-36  4.918357936988498e-17  1.000000000000000e-03 -0.000000000000000e+00 
 3.311311214825875e+03 -2.333251947889165e-36  4.806402442008595e-17  9.999999999999998e-04 -0.000000000000000e+00 
 3.388441561391989e+03 -2.228238311554226e-36  4.696995365223701e-17  9.999999999999998e-04 -0.000000000000000e+00 
 3.467368504525279e+03 -2.127951067423209e-36  4.590078697553532e-17  1.000000000000000e-03 -0.000000000000000e+00 
 3.548133892335716e+03 -2.032177492805565e-36  4.485595750365682e-17  9.999999999999998e-04 -0.000000000000000e+00 
 3.630780547700973e+03 -1.940714439108946e-36  4.383491125418555e-17  1.000000000000000e-03 -0.000000000000000e+00 
 3.715352290971684e+03 -1.853367900933793e-36  4.283710685488487e-17  1.000000000000000e-03 -0.000000000000000e+00 
 3.801893963205570e+03 -1.769952604561884e-36  4.186201525665480e-17  1.000000000000000e-03 -0.000000000000000e+00 
 3.890451449942763e+03 -1.690291614965929e-36  4.090911945302308e-17  1.000000000000000e-03  4.000000000000000e+00 
 3.981071705534928e+03 -1.614215960506662e-36  3.997791420602156e-17  1.000000000000000e-03  4.000000000000000e+00 
 4.073802778041082e+03 -1.541564274521333e-36  3.906790577830235e-17  1.000000000000000e-03 -0.000000000000000e+00 
 4.168693834703307e+03 -1.472182453043387e-36  3.817861167135165e-17  1.000000000000000e-03 -0.000000000000000e+00 
 4.265795188015879e+03 -1.405923327927286e-36  3.730956036966277e-17  1.000000000000000e-03 -0.000000000000000e+00 
 4.365158322401610e+03 -1.342646354685142e-36  3.646029109073229e-17  1.000000000000000e-03 -0.000000000000000e+00 
 4.466835921509581e+03 -1.282217314373018e-36  3.563035354074713e-17  1.000000000000000e-03 -0.000000000000000e+00 
 4.570881896148699e+03 -1.224508028894549e-36  3.481930767583276e-17  1.000000000000000e-03 -0.000000000000000e+00 
 4.677351412871929e+03 -1.169396089118016e-36  3.402672346873612e-17  1.000000000000000e-03 -0.000000000000000e+00 
 4.786300923226329e+03 -1.116764595230168e-36  3.325218068081956e-17  1.000000000000000e-03 -0.000000000000000e+00 
 4.897788193684407e+03 -1.066501908776040e-36  3.249526863924459e-17  1.000000000000000e-03 -0.000000000000000e+00 
 5.011872336272666e+03 -1.018501415858829e-36  3.175558601922790e-17  1.000000000000000e-03 -0.000000000000000e+00 
 5.128613839913590e+03 -9.726613009975169e-37  3.103274063125347e-17  1.000000000000000e-03 -0.000000000000000e+00 
 5.248074602497666e+03 -9.288843311625929e-37  3.032634921312862e-17  1.000000000000000e-03 -0.000000000000000e+00 
 5.370317963702466e+03 -8.870776495317562e-37  2.963603722677324e-17  1.000000000000000e-03 -0.000000000000000e+00 
 5.495408738576182e+03 -8.471525785281488e-37  2.896143865963482e-17  1.000000000000000e-03 -0.000000000000000e+00 
 5.623413251903426e+03 -8.090244317233247e-37  2.830219583062372e-17  1.000000000000000e-03 -0.000000000000000e+00 
 5.754399373371502e+03 -7.726123342059807e-37  2.765795920046587e-17  1.000000000000000e-03 -0.000000000000000e+00 
 5.888436553555821e+03 -7.378390510354273e-37  2.702838718637245e-17  1.000000000000000e-03 -0.000000000000000e+00 
 6.025595860743507e+03 -7.046308234159256e-37  2.641314598092827e-17  1.000000000000000e-03 -0.000000000000000e+00 
 6.165950018614749e+03 -6.729172122443881e-37  2.581190937510248e-17  9.999999999999998e-04 -0.000000000000000e+00 
 6.309573444801857e+03 -6.426309486996038e-37  2.522435858528838e-17  1.000000000000000e-03 -0.000000000000000e+00 
 6.456542290346478e+03 -6.137077915560437e-37  2.465018208428007e-17  1.000000000000000e-03 -0.000000000000000e+00 
 6.606934480075881e+03 -5.860863909196102e-37  2.408907543609656e-17  1.000000000000000e-03 -0.000000000000000e+00 
 6.760829753919737e+03 -5.597081580962891e-37  2.354074113456589e-17  1.000000000000000e-03 -0.000000000000000e+00 
 6.918309709189281e+03 -5.345171413176699e-37  2.300488844558331e-17  9.999999999999998e-04 -0.000000000000000e+00 
 7.079457843841294e+03 -5.104599070597468e-37  2.248123325296027e-17  1.000000000000000e-03 -0.000000000000000e+00 
 7.244359600749813e+03 -4.874854267032497e-37  2.196949790778226e-17  1.000000000000000e-03 -0.000000000000000e+00 
 7.413102413009085e+03 -4.655449682950996e-37  2.146941108119563e-17  1.000000000000000e-03 -0.000000000000000e+00 
 7.585775750291745e+03 -4.445919931814047e-37  2.098070762054551e-17  1.000000000000000e-03 -0.000000000000000e+00 
 7.762471166286822e+03 -4.245820572927343e-37  2.050312840878830e-17  1.000000000000000e-03 -0.000000000000000e+00 
 7.943282347242717e+03 -4.054727168722897e-37  2.003642022710441e-17  1.000000000000000e-03 -0.000000000000000e+00 
 8.128305161640892e+03 -3.872234384470054e-37  1.958033562063830e-17  9.999999999999998e-04 -0.000000000000000e+00 
 8.317637711026608e+03 -3.697955128506182e-37  1.913463276729464e-17  1.000000000000000e-03 -0.000000000000000e+00 
 8.511380382023659e+03 -3.531519731163352e-37  1.869907534952101e-17  1.000000000000000e-03 -0.000000000000000e+00 
 8.709635899560699e+03 -3.372575160649415e-37  1.827343242900922e-17  1.000000000000000e-03 -0.000000000000000e+00 
 8.912509381337344e+03 -3.220784274220243e-37  1.785747832424875e-17  9.999999999999998e-04  8.000000000000000e+00 
 9.120108393558983e+03 -3.075825103054765e-37  1.745099249086749e-17  1.000000000000000e-03 -0.000000000000000e+00 
 9.332543007969793e+03 -2.937390169315920e-37  1.705375940469606e-17  1.000000000000000e-03 -0.000000000000000e+00 
 9.549925860214238e+03 -2.805185833948955e-37  1.666556844749420e-17  1.000000000000000e-03 -0.000000000000000e+00 
 9.772372209557981e+03 -2.678931673833612e-37  1.628621379527809e-17  1.000000000000000e-03 -0.000000000000000e+00 
 9.999999999999871e+03 -2.558359886969095e-37  1.591549430918974e-17  1.000000000000000e-03 -0.000000000000000e+00 
 1.023292992280741e+04 -2.443214724430125e-37  1.555321342885060e-17  1.000000000000000e-03 -0.000000000000000e+00 
 1.047128548050886e+04 -2.333251947889175e-37  1.519917906814256e-17  1.000000000000000e-03 -0.000000000000000e+00 
 1.071519305237592e+04 -2.228238311554237e-37  1.485320351336137e-17  1.000000000000000e-03 -0.000000000000000e+00 
 1.096478196143171e+04 -2.127951067423218e-37  1.451510332368834e-17  1.000000000000000e-03  8.000000000000000e+00 
 1.122018454301949e+04 -2.032177492805574e-37  1.418469923392764e-17  1.000000000000000e-03  8.000000000000000e+00 
 1.148153621496868e+04 -1.940714439108954e-37  1.386181605945747e-17  1.000000000000000e-03 -0.000000000000000e+00 
 1.174897554939514e+04 -1.853367900933800e-37  1.354628260334484e-17  1.000000000000000e-03 -0.000000000000000e+00 
 1.202264434617397e+04 -1.769952604561890e-37  1.323793156557476e-17  1.000000000000000e-03 -0.000000000000000e+00 
 1.230268770812365e+04 -1.690291614965936e-37  1.293659945434548e-17  1.000000000000000e-03 -0.000000000000000e+00 
 1.258925411794151e+04 -1.614215960506669e-37  1.264212649938304e-17  1.000000000000000e-03 -0.000000000000000e+00 
 1.288249551693117e+04 -1.541564274521340e-37  1.235435656722889e-17  1.000000000000000e-03 -0.000000000000000e+00 
 1.318256738556390e+04 -1.472182453043393e-37  1.207313707845593e-17  1.000000000000000e-03  1.600000000000000e+01 
 1.348962882591636e+04 -1.405923327927291e-37  1.179831892676883e-17  1.000000000000000e-03 -0.000000000000000e+00 
 1.380384264602866e+04 -1.342646354685147e-37  1.152975639994591e-17  1.000000000000000e-03 -0.000000000000000e+00 
 1.412537544622735e+04 -1.282217314373023e-37  1.126730710258062e-17  1.000000000000000e-03 -0.000000000000000e+00 
 1.445439770745908e+04 -1.224508028894554e-37  1.101083188058155e-17  1.000000000000000e-03 -0.000000000000000e+00 
 1.479108388168187e+04 -1.169396089118021e-37  1.076019474739116e-17  1.000000000000000e-03 -0.000000000000000e+00 
 1.513561248436188e+04 -1.116764595230173e-37  1.051526281188385e-17  1.000000000000000e-03 -0.000000000000000e+00 
 1.548816618912460e+04 -1.066501908776045e-37  1.027590620790536e-17  9.999999999999998e-04 -0.000000000000000e+00 
 1.584893192461092e+04 -1.018501415858833e-37  1.004199802541599e-17  1.000000000000000e-03 -0.000000000000000e+00 
 1.621810097358908e+04 -9.726613009975209e-38  9.813414243201264e-18  1.000000000000000e-03 -0.000000000000000e+00 
 1.659586907437538e+04 -9.288843311625964e-38  9.590033663114170e-18  1.000000000000000e-03  1.600000000000000e+01 
 1.698243652461721e+04 -8.870776495317607e-38  9.371737845814370e-18  1.000000000000000e-03 -0.000000000000000e+00 
 1.737800828749351e+04 -8.471525785281526e-38  9.158411047970026e-18  9.999999999999998e-04  1.600000000000000e+01 
 1.778279410038898e+04 -8.090244317233284e-38  8.949940160889226e-18  1.000000000000000e-03 -0.000000000000000e+00 
 1.819700858609958e+04 -7.726123342059842e-38  8.746214650548189e-18  1.000000000000000e-03 -0.000000000000000e+00 
 1.862087136662842e+04 -7.378390510354311e-38  8.547126498984710e-18  1.000000000000000e-03 -0.000000000000000e+00 
 1.905460717963221e+04 -7.046308234159284e-38  8.352570147025583e-18  1.000000000000000e-03 -0.000000000000000e+00 
 1.949844599758018e+04 -6.729172122443910e-38  8.162442438317746e-18  1.000000000000000e-03  1.600000000000000e+01 
 1.995262314968852e+04 -6.426309486996067e-38  7.976642564633406e-18  1.000000000000000e-03  1.600000000000000e+01 
 2.041737944669501e+04 -6.137077915560464e-38  7.795072012420184e-18  1.000000000000000e-03 -0.000000000000000e+00 
 2.089296130854010e+04 -5.860863909196130e-38  7.617634510567919e-18  1.000000000000000e-03 -0.000000000000000e+00 
 2.137962089502202e+04 -5.597081580962914e-38  7.444235979364471e-18  1.000000000000000e-03 -0.000000000000000e+00 
 2.187761623949522e+04 -5.345171413176720e-38  7.274784480613392e-18  9.999999999999998e-04  1.600000000000000e+01 
 2.238721138568308e+04 -5.104599070597491e-38  7.109190168887093e-18  1.000000000000000e-03 -0.000000000000000e+00 
 2.290867652767740e+04 -4.874854267032515e-38  6.947365243889594e-18  1.000000000000000e-03 -0.000000000000000e+00 
 2.344228815319889e+04 -4.655449682951016e-38  6.789223903903655e-18  1.000000000000000e-03 -0.000000000000000e+00 
 2.398832919019456e+04 -4.445919931814065e-38  6.634682300297568e-18  1.000000000000000e-03 -0.000000000000000e+00 
 2.454708915684995e+04 -4.245820572927360e-38  6.483658493067501e-18  1.000000000000000e-03 -0.000000000000000e+00 
 2.511886431509544e+04 -4.054727168722915e-38  6.336072407391824e-18  1.000000000000000e-03 -0.000000000000000e+00 
 2.570395782768826e+04 -3.872234384470073e-38  6.191845791174381e-18  1.000000000000000e-03 -0.000000000000000e+00 
 2.630267991895344e+04 -3.697955128506198e-38  6.050902173554184e-18  1.000000000000000e-03 -0.000000000000000e+00 
 2.691534803926876e+04 -3.531519731163366e-38  5.913166824359567e-18  1.000000000000000e-03 -0.000000000000000e+00 
 2.754228703338126e+04 -3.372575160649430e-38  5.778566714485238e-18  1.000000000000000e-03 -0.000000000000000e+00 
 2.818382931264412e+04 -3.220784274220258e-38  5.647030477171303e-18  1.000000000000000e-03  3.200000000000000e+01 
 2.884031503126564e+04 -3.075825103054778e-38  5.518488370163651e-18  1.000000000000000e-03 -0.000000000000000e+00 
 2.951209226666342e+04 -2.937390169315932e-38  5.392872238735686e-18  1.000000000000000e-03  3.200000000000000e+01 
 3.019951720401971e+04 -2.805185833948966e-38  5.270115479551804e-18  9.999999999999998e-04 -0.000000000000000e+00 
 3.090295432513544e+04 -2.678931673833623e-38  5.150153005353406e-18  1.000000000000000e-03 -0.000000000000000e+00 
 3.162277660168332e+04 -2.558359886969105e-38  5.032921210448778e-18  1.000000000000000e-03  3.200000000000000e+01 
 3.235936569296234e+04 -2.443214724430134e-38  4.918357936988518e-18  1.000000000000000e-03  3.200000000000000e+01 
 3.311311214825861e+04 -2.333251947889185e-38  4.806402442008616e-18  1.000000000000000e-03 -0.000000000000000e+00 
 3.388441561391974e+04 -2.228238311554246e-38  4.696995365223721e-18  1.000000000000000e-03  3.200000000000000e+01 
 3.467368504525264e+04 -2.127951067423226e-38  4.590078697553551e-18  1.000000000000000e-03  3.200000000000000e+01 
 3.548133892335701e+04 -2.032177492805582e-38  4.485595750365698e-18  1.000000000000000e-03  3.200000000000000e+01 
 3.630780547700958e+04 -1.940714439108961e-38  4.383491125418571e-18  1.000000000000000e-03  3.200000000000000e+01 
 3.715352290971669e+04 -1.853367900933808e-38  4.283710685488504e-18  1.000000000000000e-03  3.200000000000000e+01 
 3.801893963205554e+04 -1.769952604561898e-38  4.186201525665497e-18  1.000000000000000e-03 -0.000000000000000e+00 
 3.890451449942747e+04 -1.690291614965943e-38  4.090911945302324e-18  1.000000000000000e-03  3.200000000000000e+01 
 3.981071705534912e+04 -1.614215960506676e-38  3.997791420602174e-18  1.000000000000000e-03 -0.000000000000000e+00 
 4.073802778041065e+04 -1.541564274521346e-38  3.906790577830251e-18  1.000000000000000e-03 -0.000000000000000e+00 
 4.168693834703290e+04 -1.472182453043399e-38  3.817861167135180e-18  1.000000000000000e-03 -0.000000000000000e+00 
 4.265795188015862e+04 -1.405923327927297e-38  3.730956036966291e-18  1.000000000000000e-03 -0.000000000000000e+00 
 4.365158322401593e+04 -1.342646354685152e-38  3.646029109073244e-18  1.000000000000000e-03 -0.000000000000000e+00 
 4.466835921509562e+04 -1.282217314373028e-38  3.563035354074727e-18  1.000000000000000e-03 -0.000000000000000e+00 
 4.570881896148680e+04 -1.224508028894559e-38  3.481930767583290e-18  1.000000000000000e-03 -0.000000000000000e+00 
 4.677351412871909e+04 -1.169396089118026e-38  3.402672346873627e-18  1.000000000000000e-03 -0.000000000000000e+00 
 4.786300923226309e+04 -1.116764595230177e-38  3.325218068081970e-18  1.000000000000000e-03 -0.000000000000000e+00 
 4.897788193684386e+04 -1.066501908776050e-38  3.249526863924474e-18  1.000000000000000e-03 -0.000000000000000e+00 
 5.011872336272644e+04 -1.018501415858837e-38  3.175558601922803e-18  1.000000000000000e-03 -0.000000000000000e+00 
 5.128613839913568e+04 -9.726613009975249e-39  3.103274063125360e-18  1.000000000000000e-03 -0.000000000000000e+00 
 5.248074602497643e+04 -9.288843311626008e-39  3.032634921312874e-18  1.000000000000000e-03 -0.000000000000000e+00 
 5.370317963702443e+04 -8.870776495317641e-39  2.963603722677337e-18  1.000000000000000e-03 -0.000000000000000e+00 
 5.495408738576159e+04 -8.471525785281561e-39  2.896143865963496e-18  1.000000000000000e-03 -0.000000000000000e+00 
 5.623413251903402e+04 -8.090244317233318e-39  2.830219583062385e-18  1.000000000000000e-03 -0.000000000000000e+00 
 5.754399373371479e+04 -7.726123342059870e-39  2.765795920046598e-18  1.000000000000000e-03 -0.000000000000000e+00 
 5.888436553555797e+04 -7.378390510354337e-39  2.702838718637257e-18  1.000000000000000e-03 -0.000000000000000e+00 
 6.025595860743483e+04 -7.046308234159310e-39  2.641314598092837e-18  1.000000000000000e-03 -0.000000000000000e+00 
 6.165950018614724e+04 -6.729172122443937e-39  2.581190937510258e-18  1.000000000000000e-03 -0.000000000000000e+00 
 6.309573444801832e+04 -6.426309486996090e-39  2.522435858528848e-18  1.000000000000000e-03 -0.000000000000000e+00 
 6.456542290346453e+04 -6.137077915560484e-39  2.465018208428016e-18  1.000000000000000e-03 -0.000000000000000e+00 
 6.606934480075855e+04 -5.860863909196150e-39  2.408907543609666e-18  1.000000000000000e-03 -0.000000000000000e+00 
 6.760829753919710e+04 -5.597081580962935e-39  2.354074113456599e-18  1.000000000000000e-03 -0.000000000000000e+00 
 6.918309709189254e+04 -5.345171413176740e-39  2.300488844558340e-18  1.000000000000000e-03 -0.000000000000000e+00 
 7.079457843841266e+04 -5.104599070597511e-39  2.248123325296036e-18  1.000000000000000e-03 -0.000000000000000e+00 
 7.244359600749785e+04 -4.874854267032534e-39  2.196949790778235e-18  1.000000000000000e-03 -0.000000000000000e+00 
 7.413102413009056e+04 -4.655449682951032e-39  2.146941108119572e-18  1.000000000000000e-03 -0.000000000000000e+00 
 7.585775750291716e+04 -4.445919931814079e-39  2.098070762054558e-18  1.000000000000000e-03  6.400000000000000e+01 
 7.762471166286792e+04 -4.245820572927376e-39  2.050312840878838e-18  1.000000000000000e-03 -0.000000000000000e+00 
 7.943282347242687e+04 -4.054727168722928e-39  2.003642022710448e-18  1.000000000000000e-03 -0.000000000000000e+00 
 8.128305161640861e+04 -3.872234384470084e-39  1.958033562063838e-18  1.000000000000000e-03 -0.000000000000000e+00 
 8.317637711026576e+04 -3.697955128506209e-39  1.913463276729471e-18  1.000000000000000e-03 -0.000000000000000e+00 
 8.511380382023628e+04 -3.531519731163376e-39  1.869907534952107e-18  1.000000000000000e-03  6.400000000000000e+01 
 8.709635899560666e+04 -3.372575160649440e-39  1.827343242900929e-18  1.000000000000000e-03 -0.000000000000000e+00 
 8.912509381337311e+04 -3.220784274220269e-39  1.785747832424883e-18  1.000000000000000e-03 -0.000000000000000e+00 
 9.120108393558950e+04 -3.075825103054788e-39  1.745099249086755e-18  1.000000000000000e-03 -0.000000000000000e+00 
 9.332543007969759e+04 -2.937390169315942e-39  1.705375940469613e-18  1.000000000000000e-03 -0.000000000000000e+00 
 9.549925860214204e+04 -2.805185833948976e-39  1.666556844749426e-18  1.000000000000000e-03 -0.000000000000000e+00 
 9.772372209557948e+04 -2.678931673833630e-39  1.628621379527814e-18  1.000000000000000e-03 -0.000000000000000e+00 
 9.999999999999837e+04 -2.558359886969113e-39  1.591549430918980e-18  1.000000000000000e-03 -0.000000000000000e+00 
 1.023292992280737e+05 -2.443214724430142e-39  1.555321342885065e-18  1.000000000000000e-03 -0.000000000000000e+00 
 1.047128548050882e+05 -2.333251947889191e-39  1.519917906814261e-18  1.000000000000000e-03 -0.000000000000000e+00 
 1.071519305237589e+05 -2.228238311554251e-39  1.485320351336141e-18  1.000000000000000e-03 -0.000000000000000e+00 
 1.096478196143167e+05 -2.127951067423233e-39  1.451510332368839e-18  1.000000000000000e-03 -0.000000000000000e+00 
 1.122018454301945e+05 -2.032177492805588e-39  1.418469923392769e-18  1.000000000000000e-03 -0.000000000000000e+00 
 1.148153621496864e+05 -1.940714439108967e-39  1.386181605945752e-18  1.000000000000000e-03 -0.000000000000000e+00 
 1.174897554939510e+05 -1.853367900933812e-39  1.354628260334489e-18  1.000000000000000e-03 -0.000000000000000e+00 
 1.202264434617393e+05 -1.769952604561903e-39  1.323793156557480e-18  1.000000000000000e-03 -0.000000000000000e+00 
 1.230268770812361e+05 -1.690291614965947e-39  1.293659945434553e-18  1.000000000000000e-03 -0.000000000000000e+00 
 1.258925411794146e+05 -1.614215960506679e-39  1.264212649938308e-18  1.000000000000000e-03 -0.000000000000000e+00 
 1.288249551693113e+05 -1.541564274521350e-39  1.235435656722893e-18  1.000000000000000e-03 -0.000000000000000e+00 
 1.318256738556385e+05 -1.472182453043402e-39  1.207313707845597e-18  1.000000000000000e-03 -0.000000000000000e+00 
 1.348962882591631e+05 -1.405923327927301e-39  1.179831892676887e-18  1.000000000000000e-03 -0.000000000000000e+00 
 1.380384264602862e+05 -1.342646354685156e-39  1.152975639994595e-18  1.000000000000000e-03 -0.000000000000000e+00 
 1.412537544622731e+05 -1.282217314373031e-39  1.126730710258065e-18  1.000000000000000e-03 -0.000000000000000e+00 
 1.445439770745904e+05 -1.224508028894561e-39  1.101083188058158e-18  9.999999999999998e-04  1.280000000000000e+02 
 1.479108388168183e+05 -1.169396089118029e-39  1.076019474739119e-18  1.000000000000000e-03 -0.000000000000000e+00 
 1.513561248436183e+05 -1.116764595230179e-39  1.051526281188388e-18  1.000000000000000e-03  1.280000000000000e+02 
 1.548816618912456e+05 -1.066501908776051e-39  1.027590620790539e-18  1.000000000000000e-03 -0.000000000000000e+00 
 1.584893192461087e+05 -1.018501415858839e-39  1.004199802541602e-18  1.000000000000000e-03  1.280000000000000e+02 
 1.621810097358903e+05 -9.726613009975270e-40  9.813414243201296e-19  1.000000000000000e-03 -0.000000000000000e+00 
 1.659586907437533e+05 -9.288843311626019e-40  9.590033663114197e-19  9.999999999999998e-04  1.280000000000000e+02 
 1.698243652461716e+05 -8.870776495317657e-40  9.371737845814398e-19  1.000000000000000e-03 -0.000000000000000e+00 
 1.737800828749346e+05 -8.471525785281581e-40  9.158411047970058e-19  1.000000000000000e-03 -0.000000000000000e+00 
 1.778279410038893e+05 -8.090244317233334e-40  8.949940160889253e-19  1.000000000000000e-03 -0.000000000000000e+00 
 1.819700858609953e+05 -7.726123342059884e-40  8.746214650548209e-19  1.000000000000000e-03  1.280000000000000e+02 
 1.862087136662836e+05 -7.378390510354354e-40  8.547126498984734e-19  1.000000000000000e-03 -0.000000000000000e+00 
 1.905460717963215e+05 -7.046308234159324e-40  8.352570147025609e-19  1.000000000000000e-03 -0.000000000000000e+00 
 1.949844599758012e+05 -6.729172122443950e-40  8.162442438317772e-19  1.000000000000000e-03 -0.000000000000000e+00 
 1.995262314968846e+05 -6.426309486996103e-40  7.976642564633432e-19  1.000000000000000e-03 -0.000000000000000e+00 
 2.041737944669495e+05 -6.137077915560497e-40  7.795072012420206e-19  1.000000000000000e-03 -0.000000000000000e+00 
 2.089296130854004e+05 -5.860863909196164e-40  7.617634510567941e-19  1.000000000000000e-03 -0.000000000000000e+00 
 2.137962089502196e+05 -5.597081580962947e-40  7.444235979364492e-19  1.000000000000000e-03 -0.000000000000000e+00 
 2.187761623949515e+05 -5.345171413176755e-40  7.274784480613416e-19  1.000000000000000e-03 -0.000000000000000e+00 
 2.238721138568301e+05 -5.104599070597522e-40  7.109190168887115e-19  1.000000000000000e-03 -0.000000000000000e+00 
 2.290867652767734e+05 -4.874854267032545e-40  6.947365243889614e-19  1.000000000000000e-03 -0.000000000000000e+00 
 2.344228815319882e+05 -4.655449682951042e-40  6.789223903903673e-19  1.000000000000000e-03 -0.000000000000000e+00 
 2.398832919019449e+05 -4.445919931814089e-40  6.634682300297586e-19  9.999999999999998e-04 -0.000000000000000e+00 
 2.454708915684988e+05 -4.245820572927383e-40  6.483658493067517e-19  9.999999999999998e-04  2.560000000000000e+02 
 2.511886431509537e+05 -4.054727168722938e-40  6.336072407391841e-19  1.000000000000000e-03 -0.000000000000000e+00 
 2.570395782768819e+05 -3.872234384470094e-40  6.191845791174398e-19  1.000000000000000e-03 -0.000000000000000e+00 
 2.630267991895336e+05 -3.697955128506219e-40  6.050902173554201e-19  1.000000000000000e-03 -0.000000000000000e+00 
 2.691534803926869e+05 -3.531519731163385e-40  5.913166824359582e-19  1.000000000000000e-03 -0.000000000000000e+00 
 2.754228703338119e+05 -3.372575160649449e-40  5.778566714485255e-19  1.000000000000000e-03 -0.000000000000000e+00 
 2.818382931264405e+05 -3.220784274220276e-40  5.647030477171320e-19  1.000000000000000e-03 -0.000000000000000e+00 
 2.884031503126556e+05 -3.075825103054794e-40  5.518488370163665e-19  1.000000000000000e-03 -0.000000000000000e+00 
 2.951209226666334e+05 -2.937390169315948e-40  5.392872238735699e-19  1.000000000000000e-03  2.560000000000000e+02 
 3.019951720401964e+05 -2.805185833948981e-40  5.270115479551817e-19  1.000000000000000e-03  2.560000000000000e+02 
 3.090295432513537e+05 -2.678931673833637e-40  5.150153005353419e-19  1.000000000000000e-03 -0.000000000000000e+00 
 3.162277660168324e+05 -2.558359886969118e-40  5.032921210448791e-19  1.000000000000000e-03 -0.000000000000000e+00 
 3.235936569296226e+05 -2.443214724430147e-40  4.918357936988532e-19  1.000000000000000e-03 -0.000000000000000e+00 
 3.311311214825853e+05 -2.333251947889197e-40  4.806402442008627e-19  1.000000000000000e-03 -0.000000000000000e+00 
 3.388441561391967e+05 -2.228238311554257e-40  4.696995365223733e-19  1.000000000000000e-03 -0.000000000000000e+00 
 3.467368504525256e+05 -2.127951067423236e-40  4.590078697553561e-19  9.999999999999998e-04  2.560000000000000e+02 
 3.548133892335693e+05 -2.032177492805592e-40  4.485595750365710e-19  1.000000000000000e-03  2.560000000000000e+02 
 3.630780547700950e+05 -1.940714439108971e-40  4.383491125418583e-19  1.000000000000000e-03 -0.000000000000000e+00 
 3.715352290971660e+05 -1.853367900933816e-40  4.283710685488514e-19  1.000000000000000e-03 -0.000000000000000e+00 
 3.801893963205545e+05 -1.769952604561906e-40  4.186201525665508e-19  1.000000000000000e-03 -0.000000000000000e+00 
 3.890451449942738e+05 -1.690291614965951e-40  4.090911945302335e-19  1.000000000000000e-03 -0.000000000000000e+00 
 3.981071705534903e+05 -1.614215960506683e-40  3.997791420602183e-19  1.000000000000000e-03 -0.000000000000000e+00 
 4.073802778041056e+05 -1.541564274521353e-40  3.906790577830260e-19  1.000000000000000e-03 -0.000000000000000e+00 
 4.168693834703281e+05 -1.472182453043406e-40  3.817861167135189e-19  1.000000000000000e-03 -0.000000000000000e+00 
 4.265795188015852e+05 -1.405923327927303e-40  3.730956036966300e-19  1.000000000000000e-03 -0.000000000000000e+00 
 4.365158322401583e+05 -1.342646354685159e-40  3.646029109073252e-19  1.000000000000000e-03 -0.000000000000000e+00 
 4.466835921509552e+05 -1.282217314373034e-40  3.563035354074736e-19  1.000000000000000e-03 -0.000000000000000e+00 
 4.570881896148669e+05 -1.224508028894564e-40  3.481930767583297e-19  1.000000000000000e-03 -0.000000000000000e+00 
 4.677351412871899e+05 -1.169396089118031e-40  3.402672346873634e-19  1.000000000000000e-03  5.120000000000000e+02 
 4.786300923226299e+05 -1.116764595230182e-40  3.325218068081976e-19  1.000000000000000e-03 -0.000000000000000e+00 
 4.897788193684375e+05 -1.066501908776054e-40  3.249526863924481e-19  1.000000000000000e-03 -0.000000000000000e+00 
 5.011872336272634e+05 -1.018501415858841e-40  3.175558601922810e-19  1.000000000000000e-03 -0.000000000000000e+00 
 5.128613839913558e+05 -9.726613009975289e-41  3.103274063125366e-19  1.000000000000000e-03 -0.000000000000000e+00 
 5.248074602497633e+05 -9.288843311626043e-41  3.032634921312881e-19  1.000000000000000e-03 -0.000000000000000e+00 
 5.370317963702432e+05 -8.870776495317675e-41  2.963603722677343e-19  1.000000000000000e-03 -0.000000000000000e+00 
 5.495408738576148e+05 -8.471525785281595e-41  2.896143865963501e-19  1.000000000000000e-03  5.120000000000000e+02 
 5.623413251903391e+05 -8.090244317233348e-41  2.830219583062390e-19  1.000000000000000e-03  5.120000000000000e+02 
 5.754399373371467e+05 -7.726123342059903e-41  2.765795920046603e-19  1.000000000000000e-03 -0.000000000000000e+00 
 5.888436553555785e+05 -7.378390510354361e-41  2.702838718637261e-19  1.000000000000000e-03  5.120000000000000e+02 
 6.025595860743470e+05 -7.046308234159339e-41  2.641314598092843e-19  1.000000000000000e-03 -0.000000000000000e+00 
 6.165950018614712e+05 -6.729172122443965e-41  2.581190937510263e-19  1.000000000000000e-03 -0.000000000000000e+00 
 6.309573444801820e+05 -6.426309486996113e-41  2.522435858528853e-19  1.000000000000000e-03 -0.000000000000000e+00 
 6.456542290346441e+05 -6.137077915560504e-41  2.465018208428020e-19  1.000000000000000e-03  5.120000000000000e+02 
 6.606934480075843e+05 -5.860863909196172e-41  2.408907543609671e-19  1.000000000000000e-03 -0.000000000000000e+00 
 6.760829753919698e+05 -5.597081580962955e-41  2.354074113456603e-19  1.000000000000000e-03 -0.000000000000000e+00 
 6.918309709189242e+05 -5.345171413176761e-41  2.300488844558344e-19  1.000000000000000e-03 -0.000000000000000e+00 
 7.079457843841253e+05 -5.104599070597531e-41  2.248123325296041e-19  1.000000000000000e-03 -0.000000000000000e+00 
 7.244359600749771e+05 -4.874854267032550e-41  2.196949790778238e-19  9.999999999999998e-04  5.120000000000000e+02 
 7.413102413009043e+05 -4.655449682951049e-41  2.146941108119576e-19  1.000000000000000e-03 -0.000000000000000e+00 
 7.585775750291703e+05 -4.445919931814096e-41  2.098070762054563e-19  9.999999999999998e-04 -0.000000000000000e+00 
 7.762471166286779e+05 -4.245820572927389e-41  2.050312840878841e-19  1.000000000000000e-03 -0.000000000000000e+00 
 7.943282347242674e+05 -4.054727168722942e-41  2.003642022710451e-19  1.000000000000000e-03 -0.000000000000000e+00 
 8.128305161640848e+05 -3.872234384470098e-41  1.958033562063841e-19  1.000000000000000e-03 -0.000000000000000e+00 
 8.317637711026561e+05 -3.697955128506220e-41  1.913463276729475e-19  9.999999999999998e-04 -0.000000000000000e+00 
 8.511380382023612e+05 -3.531519731163389e-41  1.869907534952112e-19  1.000000000000000e-03 -0.000000000000000e+00 
 8.709635899560649e+05 -3.372575160649451e-41  1.827343242900932e-19  9.999999999999998e-04  1.024000000000000e+03 
 8.912509381337294e+05 -3.220784274220280e-41  1.785747832424886e-19  1.000000000000000e-03 -0.000000000000000e+00 
 9.120108393558932e+05 -3.075825103054798e-41  1.745099249086758e-19  9.999999999999998e-04  1.024000000000000e+03 
 9.332543007969741e+05 -2.937390169315953e-41  1.705375940469616e-19  1.000000000000000e-03 -0.000000000000000e+00 
 9.549925860214186e+05 -2.805185833948985e-41  1.666556844749430e-19  1.000000000000000e-03 -0.000000000000000e+00 
 9.772372209557928e+05 -2.678931673833641e-41  1.628621379527817e-19  1.000000000000000e-03 -0.000000000000000e+00 
 9.999999999999817e+05 -2.558359886969122e-41  1.591549430918982e-19  1.000000000000000e-03 -0.000000000000000e+00 
 1.023292992280735e+06 -2.443214724430151e-41  1.555321342885069e-19  1.000000000000000e-03 -0.000000000000000e+00 
 1.047128548050880e+06 -2.333251947889200e-41  1.519917906814264e-19  9.999999999999998e-04 -0.000000000000000e+00 
 1.071519305237587e+06 -2.228238311554261e-41  1.485320351336144e-19  1.000000000000000e-03 -0.000000000000000e+00 
 1.096478196143165e+06 -2.127951067423241e-41  1.451510332368841e-19  1.000000000000000e-03  1.024000000000000e+03 
 1.122018454301943e+06 -2.032177492805597e-41  1.418469923392772e-19  1.000000000000000e-03  1.024000000000000e+03 
 1.148153621496861e+06 -1.940714439108975e-41  1.386181605945755e-19  1.000000000000000e-03 -0.000000000000000e+00 
 1.174897554939508e+06 -1.853367900933822e-41  1.354628260334492e-19  1.000000000000000e-03 -0.000000000000000e+00 
 1.202264434617390e+06 -1.769952604561910e-41  1.323793156557484e-19  1.000000000000000e-03 -0.000000000000000e+00 
 1.230268770812358e+06 -1.690291614965954e-41  1.293659945434555e-19  9.999999999999998e-04  1.024000000000000e+03 
 1.258925411794143e+06 -1.614215960506687e-41  1.264212649938311e-19  1.000000000000000e-03 -0.000000000000000e+00 
 1.288249551693110e+06 -1.541564274521357e-41  1.235435656722896e-19  1.000000000000000e-03  1.024000000000000e+03 
 1.318256738556382e+06 -1.472182453043410e-41  1.207313707845600e-19  1.000000000000000e-03 -0.000000000000000e+00 
 1.348962882591628e+06 -1.405923327927308e-41  1.179831892676890e-19  1.000000000000000e-03 -0.000000000000000e+00 
 1.380384264602859e+06 -1.342646354685163e-41  1.152975639994598e-19  1.000000000000000e-03 -0.000000000000000e+00 
 1.412537544622727e+06 -1.282217314373038e-41  1.126730710258068e-19  1.000000000000000e-03 -0.000000000000000e+00 
 1.445439770745900e+06 -1.224508028894567e-41  1.101083188058161e-19  1.000000000000000e-03 -0.000000000000000e+00 
 1.479108388168179e+06 -1.169396089118034e-41  1.076019474739122e-19  1.000000000000000e-03 -0.000000000000000e+00 
 1.513561248436179e+06 -1.116764595230185e-41  1.051526281188391e-19  1.000000000000000e-03 -0.000000000000000e+00 
 1.548816618912452e+06 -1.066501908776057e-41  1.027590620790541e-19  1.000000000000000e-03 -0.000000000000000e+00 
 1.584893192461083e+06 -1.018501415858844e-41  1.004199802541605e-19  1.000000000000000e-03 -0.000000000000000e+00 
 1.621810097358899e+06 -9.726613009975316e-42  9.813414243201317e-20  1.000000000000000e-03 -0.000000000000000e+00 
 1.659586907437529e+06 -9.288843311626065e-42  9.590033663114223e-20  9.999999999999998e-04 -0.000000000000000e+00 
 1.698243652461712e+06 -8.870776495317700e-42  9.371737845814418e-20  1.000000000000000e-03 -0.000000000000000e+00 
 1.737800828749342e+06 -8.471525785281622e-42  9.158411047970079e-20  1.000000000000000e-03 -0.000000000000000e+00 
 1.778279410038889e+06 -8.090244317233372e-42  8.949940160889274e-20  1.000000000000000e-03 -0.000000000000000e+00 
 1.819700858609949e+06 -7.726123342059924e-42  8.746214650548234e-20  1.000000000000000e-03 -0.000000000000000e+00 
 1.862087136662832e+06 -7.378390510354385e-42  8.547126498984754e-20  1.000000000000000e-03 -0.000000000000000e+00 
 1.905460717963211e+06 -7.046308234159356e-42  8.352570147025625e-20  1.000000000000000e-03  2.048000000000000e+03 
 1.949844599758008e+06 -6.729172122443982e-42  8.162442438317790e-20  9.999999999999998e-04  2.048000000000000e+03 
 1.995262314968841e+06 -6.426309486996135e-42  7.976642564633452e-20  9.999999999999998e-04 -0.000000000000000e+00 
 2.041737944669490e+06 -6.137077915560525e-42  7.795072012420224e-20  1.000000000000000e-03 -0.000000000000000e+00 
 2.089296130853999e+06 -5.860863909196190e-42  7.617634510567958e-20  1.000000000000000e-03 -0.000000000000000e+00 
 2.137962089502191e+06 -5.597081580962974e-42  7.444235979364510e-20  1.000000000000000e-03 -0.000000000000000e+00 
 2.187761623949510e+06 -5.345171413176780e-42  7.274784480613433e-20  1.000000000000000e-03 -0.000000000000000e+00 
 2.238721138568296e+06 -5.104599070597546e-42  7.109190168887131e-20  1.000000000000000e-03 -0.000000000000000e+00 
 2.290867652767729e+06 -4.874854267032568e-42  6.947365243889630e-20  1.000000000000000e-03 -0.000000000000000e+00 
 2.344228815319877e+06 -4.655449682951063e-42  6.789223903903690e-20  1.000000000000000e-03 -0.000000000000000e+00 
 2.398832919019444e+06 -4.445919931814109e-42  6.634682300297602e-20  1.000000000000000e-03 -0.000000000000000e+00 
 2.454708915684983e+06 -4.245820572927404e-42  6.483658493067534e-20  1.000000000000000e-03 -0.000000000000000e+00 
 2.511886431509531e+06 -4.054727168722955e-42  6.336072407391854e-20  9.999999999999998e-04  2.048000000000000e+03 
 2.570395782768813e+06 -3.872234384470110e-42  6.191845791174410e-20  9.999999999999998e-04 -0.000000000000000e+00 
 2.630267991895330e+06 -3.697955128506236e-42  6.050902173554213e-20  1.000000000000000e-03  2.048000000000000e+03 
 2.691534803926863e+06 -3.531519731163401e-42  5.913166824359595e-20  1.000000000000000e-03 -0.000000000000000e+00 
 2.754228703338112e+06 -3.372575160649464e-42  5.778566714485266e-20  1.000000000000000e-03  2.048000000000000e+03 
 2.818382931264398e+06 -3.220784274220289e-42  5.647030477171331e-20  9.999999999999998e-04  2.048000000000000e+03 
 2.884031503126549e+06 -3.075825103054811e-42  5.518488370163679e-20  1.000000000000000e-03 -0.000000000000000e+00 
 2.951209226666328e+06 -2.937390169315962e-42  5.392872238735713e-20  1.000000000000000e-03 -0.000000000000000e+00 
 3.019951720401957e+06 -2.805185833948994e-42  5.270115479551831e-20  1.000000000000000e-03 -0.000000000000000e+00 
 3.090295432513529e+06 -2.678931673833649e-42  5.150153005353432e-20  1.000000000000000e-03 -0.000000000000000e+00 
 3.162277660168317e+06 -2.558359886969130e-42  5.032921210448804e-20  1.000000000000000e-03 -0.000000000000000e+00 
 3.235936569296218e+06 -2.443214724430158e-42  4.918357936988543e-20  1.000000000000000e-03 -0.000000000000000e+00 
 3.311311214825845e+06 -2.333251947889208e-42  4.806402442008639e-20  1.000000000000000e-03 -0.000000000000000e+00 
 3.388441561391958e+06 -2.228238311554268e-42  4.696995365223745e-20  1.000000000000000e-03 -0.000000000000000e+00 
 3.467368504525247e+06 -2.127951067423248e-42  4.590078697553575e-20  1.000000000000000e-03 -0.000000000000000e+00 
 3.548133892335684e+06 -2.032177492805601e-42  4.485595750365720e-20  1.000000000000000e-03  4.096000000000000e+03 
 3.630780547700941e+06 -1.940714439108980e-42  4.383491125418594e-20  1.000000000000000e-03 -0.000000000000000e+00 
 3.715352290971651e+06 -1.853367900933825e-42  4.283710685488525e-20  1.000000000000000e-03 -0.000000000000000e+00 
 3.801893963205536e+06 -1.769952604561915e-42  4.186201525665516e-20  1.000000000000000e-03  4.096000000000000e+03 
 3.890451449942728e+06 -1.690291614965959e-42  4.090911945302344e-20  1.000000000000000e-03 -0.000000000000000e+00 
 3.981071705534893e+06 -1.614215960506690e-42  3.997791420602194e-20  1.000000000000000e-03 -0.000000000000000e+00 
 4.073802778041046e+06 -1.541564274521361e-42  3.906790577830269e-20  1.000000000000000e-03 -0.000000000000000e+00 
 4.168693834703270e+06 -1.472182453043413e-42  3.817861167135199e-20  1.000000000000000e-03 -0.000000000000000e+00 
 4.265795188015841e+06 -1.405923327927310e-42  3.730956036966309e-20  1.000000000000000e-03 -0.000000000000000e+00 
 4.365158322401572e+06 -1.342646354685165e-42  3.646029109073261e-20  1.000000000000000e-03 -0.000000000000000e+00 
 4.466835921509542e+06 -1.282217314373040e-42  3.563035354074744e-20  1.000000000000000e-03 -0.000000000000000e+00 
 4.570881896148658e+06 -1.224508028894570e-42  3.481930767583305e-20  1.000000000000000e-03  4.096000000000000e+03 
 4.677351412871888e+06 -1.169396089118036e-42  3.402672346873641e-20  9.999999999999998e-04  4.096000000000000e+03 
 4.786300923226287e+06 -1.116764595230188e-42  3.325218068081986e-20  1.000000000000000e-03 -0.000000000000000e+00 
 4.897788193684363e+06 -1.066501908776059e-42  3.249526863924489e-20  1.000000000000000e-03 -0.000000000000000e+00 
 5.011872336272622e+06 -1.018501415858846e-42  3.175558601922817e-20  9.999999999999998e-04  4.096000000000000e+03 
 5.128613839913545e+06 -9.726613009975335e-43  3.103274063125374e-20  1.000000000000000e-03 -0.000000000000000e+00 
 5.248074602497620e+06 -9.288843311626088e-43  3.032634921312887e-20  9.999999999999998e-04  4.096000000000000e+03 
 5.370317963702418e+06 -8.870776495317717e-43  2.963603722677349e-20  1.000000000000000e-03  4.096000000000000e+03 
 5.495408738576134e+06 -8.471525785281639e-43  2.896143865963508e-20  1.000000000000000e-03  4.096000000000000e+03 
 5.623413251903377e+06 -8.090244317233388e-43  2.830219583062398e-20  1.000000000000000e-03 -0.000000000000000e+00 
 5.754399373371452e+06 -7.726123342059943e-43  2.765795920046611e-20  1.000000000000000e-03 -0.000000000000000e+00 
 5.888436553555770e+06 -7.378390510354403e-43  2.702838718637269e-20  1.000000000000000e-03 -0.000000000000000e+00 
 6.025595860743455e+06 -7.046308234159373e-43  2.641314598092849e-20  9.999999999999998e-04 -0.000000000000000e+00 
 6.165950018614695e+06 -6.729172122444001e-43  2.581190937510270e-20  1.000000000000000e-03 -0.000000000000000e+00 
 6.309573444801803e+06 -6.426309486996152e-43  2.522435858528860e-20  1.000000000000000e-03 -0.000000000000000e+00 
 6.456542290346422e+06 -6.137077915560539e-43  2.465018208428027e-20  9.999999999999998e-04 -0.000000000000000e+00 
 6.606934480075824e+06 -5.860863909196205e-43  2.408907543609677e-20  1.000000000000000e-03 -0.000000000000000e+00 
 6.760829753919679e+06 -5.597081580962987e-43  2.354074113456609e-20  1.000000000000000e-03 -0.000000000000000e+00 
 6.918309709189222e+06 -5.345171413176790e-43  2.300488844558351e-20  1.000000000000000e-03 -0.000000000000000e+00 
 7.079457843841233e+06 -5.104599070597555e-43  2.248123325296047e-20  1.000000000000000e-03 -0.000000000000000e+00 
 7.244359600749752e+06 -4.874854267032577e-43  2.196949790778244e-20  1.000000000000000e-03 -0.000000000000000e+00 
 7.413102413009022e+06 -4.655449682951074e-43  2.146941108119581e-20  1.000000000000000e-03 -0.000000000000000e+00 
 7.585775750291681e+06 -4.445919931814121e-43  2.098070762054568e-20  1.000000000000000e-03  8.192000000000000e+03 
 7.762471166286756e+06 -4.245820572927416e-43  2.050312840878847e-20  1.000000000000000e-03 -0.000000000000000e+00 
 7.943282347242650e+06 -4.054727168722967e-43  2.003642022710458e-20  1.000000000000000e-03 -0.000000000000000e+00 
 8.128305161640823e+06 -3.872234384470121e-43  1.958033562063847e-20  1.000000000000000e-03 -0.000000000000000e+00 
 8.317637711026536e+06 -3.697955128506244e-43  1.913463276729480e-20  1.000000000000000e-03  8.192000000000000e+03 
 8.511380382023586e+06 -3.531519731163412e-43  1.869907534952117e-20  1.000000000000000e-03 -0.000000000000000e+00 
 8.709635899560623e+06 -3.372575160649472e-43  1.827343242900938e-20  1.000000000000000e-03 -0.000000000000000e+00 
 8.912509381337266e+06 -3.220784274220301e-43  1.785747832424892e-20  1.000000000000000e-03 -0.000000000000000e+00 
 9.120108393558905e+06 -3.075825103054818e-43  1.745099249086764e-20  1.000000000000000e-03 -0.000000000000000e+00 
 9.332543007969713e+06 -2.937390169315972e-43  1.705375940469621e-20  1.000000000000000e-03 -0.000000000000000e+00 
 9.549925860214157e+06 -2.805185833949002e-43  1.666556844749434e-20  1.000000000000000e-03 -0.000000000000000e+00 
 9.772372209557900e+06 -2.678931673833656e-43  1.628621379527822e-20  1.000000000000000e-03 -0.000000000000000e+00 
 9.999999999999788e+06 -2.558359886969137e-43  1.591549430918987e-20  1.000000000000000e-03 -0.000000000000000e+00 
 1.023292992280732e+07 -2.443214724430167e-43  1.555321342885074e-20  1.000000000000000e-03 -0.000000000000000e+00 
 1.047128548050877e+07 -2.333251947889215e-43  1.519917906814268e-20  1.000000000000000e-03  8.192000000000000e+03 
 1.071519305237583e+07 -2.228238311554274e-43  1.485320351336149e-20  1.000000000000000e-03 -0.000000000000000e+00 
 1.096478196143162e+07 -2.127951067423253e-43  1.451510332368845e-20  9.999999999999998e-04  8.192000000000000e+03 
 1.122018454301939e+07 -2.032177492805607e-43  1.418469923392776e-20  1.000000000000000e-03 -0.000000000000000e+00 
 1.148153621496858e+07 -1.940714439108986e-43  1.386181605945759e-20  1.000000000000000e-03 -0.000000000000000e+00 
 1.174897554939504e+07 -1.853367900933831e-43  1.354628260334496e-20  1.000000000000000e-03 -0.000000000000000e+00 
 1.202264434617387e+07 -1.769952604561920e-43  1.323793156557487e-20  1.000000000000000e-03 -0.000000000000000e+00 
 1.230268770812355e+07 -1.690291614965964e-43  1.293659945434559e-20  1.000000000000000e-03 -0.000000000000000e+00 
 1.258925411794140e+07 -1.614215960506695e-43  1.264212649938314e-20  1.000000000000000e-03 -0.000000000000000e+00 
 1.288249551693106e+07 -1.541564274521365e-43  1.235435656722899e-20  1.000000000000000e-03 -0.000000000000000e+00 
 1.318256738556379e+07 -1.472182453043417e-43  1.207313707845603e-20  1.000000000000000e-03 -0.000000000000000e+00 
 1.348962882591625e+07 -1.405923327927315e-43  1.179831892676893e-20  1.000000000000000e-03 -0.000000000000000e+00 
 1.380384264602855e+07 -1.342646354685169e-43  1.152975639994601e-20  1.000000000000000e-03 -0.000000000000000e+00 
 1.412537544622724e+07 -1.282217314373044e-43  1.126730710258071e-20  1.000000000000000e-03  1.638400000000000e+04 
 1.445439770745896e+07 -1.224508028894574e-43  1.101083188058164e-20  1.000000000000000e-03 -0.000000000000000e+00 
 1.479108388168175e+07 -1.169396089118041e-43  1.076019474739125e-20  1.000000000000000e-03  1.638400000000000e+04 
 1.513561248436175e+07 -1.116764595230191e-43  1.051526281188393e-20  9.999999999999998e-04 -0.000000000000000e+00 
 1.548816618912448e+07 -1.066501908776062e-43  1.027590620790544e-20  1.000000000000000e-03  1.638400000000000e+04 
 1.584893192461079e+07 -1.018501415858850e-43  1.004199802541608e-20  1.000000000000000e-03 -0.000000000000000e+00 
 1.621810097358895e+07 -9.726613009975364e-44  9.813414243201340e-21  1.000000000000000e-03  1.638400000000000e+04 
 1.659586907437524e+07 -9.288843311626119e-44  9.590033663114252e-21  1.000000000000000e-03 -0.000000000000000e+00 
 1.698243652461707e+07 -8.870776495317749e-44  9.371737845814445e-21  1.000000000000000e-03 -0.000000000000000e+00 
 1.737800828749337e+07 -8.471525785281668e-44  9.158411047970104e-21  1.000000000000000e-03 -0.000000000000000e+00 
 1.778279410038884e+07 -8.090244317233414e-44  8.949940160889297e-21  1.000000000000000e-03 -0.000000000000000e+00 
 1.819700858609944e+07 -7.726123342059965e-44  8.746214650548258e-21  1.000000000000000e-03 -0.000000000000000e+00 
 1.862087136662827e+07 -7.378390510354422e-44  8.547126498984774e-21  9.999999999999998e-04  1.638400000000000e+04 
 1.905460717963205e+07 -7.046308234159398e-44  8.352570147025649e-21  1.000000000000000e-03  1.638400000000000e+04 
 1.949844599758003e+07 -6.729172122444018e-44  8.162442438317814e-21  1.000000000000000e-03 -0.000000000000000e+00 
 1.995262314968836e+07 -6.426309486996168e-44  7.976642564633473e-21  1.000000000000000e-03 -0.000000000000000e+00 
 2.041737944669485e+07 -6.137077915560559e-44  7.795072012420246e-21  1.000000000000000e-03 -0.000000000000000e+00 
 2.089296130853994e+07 -5.860863909196221e-44  7.617634510567978e-21  1.000000000000000e-03 -0.000000000000000e+00 
 2.137962089502185e+07 -5.597081580963003e-44  7.444235979364530e-21  1.000000000000000e-03 -0.000000000000000e+00 
 2.187761623949505e+07 -5.345171413176804e-44  7.274784480613448e-21  1.000000000000000e-03 -0.000000000000000e+00 
 2.238721138568290e+07 -5.104599070597569e-44  7.109190168887145e-21  9.999999999999998e-04  1.638400000000000e+04 
 2.290867652767723e+07 -4.874854267032593e-44  6.947365243889648e-21  1.000000000000000e-03 -0.000000000000000e+00 
 2.344228815319870e+07 -4.655449682951086e-44  6.789223903903703e-21  1.000000000000000e-03  1.638400000000000e+04 
 2.398832919019438e+07 -4.445919931814133e-44  6.634682300297619e-21  1.000000000000000e-03 -0.000000000000000e+00 
 2.454708915684976e+07 -4.245820572927425e-44  6.483658493067550e-21  1.000000000000000e-03 -0.000000000000000e+00 
 2.511886431509525e+07 -4.054727168722976e-44  6.336072407391872e-21  9.999999999999998e-04  3.276800000000000e+04 
 2.570395782768807e+07 -3.872234384470131e-44  6.191845791174426e-21  1.000000000000000e-03 -0.000000000000000e+00 
 2.630267991895324e+07 -3.697955128506253e-44  6.050902173554230e-21  9.999999999999998e-04 -0.000000000000000e+00 
 2.691534803926856e+07 -3.531519731163418e-44  5.913166824359608e-21  1.000000000000000e-03  3.276800000000000e+04 
 2.754228703338105e+07 -3.372575160649480e-44  5.778566714485282e-21  9.999999999999998e-04 -0.000000000000000e+00 
 2.818382931264391e+07 -3.220784274220307e-44  5.647030477171347e-21  1.000000000000000e-03 -0.000000000000000e+00 
 2.884031503126542e+07 -3.075825103054824e-44  5.518488370163692e-21  1.000000000000000e-03 -0.000000000000000e+00 
 2.951209226666320e+07 -2.937390169315976e-44  5.392872238735727e-21  1.000000000000000e-03 -0.000000000000000e+00 
 3.019951720401949e+07 -2.805185833949009e-44  5.270115479551844e-21  1.000000000000000e-03 -0.000000000000000e+00 
 3.090295432513522e+07 -2.678931673833662e-44  5.150153005353444e-21  1.000000000000000e-03 -0.000000000000000e+00 
 3.162277660168309e+07 -2.558359886969144e-44  5.032921210448816e-21  1.000000000000000e-03 -0.000000000000000e+00 
 3.235936569296210e+07 -2.443214724430171e-44  4.918357936988556e-21  1.000000000000000e-03 -0.000000000000000e+00 
 3.311311214825837e+07 -2.333251947889219e-44  4.806402442008651e-21  1.000000000000000e-03 -0.000000000000000e+00 
 3.388441561391950e+07 -2.228238311554279e-44  4.696995365223757e-21  1.000000000000000e-03 -0.000000000000000e+00 
 3.467368504525239e+07 -2.127951067423258e-44  4.590078697553584e-21  1.000000000000000e-03  3.276800000000000e+04 
 3.548133892335676e+07 -2.032177492805611e-44  4.485595750365732e-21  9.999999999999998e-04 -0.000000000000000e+00 
 3.630780547700933e+07 -1.940714439108989e-44  4.383491125418604e-21  1.000000000000000e-03 -0.000000000000000e+00 
 3.715352290971643e+07 -1.853367900933834e-44  4.283710685488534e-21  9.999999999999998e-04  3.276800000000000e+04 
 3.801893963205528e+07 -1.769952604561922e-44  4.186201525665527e-21  9.999999999999998e-04 -0.000000000000000e+00 
 3.890451449942719e+07 -1.690291614965967e-44  4.090911945302354e-21  1.000000000000000e-03 -0.000000000000000e+00 
 3.981071705534884e+07 -1.614215960506698e-44  3.997791420602202e-21  9.999999999999998e-04 -0.000000000000000e+00 
 4.073802778041036e+07 -1.541564274521368e-44  3.906790577830279e-21  1.000000000000000e-03 -0.000000000000000e+00 
 4.168693834703261e+07 -1.472182453043420e-44  3.817861167135207e-21  1.000000000000000e-03 -0.000000000000000e+00 
 4.265795188015831e+07 -1.405923327927317e-44  3.730956036966318e-21  1.000000000000000e-03 -0.000000000000000e+00 
 4.365158322401562e+07 -1.342646354685171e-44  3.646029109073268e-21  1.000000000000000e-03  3.276800000000000e+04 
 4.466835921509531e+07 -1.282217314373046e-44  3.563035354074752e-21  1.000000000000000e-03 -0.000000000000000e+00 
 4.570881896148648e+07 -1.224508028894576e-44  3.481930767583314e-21  1.000000000000000e-03 -0.000000000000000e+00 
 4.677351412871877e+07 -1.169396089118042e-44  3.402672346873650e-21  1.000000000000000e-03 -0.000000000000000e+00 
 4.786300923226276e+07 -1.116764595230193e-44  3.325218068081993e-21  1.000000000000000e-03 -0.000000000000000e+00 
 4.897788193684352e+07 -1.066501908776064e-44  3.249526863924496e-21  1.000000000000000e-03 -0.000000000000000e+00 
 5.011872336272611e+07 -1.018501415858851e-44  3.175558601922825e-21  1.000000000000000e-03 -0.000000000000000e+00 
 5.128613839913534e+07 -9.726613009975376e-45  3.103274063125381e-21  1.000000000000000e-03 -0.000000000000000e+00 
 5.248074602497608e+07 -9.288843311626131e-45  3.032634921312895e-21  1.000000000000000e-03 -0.000000000000000e+00 
 5.370317963702407e+07 -8.870776495317758e-45  2.963603722677357e-21  1.000000000000000e-03 -0.000000000000000e+00 
 5.495408738576122e+07 -8.471525785281675e-45  2.896143865963515e-21  1.000000000000000e-03 -0.000000000000000e+00 
 5.623413251903364e+07 -8.090244317233424e-45  2.830219583062404e-21  1.000000000000000e-03 -0.000000000000000e+00 
 5.754399373371439e+07 -7.726123342059974e-45  2.765795920046616e-21  1.000000000000000e-03 -0.000000000000000e+00 
 5.888436553555757e+07 -7.378390510354436e-45  2.702838718637275e-21  1.000000000000000e-03 -0.000000000000000e+00 
 6.025595860743441e+07 -7.046308234159404e-45  2.641314598092854e-21  1.000000000000000e-03 -0.000000000000000e+00 
 6.165950018614683e+07 -6.729172122444027e-45  2.581190937510275e-21  1.000000000000000e-03 -0.000000000000000e+00 
 6.309573444801790e+07 -6.426309486996175e-45  2.522435858528865e-21  9.999999999999998e-04 -0.000000000000000e+00 
 6.456542290346409e+07 -6.137077915560566e-45  2.465018208428032e-21  1.000000000000000e-03  6.553600000000000e+04 
 6.606934480075811e+07 -5.860863909196229e-45  2.408907543609682e-21  1.000000000000000e-03 -0.000000000000000e+00 
 6.760829753919666e+07 -5.597081580963008e-45  2.354074113456614e-21  1.000000000000000e-03 -0.000000000000000e+00 
 6.918309709189209e+07 -5.345171413176810e-45  2.300488844558355e-21  1.000000000000000e-03 -0.000000000000000e+00 
 7.079457843841220e+07 -5.104599070597575e-45  2.248123325296051e-21  1.000000000000000e-03 -0.000000000000000e+00 
 7.244359600749739e+07 -4.874854267032599e-45  2.196949790778249e-21  1.000000000000000e-03 -0.000000000000000e+00 
 7.413102413009009e+07 -4.655449682951091e-45  2.146941108119585e-21  1.000000000000000e-03 -0.000000000000000e+00 
 7.585775750291668e+07 -4.445919931814136e-45  2.098070762054572e-21  1.000000000000000e-03 -0.000000000000000e+00 
 7.762471166286743e+07 -4.245820572927428e-45  2.050312840878850e-21  1.000000000000000e-03  6.553600000000000e+04 
 7.943282347242635e+07 -4.054727168722979e-45  2.003642022710461e-21  9.999999999999998e-04  6.553600000000000e+04 
 8.128305161640808e+07 -3.872234384470136e-45  1.958033562063851e-21  1.000000000000000e-03 -0.000000000000000e+00 
 8.317637711026521e+07 -3.697955128506259e-45  1.913463276729484e-21  1.000000000000000e-03 -0.000000000000000e+00 
 8.511380382023571e+07 -3.531519731163425e-45  1.869907534952121e-21  1.000000000000000e-03 -0.000000000000000e+00 
 8.709635899560608e+07 -3.372575160649484e-45  1.827343242900941e-21  1.000000000000000e-03 -0.000000000000000e+00 
 8.912509381337252e+07 -3.220784274220312e-45  1.785747832424895e-21  1.000000000000000e-03 -0.000000000000000e+00 
 9.120108393558890e+07 -3.075825103054826e-45  1.745099249086766e-21  9.999999999999998e-04  6.553600000000000e+04 
 9.332543007969697e+07 -2.937390169315979e-45  1.705375940469623e-21  9.999999999999998e-04  6.553600000000000e+04 
 9.549925860214141e+07 -2.805185833949013e-45  1.666556844749437e-21  1.000000000000000e-03 -0.000000000000000e+00 
 9.772372209557883e+07 -2.678931673833665e-45  1.628621379527824e-21  1.000000000000000e-03 -0.000000000000000e+00 
 9.999999999999771e+07 -2.558359886969148e-45  1.591549430918990e-21  1.000000000000000e-03 -0.000000000000000e+00 
