 frequency              yer                    yei                    yfr                    yfi                   
 1.000000000000000e+00 -1.491169697110530e-28  1.591549430918954e-13  1.666181528922059e-04 -0.000000000000000e+00 
 1.023292992280754e+00 -1.490529022489398e-28  1.555321342885040e-13  1.666181528922499e-04 -0.000000000000000e+00 
 1.047128548050899e+00 -1.489919798687338e-28  1.519917906814237e-13  1.666181528922961e-04 -0.000000000000000e+00 
 1.071519305237606e+00 -1.489340387185379e-28  1.485320351336117e-13  1.666181528923443e-04 -0.000000000000000e+00 
 1.096478196143185e+00 -1.488789241850059e-28  1.451510332368816e-13  1.666181528923949e-04 -0.000000000000000e+00 
 1.122018454301963e+00 -1.488264903272916e-28  1.418469923392747e-13  1.666181528924479e-04 -0.000000000000000e+00 
 1.148153621496882e+00 -1.487765993415716e-28  1.386181605945729e-13  1.666181528925034e-04 -0.000000000000000e+00 
 1.174897554939529e+00 -1.487291210701160e-28  1.354628260334468e-13  1.666181528925614e-04 -0.000000000000000e+00 
 1.202264434617413e+00 -1.486839325372096e-28  1.323793156557459e-13  1.666181528926223e-04 -0.000000000000000e+00 
 1.230268770812381e+00 -1.486409175134980e-28  1.293659945434532e-13  1.666181528926859e-04 -0.000000000000000e+00 
 1.258925411794167e+00 -1.485999661178789e-28  1.264212649938288e-13  1.666181528927526e-04 -0.000000000000000e+00 
 1.288249551693134e+00 -1.485609744295736e-28  1.235435656722874e-13  1.666181528928224e-04 -0.000000000000000e+00 
 1.318256738556407e+00 -1.485238441453070e-28  1.207313707845578e-13  1.666181528928955e-04  9.765625000000000e-04 
 1.348962882591653e+00 -1.484884822386686e-28  1.179831892676868e-13  1.666181528929720e-04  9.765625000000000e-04 
 1.380384264602885e+00 -1.484548006583096e-28  1.152975639994577e-13  1.666181528930522e-04 -0.000000000000000e+00 
 1.412537544622754e+00 -1.484227160327585e-28  1.126730710258048e-13  1.666181528931361e-04 -0.000000000000000e+00 
 1.445439770745927e+00 -1.483921494031160e-28  1.101083188058141e-13  1.666181528932240e-04 -0.000000000000000e+00 
 1.479108388168207e+00 -1.483630259639305e-28  1.076019474739102e-13  1.666181528933160e-04 -0.000000000000000e+00 
 1.513561248436208e+00 -1.483352748307855e-28  1.051526281188371e-13  1.666181528934124e-04 -0.000000000000000e+00 
 1.548816618912481e+00 -1.483088288118211e-28  1.027590620790522e-13  1.666181528935133e-04 -0.000000000000000e+00 
 1.584893192461113e+00 -1.482836242024247e-28  1.004199802541586e-13  1.666181528936190e-04 -0.000000000000000e+00 
 1.621810097358929e+00 -1.482596005868250e-28  9.813414243201140e-14  1.666181528937296e-04 -0.000000000000000e+00 
 1.659586907437560e+00 -1.482367006546276e-28  9.590033663114051e-14  1.666181528938455e-04 -0.000000000000000e+00 
 1.698243652461743e+00 -1.482148700268600e-28  9.371737845814252e-14  1.666181528939668e-04 -0.000000000000000e+00 
 1.737800828749374e+00 -1.481940570957691e-28  9.158411047969915e-14  1.666181528940939e-04 -0.000000000000000e+00 
 1.778279410038922e+00 -1.481742128700700e-28  8.949940160889115e-14  1.666181528942269e-04 -0.000000000000000e+00 
 1.819700858609982e+00 -1.481552908339823e-28  8.746214650548081e-14  1.666181528943662e-04 -0.000000000000000e+00 
 1.862087136662866e+00 -1.481372468093663e-28  8.547126498984603e-14  1.666181528945120e-04 -0.000000000000000e+00 
 1.905460717963246e+00 -1.481200388321182e-28  8.352570147025483e-14  1.666181528946648e-04 -0.000000000000000e+00 
 1.949844599758044e+00 -1.481036270315168e-28  8.162442438317646e-14  1.666181528948247e-04  1.953125000000000e-03 
 1.995262314968878e+00 -1.480879735180795e-28  7.976642564633311e-14  1.666181528949922e-04 -0.000000000000000e+00 
 2.041737944669527e+00 -1.480730422785347e-28  7.795072012420088e-14  1.666181528951675e-04 -0.000000000000000e+00 
 2.089296130854037e+00 -1.480587990747319e-28  7.617634510567827e-14  1.666181528953512e-04 -0.000000000000000e+00 
 2.137962089502230e+00 -1.480452113531101e-28  7.444235979364381e-14  1.666181528955434e-04 -0.000000000000000e+00 
 2.187761623949550e+00 -1.480322481525706e-28  7.274784480613305e-14  1.666181528957448e-04 -0.000000000000000e+00 
 2.238721138568337e+00 -1.480198800238592e-28  7.109190168887005e-14  1.666181528959556e-04  1.953125000000000e-03 
 2.290867652767770e+00 -1.480080789496005e-28  6.947365243889510e-14  1.666181528961764e-04 -0.000000000000000e+00 
 2.344228815319919e+00 -1.479968182709463e-28  6.789223903903575e-14  1.666181528964076e-04 -0.000000000000000e+00 
 2.398832919019488e+00 -1.479860726170003e-28  6.634682300297488e-14  1.666181528966496e-04  1.953125000000000e-03 
 2.454708915685027e+00 -1.479758178388548e-28  6.483658493067424e-14  1.666181528969031e-04 -0.000000000000000e+00 
 2.511886431509577e+00 -1.479660309470509e-28  6.336072407391749e-14  1.666181528971685e-04 -0.000000000000000e+00 
 2.570395782768860e+00 -1.479566900526500e-28  6.191845791174309e-14  1.666181528974464e-04 -0.000000000000000e+00 
 2.630267991895378e+00 -1.479477743115116e-28  6.050902173554115e-14  1.666181528977375e-04 -0.000000000000000e+00 
 2.691534803926912e+00 -1.479392638711487e-28  5.913166824359497e-14  1.666181528980422e-04 -0.000000000000000e+00 
 2.754228703338163e+00 -1.479311398213090e-28  5.778566714485169e-14  1.666181528983613e-04  1.953125000000000e-03 
 2.818382931264450e+00 -1.479233841456804e-28  5.647030477171239e-14  1.666181528986955e-04 -0.000000000000000e+00 
 2.884031503126602e+00 -1.479159796787798e-28  5.518488370163589e-14  1.666181528990454e-04 -0.000000000000000e+00 
 2.951209226666381e+00 -1.479089100619542e-28  5.392872238735627e-14  1.666181528994117e-04 -0.000000000000000e+00 
 3.019951720402012e+00 -1.479021597039594e-28  5.270115479551746e-14  1.666181528997954e-04 -0.000000000000000e+00 
 3.090295432513586e+00 -1.478957137430701e-28  5.150153005353347e-14  1.666181529001971e-04 -0.000000000000000e+00 
 3.162277660168374e+00 -1.478895580108544e-28  5.032921210448723e-14  1.666181529006178e-04 -0.000000000000000e+00 
 3.235936569296277e+00 -1.478836789976288e-28  4.918357936988465e-14  1.666181529010583e-04 -0.000000000000000e+00 
 3.311311214825905e+00 -1.478780638203119e-28  4.806402442008563e-14  1.666181529015195e-04 -0.000000000000000e+00 
 3.388441561392020e+00 -1.478727001919418e-28  4.696995365223671e-14  1.666181529020025e-04 -0.000000000000000e+00 
 3.467368504525310e+00 -1.478675763916044e-28  4.590078697553505e-14  1.666181529025083e-04 -0.000000000000000e+00 
 3.548133892335748e+00 -1.478626812375707e-28  4.485595750365654e-14  1.666181529030378e-04 -0.000000000000000e+00 
 3.630780547701007e+00 -1.478580040606786e-28  4.383491125418525e-14  1.666181529035924e-04  3.906250000000000e-03 
 3.715352290971718e+00 -1.478535346787904e-28  4.283710685488459e-14  1.666181529041731e-04  3.906250000000000e-03 
 3.801893963205605e+00 -1.478492633736928e-28  4.186201525665455e-14  1.666181529047811e-04 -0.000000000000000e+00 
 3.890451449942799e+00 -1.478451808681385e-28  4.090911945302284e-14  1.666181529054178e-04  3.906250000000000e-03 
 3.981071705534965e+00 -1.478412783044259e-28  3.997791420602135e-14  1.666181529060845e-04 -0.000000000000000e+00 
 4.073802778041119e+00 -1.478375472238540e-28  3.906790577830214e-14  1.666181529067826e-04 -0.000000000000000e+00 
 4.168693834703346e+00 -1.478339795473466e-28  3.817861167135145e-14  1.666181529075137e-04  3.906250000000000e-03 
 4.265795188015918e+00 -1.478305675569783e-28  3.730956036966258e-14  1.666181529082792e-04 -0.000000000000000e+00 
 4.365158322401651e+00 -1.478273038780449e-28  3.646029109073211e-14  1.666181529090807e-04 -0.000000000000000e+00 
 4.466835921509622e+00 -1.478241814628315e-28  3.563035354074695e-14  1.666181529099200e-04  3.906250000000000e-03 
 4.570881896148741e+00 -1.478211935738767e-28  3.481930767583259e-14  1.666181529107989e-04  3.906250000000000e-03 
 4.677351412871972e+00 -1.478183337693523e-28  3.402672346873598e-14  1.666181529117193e-04 -0.000000000000000e+00 
 4.786300923226373e+00 -1.478155958880629e-28  3.325218068081941e-14  1.666181529126829e-04  3.906250000000000e-03 
 4.897788193684452e+00 -1.478129740359815e-28  3.249526863924447e-14  1.666181529136921e-04 -0.000000000000000e+00 
 5.011872336272712e+00 -1.478104625726371e-28  3.175558601922780e-14  1.666181529147488e-04 -0.000000000000000e+00 
 5.128613839913638e+00 -1.478080560987751e-28  3.103274063125337e-14  1.666181529158552e-04 -0.000000000000000e+00 
 5.248074602497715e+00 -1.478057494441344e-28  3.032634921312852e-14  1.666181529170138e-04  3.906250000000000e-03 
 5.370317963702516e+00 -1.478035376559272e-28  2.963603722677316e-14  1.666181529182270e-04 -0.000000000000000e+00 
 5.495408738576233e+00 -1.478014159878693e-28  2.896143865963478e-14  1.666181529194974e-04 -0.000000000000000e+00 
 5.623413251903478e+00 -1.477993798897193e-28  2.830219583062367e-14  1.666181529208277e-04 -0.000000000000000e+00 
 5.754399373371556e+00 -1.477974249970350e-28  2.765795920046581e-14  1.666181529222206e-04 -0.000000000000000e+00 
 5.888436553555876e+00 -1.477955471216361e-28  2.702838718637242e-14  1.666181529236792e-04 -0.000000000000000e+00 
 6.025595860743564e+00 -1.477937422424744e-28  2.641314598092824e-14  1.666181529252065e-04 -0.000000000000000e+00 
 6.165950018614807e+00 -1.477920064965138e-28  2.581190937510247e-14  1.666181529268059e-04 -0.000000000000000e+00 
 6.309573444801917e+00 -1.477903361705056e-28  2.522435858528838e-14  1.666181529284806e-04 -0.000000000000000e+00 
 6.456542290346539e+00 -1.477887276926444e-28  2.465018208428008e-14  1.666181529302341e-04 -0.000000000000000e+00 
 6.606934480075944e+00 -1.477871776249261e-28  2.408907543609659e-14  1.666181529320704e-04 -0.000000000000000e+00 
 6.760829753919801e+00 -1.477856826555080e-28  2.354074113456592e-14  1.666181529339932e-04 -0.000000000000000e+00 
 6.918309709189348e+00 -1.477842395915367e-28  2.300488844558334e-14  1.666181529360067e-04  7.812500000000000e-03 
 7.079457843841362e+00 -1.477828453521822e-28  2.248123325296033e-14  1.666181529381150e-04 -0.000000000000000e+00 
 7.244359600749883e+00 -1.477814969618522e-28  2.196949790778232e-14  1.666181529403226e-04  7.812500000000000e-03 
 7.413102413009157e+00 -1.477801915439239e-28  2.146941108119570e-14  1.666181529426344e-04 -0.000000000000000e+00 
 7.585775750291819e+00 -1.477789263142953e-28  2.098070762054559e-14  1.666181529450551e-04 -0.000000000000000e+00 
 7.762471166286898e+00 -1.477776985754920e-28  2.050312840878838e-14  1.666181529475898e-04 -0.000000000000000e+00 
 7.943282347242794e+00 -1.477765057107264e-28  2.003642022710451e-14  1.666181529502440e-04 -0.000000000000000e+00 
 8.128305161640972e+00 -1.477753451782954e-28  1.958033562063842e-14  1.666181529530233e-04 -0.000000000000000e+00 
 8.317637711026689e+00 -1.477742145061195e-28  1.913463276729477e-14  1.666181529559336e-04 -0.000000000000000e+00 
 8.511380382023743e+00 -1.477731112863364e-28  1.869907534952115e-14  1.666181529589811e-04 -0.000000000000000e+00 
 8.709635899560784e+00 -1.477720331701898e-28  1.827343242900937e-14  1.666181529621721e-04 -0.000000000000000e+00 
 8.912509381337431e+00 -1.477709778629092e-28  1.785747832424892e-14  1.666181529655136e-04 -0.000000000000000e+00 
 9.120108393559072e+00 -1.477699431188131e-28  1.745099249086766e-14  1.666181529690125e-04  7.812500000000000e-03 
 9.332543007969884e+00 -1.477689267364502e-28  1.705375940469625e-14  1.666181529726763e-04 -0.000000000000000e+00 
 9.549925860214332e+00 -1.477679265539553e-28  1.666556844749440e-14  1.666181529765128e-04 -0.000000000000000e+00 
 9.772372209558078e+00 -1.477669404442839e-28  1.628621379527829e-14  1.666181529805302e-04 -0.000000000000000e+00 
 9.999999999999970e+00 -1.477659663107702e-28  1.591549430918996e-14  1.666181529847368e-04 -0.000000000000000e+00 
 1.023292992280751e+01 -1.477650020826034e-28  1.555321342885083e-14  1.666181529891417e-04  7.812500000000000e-03 
 1.047128548050896e+01 -1.477640457103275e-28  1.519917906814280e-14  1.666181529937542e-04 -0.000000000000000e+00 
 1.071519305237603e+01 -1.477630951615476e-28  1.485320351336162e-14  1.666181529985841e-04 -0.000000000000000e+00 
 1.096478196143182e+01 -1.477621484165975e-28  1.451510332368861e-14  1.666181530036415e-04  7.812500000000000e-03 
 1.122018454301960e+01 -1.477612034641011e-28  1.418469923392793e-14  1.666181530089374e-04 -0.000000000000000e+00 
 1.148153621496879e+01 -1.477602582968262e-28  1.386181605945777e-14  1.666181530144829e-04 -0.000000000000000e+00 
 1.174897554939526e+01 -1.477593109073188e-28  1.354628260334516e-14  1.666181530202896e-04 -0.000000000000000e+00 
 1.202264434617409e+01 -1.477583592836365e-28  1.323793156557509e-14  1.666181530263701e-04 -0.000000000000000e+00 
 1.230268770812378e+01 -1.477574014050737e-28  1.293659945434582e-14  1.666181530327371e-04 -0.000000000000000e+00 
 1.258925411794163e+01 -1.477564352378406e-28  1.264212649938339e-14  1.666181530394041e-04 -0.000000000000000e+00 
 1.288249551693130e+01 -1.477554587307603e-28  1.235435656722926e-14  1.666181530463855e-04 -0.000000000000000e+00 
 1.318256738556403e+01 -1.477544698108664e-28  1.207313707845631e-14  1.666181530536958e-04 -0.000000000000000e+00 
 1.348962882591649e+01 -1.477534663790082e-28  1.179831892676923e-14  1.666181530613506e-04 -0.000000000000000e+00 
 1.380384264602880e+01 -1.477524463053967e-28  1.152975639994632e-14  1.666181530693662e-04 -0.000000000000000e+00 
 1.412537544622749e+01 -1.477514074250648e-28  1.126730710258104e-14  1.666181530777596e-04 -0.000000000000000e+00 
 1.445439770745922e+01 -1.477503475332591e-28  1.101083188058199e-14  1.666181530865485e-04 -0.000000000000000e+00 
 1.479108388168202e+01 -1.477492643807603e-28  1.076019474739161e-14  1.666181530957516e-04 -0.000000000000000e+00 
 1.513561248436203e+01 -1.477481556690974e-28  1.051526281188432e-14  1.666181531053885e-04 -0.000000000000000e+00 
 1.548816618912476e+01 -1.477470190456780e-28  1.027590620790584e-14  1.666181531154795e-04 -0.000000000000000e+00 
 1.584893192461108e+01 -1.477458520987749e-28  1.004199802541649e-14  1.666181531260461e-04 -0.000000000000000e+00 
 1.621810097358924e+01 -1.477446523524172e-28  9.813414243201782e-15  1.666181531371107e-04  1.562500000000000e-02 
 1.659586907437554e+01 -1.477434172611186e-28  9.590033663114707e-15  1.666181531486968e-04 -0.000000000000000e+00 
 1.698243652461738e+01 -1.477421442044852e-28  9.371737845814919e-15  1.666181531608289e-04  1.562500000000000e-02 
 1.737800828749369e+01 -1.477408304816425e-28  9.158411047970601e-15  1.666181531735327e-04 -0.000000000000000e+00 
 1.778279410038916e+01 -1.477394733055074e-28  8.949940160889813e-15  1.666181531868353e-04 -0.000000000000000e+00 
 1.819700858609976e+01 -1.477380697968707e-28  8.746214650548792e-15  1.666181532007648e-04 -0.000000000000000e+00 
 1.862087136662860e+01 -1.477366169782828e-28  8.547126498985331e-15  1.666181532153508e-04 -0.000000000000000e+00 
 1.905460717963240e+01 -1.477351117677510e-28  8.352570147026225e-15  1.666181532306242e-04 -0.000000000000000e+00 
 1.949844599758038e+01 -1.477335509721647e-28  8.162442438318406e-15  1.666181532466174e-04 -0.000000000000000e+00 
 1.995262314968872e+01 -1.477319312805575e-28  7.976642564634086e-15  1.666181532633644e-04 -0.000000000000000e+00 
 2.041737944669521e+01 -1.477302492570574e-28  7.795072012420881e-15  1.666181532809005e-04 -0.000000000000000e+00 
 2.089296130854031e+01 -1.477285013336059e-28  7.617634510568631e-15  1.666181532992632e-04  1.562500000000000e-02 
 2.137962089502224e+01 -1.477266838023795e-28  7.444235979365204e-15  1.666181533184913e-04 -0.000000000000000e+00 
 2.187761623949544e+01 -1.477247928079342e-28  7.274784480614149e-15  1.666181533386256e-04 -0.000000000000000e+00 
 2.238721138568331e+01 -1.477228243390222e-28  7.109190168887870e-15  1.666181533597087e-04 -0.000000000000000e+00 
 2.290867652767764e+01 -1.477207742200735e-28  6.947365243890392e-15  1.666181533817855e-04 -0.000000000000000e+00 
 2.344228815319913e+01 -1.477186381023444e-28  6.789223903904477e-15  1.666181534049027e-04 -0.000000000000000e+00 
 2.398832919019481e+01 -1.477164114546946e-28  6.634682300298411e-15  1.666181534291094e-04 -0.000000000000000e+00 
 2.454708915685020e+01 -1.477140895539701e-28  6.483658493068365e-15  1.666181534544570e-04 -0.000000000000000e+00 
 2.511886431509570e+01 -1.477116674749792e-28  6.336072407392713e-15  1.666181534809991e-04 -0.000000000000000e+00 
 2.570395782768853e+01 -1.477091400800609e-28  6.191845791175293e-15  1.666181535087921e-04 -0.000000000000000e+00 
 2.630267991895371e+01 -1.477065020081630e-28  6.050902173555122e-15  1.666181535378949e-04 -0.000000000000000e+00 
 2.691534803926904e+01 -1.477037476634898e-28  5.913166824360526e-15  1.666181535683694e-04  3.125000000000000e-02 
 2.754228703338154e+01 -1.477008712036201e-28  5.778566714486226e-15  1.666181536002801e-04 -0.000000000000000e+00 
 2.818382931264442e+01 -1.476978665271206e-28  5.647030477172318e-15  1.666181536336946e-04 -0.000000000000000e+00 
 2.884031503126593e+01 -1.476947272605990e-28  5.518488370164689e-15  1.666181536686839e-04 -0.000000000000000e+00 
 2.951209226666373e+01 -1.476914467451880e-28  5.392872238736753e-15  1.666181537053223e-04 -0.000000000000000e+00 
 3.019951720402003e+01 -1.476880180224147e-28  5.270115479552898e-15  1.666181537436873e-04 -0.000000000000000e+00 
 3.090295432513577e+01 -1.476844338194476e-28  5.150153005354526e-15  1.666181537838604e-04 -0.000000000000000e+00 
 3.162277660168365e+01 -1.476806865336656e-28  5.032921210449928e-15  1.666181538259269e-04 -0.000000000000000e+00 
 3.235936569296268e+01 -1.476767682165283e-28  4.918357936989697e-15  1.666181538699758e-04 -0.000000000000000e+00 
 3.311311214825896e+01 -1.476726705567246e-28  4.806402442009822e-15  1.666181539161008e-04 -0.000000000000000e+00 
 3.388441561392010e+01 -1.476683848625331e-28  4.696995365224958e-15  1.666181539643995e-04  3.125000000000000e-02 
 3.467368504525301e+01 -1.476639020433928e-28  4.590078697554821e-15  1.666181540149744e-04 -0.000000000000000e+00 
 3.548133892335738e+01 -1.476592125906166e-28  4.485595750367002e-15  1.666181540679330e-04 -0.000000000000000e+00 
 3.630780547700997e+01 -1.476543065572228e-28  4.383491125419906e-15  1.666181541233873e-04 -0.000000000000000e+00 
 3.715352290971708e+01 -1.476491735368366e-28  4.283710685489871e-15  1.666181541814552e-04 -0.000000000000000e+00 
 3.801893963205595e+01 -1.476438026416163e-28  4.186201525666896e-15  1.666181542422596e-04  3.125000000000000e-02 
 3.890451449942788e+01 -1.476381824791590e-28  4.090911945303760e-15  1.666181543059297e-04 -0.000000000000000e+00 
 3.981071705534954e+01 -1.476323011283348e-28  3.997791420603645e-15  1.666181543726006e-04 -0.000000000000000e+00 
 4.073802778041109e+01 -1.476261461139998e-28  3.906790577831757e-15  1.666181544424135e-04 -0.000000000000000e+00 
 4.168693834703335e+01 -1.476197043805372e-28  3.817861167136723e-15  1.666181545155166e-04  3.125000000000000e-02 
 4.265795188015907e+01 -1.476129622641619e-28  3.730956036967873e-15  1.666181545920649e-04 -0.000000000000000e+00 
 4.365158322401639e+01 -1.476059054639392e-28  3.646029109074862e-15  1.666181546722208e-04  3.125000000000000e-02 
 4.466835921509610e+01 -1.475985190114492e-28  3.563035354076385e-15  1.666181547561544e-04  3.125000000000000e-02 
 4.570881896148729e+01 -1.475907872390387e-28  3.481930767584990e-15  1.666181548440436e-04 -0.000000000000000e+00 
 4.677351412871960e+01 -1.475826937465873e-28  3.402672346875368e-15  1.666181549360749e-04 -0.000000000000000e+00 
 4.786300923226361e+01 -1.475742213667186e-28  3.325218068083752e-15  1.666181550324435e-04 -0.000000000000000e+00 
 4.897788193684438e+01 -1.475653521283899e-28  3.249526863926300e-15  1.666181551333539e-04 -0.000000000000000e+00 
 5.011872336272698e+01 -1.475560672187694e-28  3.175558601924674e-15  1.666181552390200e-04 -0.000000000000000e+00 
 5.128613839913623e+01 -1.475463469433335e-28  3.103274063127276e-15  1.666181553496659e-04 -0.000000000000000e+00 
 5.248074602497700e+01 -1.475361706840928e-28  3.032634921314836e-15  1.666181554655265e-04 -0.000000000000000e+00 
 5.370317963702501e+01 -1.475255168558578e-28  2.963603722679345e-15  1.666181555868474e-04  6.250000000000000e-02 
 5.495408738576219e+01 -1.475143628604542e-28  2.896143865965553e-15  1.666181557138860e-04 -0.000000000000000e+00 
 5.623413251903463e+01 -1.475026850387892e-28  2.830219583064492e-15  1.666181558469117e-04 -0.000000000000000e+00 
 5.754399373371541e+01 -1.474904586206678e-28  2.765795920048756e-15  1.666181559862068e-04 -0.000000000000000e+00 
 5.888436553555861e+01 -1.474776576722529e-28  2.702838718639466e-15  1.666181561320666e-04 -0.000000000000000e+00 
 6.025595860743547e+01 -1.474642550410545e-28  2.641314598095099e-15  1.666181562848005e-04 -0.000000000000000e+00 
 6.165950018614791e+01 -1.474502222983380e-28  2.581190937512574e-15  1.666181564447326e-04 -0.000000000000000e+00 
 6.309573444801901e+01 -1.474355296788227e-28  2.522435858531219e-15  1.666181566122021e-04 -0.000000000000000e+00 
 6.456542290346522e+01 -1.474201460175451e-28  2.465018208430444e-15  1.666181567875641e-04 -0.000000000000000e+00 
 6.606934480075925e+01 -1.474040386837561e-28  2.408907543612151e-15  1.666181569711907e-04 -0.000000000000000e+00 
 6.760829753919782e+01 -1.473871735117049e-28  2.354074113459143e-15  1.666181571634714e-04 -0.000000000000000e+00 
 6.918309709189329e+01 -1.473695147281726e-28  2.300488844560946e-15  1.666181573648140e-04 -0.000000000000000e+00 
 7.079457843841342e+01 -1.473510248765898e-28  2.248123325298703e-15  1.666181575756455e-04 -0.000000000000000e+00 
 7.244359600749863e+01 -1.473316647375891e-28  2.196949790780964e-15  1.666181577964132e-04 -0.000000000000000e+00 
 7.413102413009136e+01 -1.473113932458150e-28  2.146941108122366e-15  1.666181580275854e-04 -0.000000000000000e+00 
 7.585775750291798e+01 -1.472901674028205e-28  2.098070762057419e-15  1.666181582696524e-04  6.250000000000000e-02 
 7.762471166286876e+01 -1.472679421858616e-28  2.050312840881765e-15  1.666181585231277e-04 -0.000000000000000e+00 
 7.943282347242773e+01 -1.472446704523997e-28  2.003642022713446e-15  1.666181587885488e-04 -0.000000000000000e+00 
 8.128305161640949e+01 -1.472203028401072e-28  1.958033562066906e-15  1.666181590664789e-04 -0.000000000000000e+00 
 8.317637711026666e+01 -1.471947876621637e-28  1.913463276732613e-15  1.666181593575074e-04 -0.000000000000000e+00 
 8.511380382023719e+01 -1.471680707976230e-28  1.869907534955323e-15  1.666181596622517e-04 -0.000000000000000e+00 
 8.709635899560760e+01 -1.471400955766172e-28  1.827343242904219e-15  1.666181599813581e-04 -0.000000000000000e+00 
 8.912509381337408e+01 -1.471108026601535e-28  1.785747832428251e-15  1.666181603155035e-04 -0.000000000000000e+00 
 9.120108393559049e+01 -1.470801299142497e-28  1.745099249090203e-15  1.666181606653968e-04 -0.000000000000000e+00 
 9.332543007969861e+01 -1.470480122781420e-28  1.705375940473141e-15  1.666181610317799e-04 -0.000000000000000e+00 
 9.549925860214309e+01 -1.470143816262843e-28  1.666556844753037e-15  1.666181614154302e-04 -0.000000000000000e+00 
 9.772372209558054e+01 -1.469791666238468e-28  1.628621379531510e-15  1.666181618171613e-04 -0.000000000000000e+00 
 9.999999999999946e+01 -1.469422925754082e-28  1.591549430922763e-15  1.666181622378254e-04 -0.000000000000000e+00 
 1.023292992280749e+02 -1.469036812665191e-28  1.555321342888938e-15  1.666181626783149e-04 -0.000000000000000e+00 
 1.047128548050894e+02 -1.468632507978019e-28  1.519917906818224e-15  1.666181631395639e-04 -0.000000000000000e+00 
 1.071519305237600e+02 -1.468209154112339e-28  1.485320351340198e-15  1.666181636225509e-04 -0.000000000000000e+00 
 1.096478196143179e+02 -1.467765853082476e-28  1.451510332372991e-15  1.666181641283004e-04 -0.000000000000000e+00 
 1.122018454301957e+02 -1.467301664592589e-28  1.418469923397018e-15  1.666181646578851e-04  1.250000000000000e-01 
 1.148153621496876e+02 -1.466815604042224e-28  1.386181605950101e-15  1.666181652124283e-04 -0.000000000000000e+00 
 1.174897554939523e+02 -1.466306640437896e-28  1.354628260338940e-15  1.666181657931063e-04  1.250000000000000e-01 
 1.202264434617406e+02 -1.465773694206259e-28  1.323793156562036e-15  1.666181664011509e-04 -0.000000000000000e+00 
 1.230268770812374e+02 -1.465215634904245e-28  1.293659945439215e-15  1.666181670378516e-04 -0.000000000000000e+00 
 1.258925411794160e+02 -1.464631278821309e-28  1.264212649943080e-15  1.666181677045591e-04 -0.000000000000000e+00 
 1.288249551693126e+02 -1.464019386468680e-28  1.235435656727777e-15  1.666181684026875e-04 -0.000000000000000e+00 
 1.318256738556399e+02 -1.463378659950324e-28  1.207313707850595e-15  1.666181691337177e-04 -0.000000000000000e+00 
 1.348962882591645e+02 -1.462707740210009e-28  1.179831892682002e-15  1.666181698992003e-04 -0.000000000000000e+00 
 1.380384264602876e+02 -1.462005204148654e-28  1.152975639999830e-15  1.666181707007589e-04 -0.000000000000000e+00 
 1.412537544622746e+02 -1.461269561605846e-28  1.126730710263423e-15  1.666181715400937e-04 -0.000000000000000e+00 
 1.445439770745919e+02 -1.460499252199117e-28  1.101083188063641e-15  1.666181724189852e-04 -0.000000000000000e+00 
 1.479108388168198e+02 -1.459692642014291e-28  1.076019474744730e-15  1.666181733392975e-04 -0.000000000000000e+00 
 1.513561248436199e+02 -1.458848020139843e-28  1.051526281194130e-15  1.666181743029827e-04 -0.000000000000000e+00 
 1.548816618912472e+02 -1.457963595037989e-28  1.027590620796415e-15  1.666181753120850e-04 -0.000000000000000e+00 
 1.584893192461104e+02 -1.457037490744746e-28  1.004199802547616e-15  1.666181763687446e-04 -0.000000000000000e+00 
 1.621810097358920e+02 -1.456067742890923e-28  9.813414243262834e-16  1.666181774752031e-04 -0.000000000000000e+00 
 1.659586907437551e+02 -1.455052294535631e-28  9.590033663177182e-16  1.666181786338073e-04 -0.000000000000000e+00 
 1.698243652461734e+02 -1.453988991803433e-28  9.371737845878848e-16  1.666181798470147e-04 -0.000000000000000e+00 
 1.737800828749365e+02 -1.452875579315922e-28  9.158411048036017e-16  1.666181811173988e-04 -0.000000000000000e+00 
 1.778279410038912e+02 -1.451709695407996e-28  8.949940160956752e-16  1.666181824476540e-04 -0.000000000000000e+00 
 1.819700858609972e+02 -1.450488867118736e-28  8.746214650617293e-16  1.666181838406023e-04 -0.000000000000000e+00 
 1.862087136662855e+02 -1.449210504946208e-28  8.547126499055424e-16  1.666181852991979e-04 -0.000000000000000e+00 
 1.905460717963235e+02 -1.447871897355125e-28  8.352570147097951e-16  1.666181868265350e-04 -0.000000000000000e+00 
 1.949844599758032e+02 -1.446470205025663e-28  8.162442438391807e-16  1.666181884258531e-04 -0.000000000000000e+00 
 1.995262314968867e+02 -1.445002454831285e-28  7.976642564709192e-16  1.666181901005446e-04 -0.000000000000000e+00 
 2.041737944669516e+02 -1.443465533532764e-28  7.795072012497733e-16  1.666181918541617e-04  2.500000000000000e-01 
 2.089296130854026e+02 -1.441856181175072e-28  7.617634510647279e-16  1.666181936904241e-04 -0.000000000000000e+00 
 2.137962089502218e+02 -1.440170984173079e-28  7.444235979445683e-16  1.666181956132266e-04 -0.000000000000000e+00 
 2.187761623949538e+02 -1.438406368071466e-28  7.274784480696498e-16  1.666181976266478e-04 -0.000000000000000e+00 
 2.238721138568325e+02 -1.436558589963439e-28  7.109190168972136e-16  1.666181997349583e-04 -0.000000000000000e+00 
 2.290867652767758e+02 -1.434623730552211e-28  6.947365243976620e-16  1.666182019426303e-04 -0.000000000000000e+00 
 2.344228815319906e+02 -1.432597685838396e-28  6.789223903992711e-16  1.666182042543462e-04 -0.000000000000000e+00 
 2.398832919019474e+02 -1.430476158415698e-28  6.634682300388700e-16  1.666182066750098e-04 -0.000000000000000e+00 
 2.454708915685014e+02 -1.428254648356440e-28  6.483658493160759e-16  1.666182092097553e-04 -0.000000000000000e+00 
 2.511886431509563e+02 -1.425928443667596e-28  6.336072407487255e-16  1.666182118639592e-04 -0.000000000000000e+00 
 2.570395782768846e+02 -1.423492610297115e-28  6.191845791272035e-16  1.666182146432515e-04 -0.000000000000000e+00 
 2.630267991895364e+02 -1.420941981669315e-28  6.050902173654117e-16  1.666182175535275e-04 -0.000000000000000e+00 
 2.691534803926897e+02 -1.418271147727187e-28  5.913166824461829e-16  1.666182206009599e-04 -0.000000000000000e+00 
 2.754228703338148e+02 -1.415474443458376e-28  5.778566714589885e-16  1.666182237920128e-04 -0.000000000000000e+00 
 2.818382931264435e+02 -1.412545936880485e-28  5.647030477278389e-16  1.666182271334548e-04 -0.000000000000000e+00 
 2.884031503126586e+02 -1.409479416460268e-28  5.518488370273233e-16  1.666182306323735e-04 -0.000000000000000e+00 
 2.951209226666365e+02 -1.406268377940021e-28  5.392872238847822e-16  1.666182342961904e-04  2.500000000000000e-01 
 3.019951720401995e+02 -1.402906010543239e-28  5.270115479666556e-16  1.666182381326768e-04 -0.000000000000000e+00 
 3.090295432513569e+02 -1.399385182530312e-28  5.150153005470831e-16  1.666182421499704e-04 -0.000000000000000e+00 
 3.162277660168357e+02 -1.395698426073634e-28  5.032921210568940e-16  1.666182463565922e-04  2.500000000000000e-01 
 3.235936569296260e+02 -1.391837921420056e-28  4.918357937111481e-16  1.666182507614649e-04  2.500000000000000e-01 
 3.311311214825888e+02 -1.387795480307131e-28  4.806402442134444e-16  1.666182553739317e-04 -0.000000000000000e+00 
 3.388441561392002e+02 -1.383562528597982e-28  4.696995365352484e-16  1.666182602037761e-04 -0.000000000000000e+00 
 3.467368504525292e+02 -1.379130088097995e-28  4.590078697685313e-16  1.666182652612427e-04  2.500000000000000e-01 
 3.548133892335729e+02 -1.374488757514802e-28  4.485595750500534e-16  1.666182705570587e-04 -0.000000000000000e+00 
 3.630780547700987e+02 -1.369628692521191e-28  4.383491125556549e-16  1.666182761024572e-04 -0.000000000000000e+00 
 3.715352290971698e+02 -1.364539584878696e-28  4.283710685629698e-16  1.666182819092004e-04 -0.000000000000000e+00 
 3.801893963205584e+02 -1.359210640577637e-28  4.186201525809979e-16  1.666182879896048e-04 -0.000000000000000e+00 
 3.890451449942777e+02 -1.353630556947255e-28  4.090911945450173e-16  1.666182943565678e-04 -0.000000000000000e+00 
 3.981071705534943e+02 -1.347787498687470e-28  3.997791420753467e-16  1.666183010235940e-04 -0.000000000000000e+00 
 4.073802778041097e+02 -1.341669072771467e-28  3.906790577985071e-16  1.666183080048247e-04 -0.000000000000000e+00 
 4.168693834703323e+02 -1.335262302165908e-28  3.817861167293607e-16  1.666183153150678e-04 -0.000000000000000e+00 
 4.265795188015895e+02 -1.328553598313139e-28  3.730956037128411e-16  1.666183229698287e-04 -0.000000000000000e+00 
 4.365158322401627e+02 -1.321528732317041e-28  3.646029109239141e-16  1.666183309853439e-04 -0.000000000000000e+00 
 4.466835921509598e+02 -1.314172804771517e-28  3.563035354244489e-16  1.666183393786148e-04 -0.000000000000000e+00 
 4.570881896148716e+02 -1.306470214167693e-28  3.481930767757006e-16  1.666183481674441e-04 -0.000000000000000e+00 
 4.677351412871947e+02 -1.298404623812908e-28  3.402672347051391e-16  1.666183573704734e-04  5.000000000000000e-01 
 4.786300923226348e+02 -1.289958927191423e-28  3.325218068263876e-16  1.666183670072231e-04 -0.000000000000000e+00 
 4.897788193684425e+02 -1.281115211693494e-28  3.249526864110619e-16  1.666183770981330e-04 -0.000000000000000e+00 
 5.011872336272685e+02 -1.271854720635984e-28  3.175558602113284e-16  1.666183876646068e-04  5.000000000000000e-01 
 5.128613839913610e+02 -1.262157813494104e-28  3.103274063320280e-16  1.666183987290564e-04 -0.000000000000000e+00 
 5.248074602497686e+02 -1.252003924260051e-28  3.032634921512334e-16  1.666184103149499e-04  5.000000000000000e-01 
 5.370317963702487e+02 -1.241371517840399e-28  2.963603722881444e-16  1.666184224468616e-04  5.000000000000000e-01 
 5.495408738576203e+02 -1.230238044399915e-28  2.896143866172360e-16  1.666184351505238e-04 -0.000000000000000e+00 
 5.623413251903447e+02 -1.218579891555155e-28  2.830219583276114e-16  1.666184484528813e-04 -0.000000000000000e+00 
 5.754399373371524e+02 -1.206372334316659e-28  2.765795920265308e-16  1.666184623821489e-04 -0.000000000000000e+00 
 5.888436553555844e+02 -1.193589482673770e-28  2.702838718861061e-16  1.666184769678707e-04 -0.000000000000000e+00 
 6.025595860743530e+02 -1.180204226711178e-28  2.641314598321856e-16  1.666184922409835e-04 -0.000000000000000e+00 
 6.165950018614773e+02 -1.166188179141027e-28  2.581190937744612e-16  1.666185082338817e-04  5.000000000000000e-01 
 6.309573444801882e+02 -1.151511615129020e-28  2.522435858768663e-16  1.666185249804864e-04 -0.000000000000000e+00 
 6.456542290346504e+02 -1.136143409287189e-28  2.465018208673416e-16  1.666185425163171e-04  5.000000000000000e-01 
 6.606934480075907e+02 -1.120050969700079e-28  2.408907543860784e-16  1.666185608785674e-04 -0.000000000000000e+00 
 6.760829753919763e+02 -1.103200168844778e-28  2.354074113713566e-16  1.666185801061833e-04 -0.000000000000000e+00 
 6.918309709189309e+02 -1.085555271258736e-28  2.300488844821293e-16  1.666186002399461e-04 -0.000000000000000e+00 
 7.079457843841321e+02 -1.067078857802401e-28  2.248123325565116e-16  1.666186213225592e-04 -0.000000000000000e+00 
 7.244359600749841e+02 -1.047731746356574e-28  2.196949791053582e-16  1.666186433987381e-04 -0.000000000000000e+00 
 7.413102413009113e+02 -1.027472908786835e-28  2.146941108401334e-16  1.666186665153053e-04 -0.000000000000000e+00 
 7.585775750291774e+02 -1.006259383999568e-28  2.098070762342886e-16  1.666186907212902e-04 -0.000000000000000e+00 
 7.762471166286851e+02 -9.840461869058326e-29  2.050312841173880e-16  1.666187160680320e-04  1.000000000000000e+00 
 7.943282347242747e+02 -9.607862131007735e-29  2.003642023012364e-16  1.666187426092897e-04 -0.000000000000000e+00 
 8.128305161640923e+02 -9.364301390572104e-29  1.958033562372787e-16  1.666187704013550e-04 -0.000000000000000e+00 
 8.317637711026639e+02 -9.109263176226149e-29  1.913463277045618e-16  1.666187995031727e-04 -0.000000000000000e+00 
 8.511380382023692e+02 -8.842206685988396e-29  1.869907535275618e-16  1.666188299764647e-04 -0.000000000000000e+00 
 8.709635899560732e+02 -8.562565641735859e-29  1.827343243231974e-16  1.666188618858617e-04 -0.000000000000000e+00 
 8.912509381337379e+02 -8.269747089618212e-29  1.785747832763640e-16  1.666188952990396e-04 -0.000000000000000e+00 
 9.120108393559019e+02 -7.963130144040295e-29  1.745099249433403e-16  1.666189302868634e-04 -0.000000000000000e+00 
 9.332543007969830e+02 -7.642064672563153e-29  1.705375940824335e-16  1.666189669235371e-04 -0.000000000000000e+00 
 9.549925860214277e+02 -7.305869918950410e-29  1.666556845112412e-16  1.666190052867614e-04 -0.000000000000000e+00 
 9.772372209558022e+02 -6.953833061456403e-29  1.628621379899254e-16  1.666190454578980e-04 -0.000000000000000e+00 
 9.999999999999912e+02 -6.585207703317529e-29  1.591549431299072e-16  1.666190875221423e-04 -0.000000000000000e+00 
 1.023292992280745e+03 -6.199212292265905e-29  1.555321343274012e-16  1.666191315687042e-04 -0.000000000000000e+00 
 1.047128548050890e+03 -5.795028465735909e-29  1.519917907212267e-16  1.666191776909967e-04 -0.000000000000000e+00 
 1.071519305237597e+03 -5.371799318279014e-29  1.485320351743418e-16  1.666192259868343e-04 -0.000000000000000e+00 
 1.096478196143175e+03 -4.928627587539608e-29  1.451510332785602e-16  1.666192765586403e-04 -0.000000000000000e+00 
 1.122018454301953e+03 -4.464573754974365e-29  1.418469923819240e-16  1.666193295136636e-04 -0.000000000000000e+00 
 1.148153621496872e+03 -3.978654057320063e-29  1.386181606382156e-16  1.666193849642065e-04  1.000000000000000e+00 
 1.174897554939519e+03 -3.469838404628341e-29  1.354628260781058e-16  1.666194430278624e-04 -0.000000000000000e+00 
 1.202264434617402e+03 -2.937048200491494e-29  1.323793157014451e-16  1.666195038277648e-04 -0.000000000000000e+00 
 1.230268770812370e+03 -2.379154059879710e-29  1.293659945902167e-16  1.666195674928487e-04 -0.000000000000000e+00 
 1.258925411794156e+03 -1.794973419797136e-29  1.264212650416814e-16  1.666196341581236e-04  1.000000000000000e+00 
 1.288249551693122e+03 -1.183268037741655e-29  1.235435657212545e-16  1.666197039649598e-04 -0.000000000000000e+00 
 1.318256738556395e+03 -5.427413727201192e-30  1.207313708346653e-16  1.666197770613874e-04 -0.000000000000000e+00 
 1.348962882591641e+03  1.279641566724462e-30  1.179831893189613e-16  1.666198536024107e-04 -0.000000000000000e+00 
 1.380384264602872e+03  8.302700428560834e-30  1.152975640519264e-16  1.666199337503361e-04 -0.000000000000000e+00 
 1.412537544622741e+03  1.565664694563849e-29  1.126730710794954e-16  1.666200176751161e-04 -0.000000000000000e+00 
 1.445439770745914e+03  2.335706583125733e-29  1.101083188607552e-16  1.666201055547095e-04 -0.000000000000000e+00 
 1.479108388168193e+03  3.142027536319746e-29  1.076019475301309e-16  1.666201975754581e-04 -0.000000000000000e+00 
 1.513561248436194e+03  3.986336186676792e-29  1.051526281763671e-16  1.666202939324817e-04 -0.000000000000000e+00 
 1.548816618912467e+03  4.870421581442599e-29  1.027590621379220e-16  1.666203948300912e-04 -0.000000000000000e+00 
 1.584893192461099e+03  5.796156961733163e-29  1.004199803143994e-16  1.666205004822213e-04 -0.000000000000000e+00 
 1.621810097358915e+03  6.765503718766899e-29  9.813414249365510e-17  1.666206111128839e-04 -0.000000000000000e+00 
 1.659586907437545e+03  7.780610694810603e-29  9.590033669421981e-17  1.666207269566420e-04 -0.000000000000000e+00 
 1.698243652461728e+03  8.843437880759293e-29  9.371737852269078e-17  1.666208482591067e-04  2.000000000000000e+00 
 1.737800828749359e+03  9.956331912014891e-29  9.158411054575069e-17  1.666209752774572e-04 -0.000000000000000e+00 
 1.778279410038906e+03  1.112165018075383e-28  8.949940167648093e-17  1.666211082809854e-04 -0.000000000000000e+00 
 1.819700858609966e+03  1.234186096880793e-28  8.746214657464462e-17  1.666212475516657e-04 -0.000000000000000e+00 
 1.862087136662849e+03  1.361954865340020e-28  8.547126506062050e-17  1.666213933847519e-04 -0.000000000000000e+00 
 1.905460717963228e+03  1.495741915625866e-28  8.352570154267746e-17  1.666215460894026e-04 -0.000000000000000e+00 
 1.949844599758026e+03  1.635830564738931e-28  8.162442445728567e-17  1.666217059893348e-04 -0.000000000000000e+00 
 1.995262314968860e+03  1.782517451530224e-28  7.976642572216807e-17  1.666218734235095e-04  2.000000000000000e+00 
 2.041737944669509e+03  1.936113161602227e-28  7.795072020180182e-17  1.666220487468486e-04 -0.000000000000000e+00 
 2.089296130854019e+03  2.096942881377230e-28  7.617634518508627e-17  1.666222323309859e-04 -0.000000000000000e+00 
 2.137962089502211e+03  2.265347082680377e-28  7.444235987490096e-17  1.666224245650531e-04 -0.000000000000000e+00 
 2.187761623949531e+03  2.441682239245468e-28  7.274784488928235e-17  1.666226258565031e-04 -0.000000000000000e+00 
 2.238721138568317e+03  2.626321576615279e-28  7.109190177395559e-17  1.666228366319716e-04 -0.000000000000000e+00 
 2.290867652767750e+03  2.819655856974132e-28  6.947365252596190e-17  1.666230573381791e-04 -0.000000000000000e+00 
 2.344228815319898e+03  3.022094200519681e-28  6.789223912812992e-17  1.666232884428754e-04 -0.000000000000000e+00 
 2.398832919019466e+03  3.234064945052572e-28  6.634682309414361e-17  1.666235304358288e-04 -0.000000000000000e+00 
 2.454708915685005e+03  3.456016545537826e-28  6.483658502396580e-17  1.666237838298607e-04 -0.000000000000000e+00 
 2.511886431509554e+03  3.688418515469649e-28  6.336072416938125e-17  1.666240491619294e-04  2.000000000000000e+00 
 2.570395782768837e+03  3.931762411952936e-28  6.191845800942962e-17  1.666243269942650e-04 -0.000000000000000e+00 
 2.630267991895354e+03  4.186562866499116e-28  6.050902183550218e-17  1.666246179155568e-04 -0.000000000000000e+00 
 2.691534803926887e+03  4.453358663622505e-28  5.913166834588339e-17  1.666249225421961e-04 -0.000000000000000e+00 
 2.754228703338138e+03  4.732713869414583e-28  5.778566724952169e-17  1.666252415195791e-04 -0.000000000000000e+00 
 2.818382931264424e+03  5.025219012369503e-28  5.647030487881927e-17  1.666255755234681e-04  2.000000000000000e+00 
 2.884031503126575e+03  5.331508176165136e-28  5.518488381123640e-17  1.666259252614186e-04 -0.000000000000000e+00 
 2.951209226666354e+03  5.652196862701058e-28  5.392872249950841e-17  1.666262914742720e-04 -0.000000000000000e+00 
 3.019951720401984e+03  5.987978488854593e-28  5.270115491028058e-17  1.666266749377189e-04 -0.000000000000000e+00 
 3.090295432513557e+03  6.339562371230271e-28  5.150153017096829e-17  1.666270764639347e-04 -0.000000000000000e+00 
 3.162277660168345e+03  6.707691063453117e-28  5.032921222465584e-17  1.666274969032925e-04 -0.000000000000000e+00 
 3.235936569296248e+03  7.093141904070680e-28  4.918357949285064e-17  1.666279371461555e-04 -0.000000000000000e+00 
 3.311311214825875e+03  7.496728635622116e-28  4.806402454591404e-17  1.666283981247534e-04 -0.000000000000000e+00 
 3.388441561391989e+03  7.919303098056765e-28  4.696995378099409e-17  1.666288808151461e-04 -0.000000000000000e+00 
 3.467368504525279e+03  8.361756999817809e-28  4.590078710728946e-17  1.666293862392796e-04 -0.000000000000000e+00 
 3.548133892335716e+03  8.825023770045222e-28  4.485595763847768e-17  1.666299154671375e-04 -0.000000000000000e+00 
 3.630780547700973e+03  9.310080495494835e-28  4.383491139214441e-17  1.666304696189927e-04 -0.000000000000000e+00 
 3.715352290971684e+03  9.817965800720549e-28  4.283710699605466e-17  1.666310498677643e-04 -0.000000000000000e+00 
 3.801893963205570e+03  1.034971854630325e-27  4.186201540111012e-17  1.666316574414842e-04 -0.000000000000000e+00 
 3.890451449942763e+03  1.090647517270186e-27  4.090911960084026e-17  1.666322936258786e-04  4.000000000000000e+00 
 3.981071705534928e+03  1.148940859495395e-27  3.997791435727872e-17  1.666329597670695e-04  4.000000000000000e+00 
 4.073802778041082e+03  1.209974647756224e-27  3.906790593307937e-17  1.666336572744022e-04 -0.000000000000000e+00 
 4.168693834703307e+03  1.273877376386525e-27  3.817861182973029e-17  1.666343876234036e-04 -0.000000000000000e+00 
 4.265795188015879e+03  1.340783531971528e-27  3.730956053172667e-17  1.666351523588783e-04 -0.000000000000000e+00 
 4.365158322401610e+03  1.410833869637981e-27  3.646029125656702e-17  1.666359530981487e-04 -0.000000000000000e+00 
 4.466835921509581e+03  1.484176494375330e-27  3.563035371044021e-17  1.666367915344443e-04 -0.000000000000000e+00 
 4.570881896148699e+03  1.560963992305271e-27  3.481930784947374e-17  1.666376694404498e-04 -0.000000000000000e+00 
 4.677351412871929e+03  1.641358501531837e-27  3.402672364641664e-17  1.666385886720153e-04 -0.000000000000000e+00 
 4.786300923226329e+03  1.725528870960274e-27  3.325218086263334e-17  1.666395511720404e-04 -0.000000000000000e+00 
 4.897788193684407e+03  1.813651796860527e-27  3.249526882528752e-17  1.666405589745360e-04 -0.000000000000000e+00 
 5.011872336272666e+03  1.905913767049004e-27  3.175558620959807e-17  1.666416142088749e-04 -0.000000000000000e+00 
 5.128613839913590e+03  2.002505096131560e-27  3.103274082605123e-17  1.666427191042380e-04 -0.000000000000000e+00 
 5.248074602497666e+03  2.103629827110571e-27  3.032634941245662e-17  1.666438759942651e-04 -0.000000000000000e+00 
 5.370317963702466e+03  2.209499800319508e-27  2.963603743073648e-17  1.666450873219212e-04 -0.000000000000000e+00 
 5.495408738576182e+03  2.320336665291057e-27  2.896143886834074e-17  1.666463556445843e-04 -0.000000000000000e+00 
 5.623413251903426e+03  2.436373118589246e-27  2.830219604418219e-17  1.666476836393692e-04 -0.000000000000000e+00 
 5.754399373371502e+03  2.557850199342481e-27  2.765795941898928e-17  1.666490741086941e-04 -0.000000000000000e+00 
 5.888436553555821e+03  2.685022528349658e-27  2.702838740997579e-17  1.666505299861030e-04 -0.000000000000000e+00 
 6.025595860743507e+03  2.818157387499093e-27  2.641314620972913e-17  1.666520543423536e-04 -0.000000000000000e+00 
 6.165950018614749e+03  2.957529068164905e-27  2.581190960922115e-17  1.666536503917845e-04 -0.000000000000000e+00 
 6.309573444801857e+03  3.103429879003602e-27  2.522435882484791e-17  1.666553214989721e-04 -0.000000000000000e+00 
 6.456542290346478e+03  3.256164698265763e-27  2.465018232940629e-17  1.666570711856907e-04 -0.000000000000000e+00 
 6.606934480075881e+03  3.416049512480554e-27  2.408907568691819e-17  1.666589031381892e-04 -0.000000000000000e+00 
 6.760829753919737e+03  3.583417742674980e-27  2.354074139121457e-17  1.666608212147985e-04 -0.000000000000000e+00 
 6.918309709189281e+03  3.758618516628766e-27  2.300488870819367e-17  1.666628294538829e-04 -0.000000000000000e+00 
 7.079457843841294e+03  3.942012593143984e-27  2.248123352167000e-17  1.666649320821511e-04 -0.000000000000000e+00 
 7.244359600749813e+03  4.133983202848225e-27  2.196949818273218e-17  1.666671335233429e-04 -0.000000000000000e+00 
 7.413102413009085e+03  4.334924743396087e-27  2.146941136252975e-17  1.666694384073065e-04 -0.000000000000000e+00 
 7.585775750291745e+03  4.545254469767310e-27  2.098070790841109e-17  1.666718515794833e-04 -0.000000000000000e+00 
 7.762471166286822e+03  4.765407901935347e-27  2.050312870333593e-17  1.666743781108190e-04 -0.000000000000000e+00 
 7.943282347242717e+03  4.995837432940407e-27  2.003642052848808e-17  1.666770233081163e-04 -0.000000000000000e+00 
 8.128305161640892e+03  5.237020469096598e-27  1.958033592901547e-17  1.666797927248505e-04 -0.000000000000000e+00 
 8.317637711026608e+03  5.489451612251642e-27  1.913463308282632e-17  1.666826921724653e-04 -0.000000000000000e+00 
 8.511380382023659e+03  5.753648334709259e-27  1.869907567237181e-17  1.666857277321699e-04 -0.000000000000000e+00 
 8.709635899560699e+03  6.030155104226691e-27  1.827343275934744e-17  1.666889057672574e-04 -0.000000000000000e+00 
 8.912509381337344e+03  6.319536465911157e-27  1.785747866224647e-17  1.666922329359656e-04  8.000000000000000e+00 
 9.120108393558983e+03  6.622386779995771e-27  1.745099283670061e-17  1.666957162049031e-04 -0.000000000000000e+00 
 9.332543007969793e+03  6.939322746758469e-27  1.705375975854443e-17  1.666993628630629e-04 -0.000000000000000e+00 
 9.549925860214238e+03  7.270989422010942e-27  1.666556880954163e-17  1.667031805364459e-04 -0.000000000000000e+00 
 9.772372209557981e+03  7.618061365081297e-27  1.628621416571250e-17  1.667071772033206e-04 -0.000000000000000e+00 
 9.999999999999871e+03  7.981244617270713e-27  1.591549468820319e-17  1.667113612101414e-04 -0.000000000000000e+00 
 1.023292992280741e+04  8.361274766638377e-27  1.555321381663941e-17  1.667157412881524e-04 -0.000000000000000e+00 
 1.047128548050886e+04  8.758919641176385e-27  1.519917946490735e-17  1.667203265707035e-04 -0.000000000000000e+00 
 1.071519305237592e+04  9.174979038273946e-27  1.485320391930718e-17  1.667251266113021e-04 -0.000000000000000e+00 
 1.096478196143171e+04  9.610291609507124e-27  1.451510373902470e-17  1.667301514024335e-04  8.000000000000000e+00 
 1.122018454301949e+04  1.006572977083778e-26  1.418469965886864e-17  1.667354113951720e-04  8.000000000000000e+00 
 1.148153621496868e+04  1.054220429842178e-26  1.386181649422187e-17  1.667409175196168e-04 -0.000000000000000e+00 
 1.174897554939514e+04  1.104066675024773e-26  1.354628304815614e-17  1.667466812061766e-04 -0.000000000000000e+00 
 1.202264434617397e+04  1.156210782001467e-26  1.323793202066128e-17  1.667527144077375e-04 -0.000000000000000e+00 
 1.230268770812365e+04  1.210756126076624e-26  1.293659991994047e-17  1.667590296227406e-04 -0.000000000000000e+00 
 1.258925411794151e+04  1.267810484398480e-26  1.264212697572475e-17  1.667656399192021e-04 -0.000000000000000e+00 
 1.288249551693117e+04  1.327486198727145e-26  1.235435705456064e-17  1.667725589597043e-04 -0.000000000000000e+00 
 1.318256738556390e+04  1.389900436348862e-26  1.207313757702624e-17  1.667798010273915e-04  1.600000000000000e+01 
 1.348962882591636e+04  1.455174980754521e-26  1.179831943683146e-17  1.667873810529984e-04 -0.000000000000000e+00 
 1.380384264602866e+04  1.523437066886141e-26  1.152975692175998e-17  1.667953146429453e-04 -0.000000000000000e+00 
 1.412537544622735e+04  1.594818798756099e-26  1.126730763641065e-17  1.668036181085278e-04 -0.000000000000000e+00 
 1.445439770745908e+04  1.669457989356688e-26  1.101083242669762e-17  1.668123084962346e-04 -0.000000000000000e+00 
 1.479108388168187e+04  1.747498055646316e-26  1.076019530606890e-17  1.668214036192206e-04 -0.000000000000000e+00 
 1.513561248436188e+04  1.829088057063394e-26  1.051526338340461e-17  1.668309220899671e-04 -0.000000000000000e+00 
 1.548816618912460e+04  1.914382971242944e-26  1.027590679255621e-17  1.668408833541566e-04 -0.000000000000000e+00 
 1.584893192461092e+04  2.003544111275444e-26  1.004199862348989e-17  1.668513077257885e-04 -0.000000000000000e+00 
 1.621810097358908e+04  2.096738990765609e-26  9.813414854997033e-18  1.668622164235650e-04 -0.000000000000000e+00 
 1.659586907437538e+04  2.194141502534798e-26  9.590034288936650e-18  1.668736316085682e-04  1.600000000000000e+01 
 1.698243652461721e+04  2.295932739554616e-26  9.371738485974460e-18  1.668855764232524e-04 -0.000000000000000e+00 
 1.737800828749351e+04  2.402299970964324e-26  9.158411702784757e-18  1.668980750317726e-04  1.600000000000000e+01 
 1.778279410038898e+04  2.513438020422413e-26  8.949940830681823e-18  1.669111526616651e-04 -0.000000000000000e+00 
 1.819700858609958e+04  2.629548278500620e-26  8.746215335648141e-18  1.669248356468947e-04 -0.000000000000000e+00 
 1.862087136662842e+04  2.750840379346653e-26  8.547127199727826e-18  1.669391514722806e-04 -0.000000000000000e+00 
 1.905460717963221e+04  2.877530645729311e-26  8.352570863754044e-18  1.669541288193058e-04 -0.000000000000000e+00 
 1.949844599758018e+04  3.009843287900686e-26  8.162443171380151e-18  1.669697976133127e-04  1.600000000000000e+01 
 1.995262314968852e+04  3.148010221131534e-26  7.976643314384826e-18  1.669861890720812e-04  1.600000000000000e+01 
 2.041737944669501e+04  3.292271337626620e-26  7.795072779222186e-18  1.670033357557804e-04 -0.000000000000000e+00 
 2.089296130854010e+04  3.442873959724917e-26  7.617635294788609e-18  1.670212716182764e-04 -0.000000000000000e+00 
 2.137962089502202e+04  3.600073932107873e-26  7.444236781378512e-18  1.670400320597743e-04 -0.000000000000000e+00 
 2.187761623949522e+04  3.764134823074309e-26  7.274785300802016e-18  1.670596539807603e-04  1.600000000000000e+01 
 2.238721138568308e+04  3.935328053026347e-26  7.109191007638120e-18  1.670801758372049e-04 -0.000000000000000e+00 
 2.290867652767740e+04  4.113933379663481e-26  6.947366101597412e-18  1.671016376969728e-04 -0.000000000000000e+00 
 2.344228815319889e+04  4.300238078571943e-26  6.789224780969228e-18  1.671240812973793e-04 -0.000000000000000e+00 
 2.398832919019456e+04  4.494537347742078e-26  6.634683197128400e-18  1.671475501038148e-04 -0.000000000000000e+00 
 2.454708915684995e+04  4.697134178426392e-26  6.483659410077603e-18  1.671720893693512e-04 -0.000000000000000e+00 
 2.511886431509544e+04  4.908338533065369e-26  6.336073345001670e-18  1.671977461952216e-04 -0.000000000000000e+00 
 2.570395782768826e+04  5.128468037428364e-26  6.191846749810842e-18  1.672245695920576e-04 -0.000000000000000e+00 
 2.630267991895344e+04  5.357846967655345e-26  6.050903153650460e-18  1.672526105417392e-04 -0.000000000000000e+00 
 2.691534803926876e+04  5.596805631412249e-26  5.913167826355083e-18  1.672819220597045e-04 -0.000000000000000e+00 
 2.754228703338126e+04  5.845680364944126e-26  5.778567738825549e-18  1.673125592575346e-04 -0.000000000000000e+00 
 2.818382931264412e+04  6.104813217431273e-26  5.647031524307956e-18  1.673445794056136e-04  3.200000000000000e+01 
 2.884031503126564e+04  6.374550043957412e-26  5.518489440554047e-18  1.673780419956345e-04 -0.000000000000000e+00 
 2.951209226666342e+04  6.655241246235385e-26  5.392873332842909e-18  1.674130088026958e-04  3.200000000000000e+01 
 3.019951720401971e+04  6.947239488393568e-26  5.270116597844434e-18  1.674495439467075e-04 -0.000000000000000e+00 
 3.090295432513544e+04  7.250899537231503e-26  5.150154148305302e-18  1.674877139527872e-04 -0.000000000000000e+00 
 3.162277660168332e+04  7.566576480079132e-26  5.032922378538850e-18  1.675275878103039e-04  3.200000000000000e+01 
 3.235936569296234e+04  7.894624719313308e-26  4.918359130700458e-18  1.675692370301811e-04  3.200000000000000e+01 
 3.311311214825861e+04  8.235396135839870e-26  4.806403661830605e-18  1.676127357000423e-04 -0.000000000000000e+00 
 3.388441561391974e+04  8.589238454174015e-26  4.696996611648112e-18  1.676581605367348e-04  3.200000000000000e+01 
 3.467368504525264e+04  8.956493081739893e-26  4.590079971076515e-18  1.677055909357316e-04  3.200000000000000e+01 
 3.548133892335701e+04  9.337493170842211e-26  4.485597051486837e-18  1.677551090168613e-04  3.200000000000000e+01 
 3.630780547700958e+04  9.732560807619349e-26  4.383492454640501e-18  1.678067996657749e-04  3.200000000000000e+01 
 3.715352290971669e+04  1.014200454743652e-25  4.283712043316398e-18  1.678607505705038e-04  3.200000000000000e+01 
 3.801893963205554e+04  1.056611618420860e-25  4.186202912606590e-18  1.679170522524184e-04 -0.000000000000000e+00 
 3.890451449942747e+04  1.100516712833959e-25  4.090913361865379e-18  1.679757980908398e-04  3.200000000000000e+01 
 3.981071705534912e+04  1.145940510981263e-25  3.997792867296905e-18  1.680370843405059e-04 -0.000000000000000e+00 
 4.073802778041065e+04  1.192904942750382e-25  3.906792055166702e-18  1.681010101410371e-04 -0.000000000000000e+00 
 4.168693834703290e+04  1.241428722029337e-25  3.817862675623064e-18  1.681676775174903e-04 -0.000000000000000e+00 
 4.265795188015862e+04  1.291526734612076e-25  3.730957577114272e-18  1.682371913710346e-04 -0.000000000000000e+00 
 4.365158322401593e+04  1.343209601286414e-25  3.646030681388180e-18  1.683096594587243e-04 -0.000000000000000e+00 
 4.466835921509562e+04  1.396482956077918e-25  3.563036959060858e-18  1.683851923612901e-04 -0.000000000000000e+00 
 4.570881896148680e+04  1.451346895869948e-25  3.481932405741373e-18  1.684639034378142e-04 -0.000000000000000e+00 
 4.677351412871909e+04  1.507795181802897e-25  3.402674018700021e-18  1.685459087661032e-04 -0.000000000000000e+00 
 4.786300923226309e+04  1.565814502558807e-25  3.325219774067667e-18  1.686313270675230e-04 -0.000000000000000e+00 
 4.897788193684386e+04  1.625383597112108e-25  3.249528604554072e-18  1.687202796150158e-04 -0.000000000000000e+00 
 5.011872336272644e+04  1.686472290085661e-25  3.175560377673422e-18  1.688128901229780e-04 -0.000000000000000e+00 
 5.128613839913568e+04  1.749040613845438e-25  3.103275874465509e-18  1.689092846176458e-04 -0.000000000000000e+00 
 5.248074602497643e+04  1.813037560951975e-25  3.032636768701249e-18  1.690095912866092e-04 -0.000000000000000e+00 
 5.370317963702443e+04  1.878400045468820e-25  2.963605606561573e-18  1.691139403060599e-04 -0.000000000000000e+00 
 5.495408738576159e+04  1.945051550860804e-25  2.896145786778859e-18  1.692224636443723e-04 -0.000000000000000e+00 
 5.623413251903402e+04  2.012900807880858e-25  2.830221541230406e-18  1.693352948406291e-04 -0.000000000000000e+00 
 5.754399373371479e+04  2.081840304781988e-25  2.765797915973656e-18  1.694525687567186e-04 -0.000000000000000e+00 
 5.888436553555797e+04  2.151744778090897e-25  2.702840752713108e-18  1.695744213016812e-04 -0.000000000000000e+00 
 6.025595860743483e+04  2.222469441291432e-25  2.641316670689096e-18  1.697009891270310e-04 -0.000000000000000e+00 
 6.165950018614724e+04  2.293848265567918e-25  2.581193048978830e-18  1.698324092918664e-04 -0.000000000000000e+00 
 6.309573444801832e+04  2.365692017207863e-25  2.522438009200322e-18  1.699688188966824e-04 -0.000000000000000e+00 
 6.456542290346453e+04  2.437786221111889e-25  2.465020398610014e-18  1.701103546849275e-04 -0.000000000000000e+00 
 6.606934480075855e+04  2.509889004087325e-25  2.408909773585166e-18  1.702571526115055e-04 -0.000000000000000e+00 
 6.760829753919710e+04  2.581728793063972e-25  2.354076383482227e-18  1.704093473776053e-04 -0.000000000000000e+00 
 6.918309709189254e+04  2.653001853055347e-25  2.300491154862646e-18  1.705670719314624e-04 -0.000000000000000e+00 
 7.079457843841266e+04  2.723369750616232e-25  2.248125676077756e-18  1.707304569349034e-04 -0.000000000000000e+00 
 7.244359600749785e+04  2.792456582772175e-25  2.196952182204551e-18  1.708996301958107e-04 -0.000000000000000e+00 
 7.413102413009056e+04  2.859846184892983e-25  2.146943540324389e-18  1.710747160669630e-04 -0.000000000000000e+00 
 7.585775750291716e+04  2.925079067235668e-25  2.098073235136790e-18  1.712558348120636e-04  6.400000000000000e+01 
 7.762471166286792e+04  2.987649333555558e-25  2.050315354900735e-18  1.714431019401583e-04 -0.000000000000000e+00 
 7.943282347242687e+04  3.047001400566696e-25  2.003644577695971e-18  1.716366275100704e-04 -0.000000000000000e+00 
 8.128305161640861e+04  3.102526514010648e-25  1.958036157997090e-18  1.718365154069387e-04 -0.000000000000000e+00 
 8.317637711026576e+04  3.153559295886458e-25  1.913465913553220e-18  1.720428625934339e-04 -0.000000000000000e+00 
 8.511380382023628e+04  3.199374016051135e-25  1.869910212566392e-18  1.722557583387447e-04  6.400000000000000e+01 
 8.709635899560666e+04  3.239180790539731e-25  1.827345961161799e-18  1.724752834289647e-04 -0.000000000000000e+00 
 8.912509381337311e+04  3.272121699813773e-25  1.785750591143263e-18  1.727015093630685e-04 -0.000000000000000e+00 
 9.120108393558950e+04  3.297266743841196e-25  1.745102048027476e-18  1.729344975392348e-04 -0.000000000000000e+00 
 9.332543007969759e+04  3.313609727154960e-25  1.705378779350628e-18  1.731742984368411e-04 -0.000000000000000e+00 
 9.549925860214204e+04  3.320064042127212e-25  1.666559723241230e-18  1.734209508000267e-04 -0.000000000000000e+00 
 9.772372209557948e+04  3.315458477433734e-25  1.628624297253098e-18  1.736744808292654e-04 -0.000000000000000e+00 
 9.999999999999837e+04  3.298532757871205e-25  1.591552387452549e-18  1.739349013879161e-04 -0.000000000000000e+00 
 1.023292992280737e+05  3.267933240162597e-25  1.555324337754042e-18  1.742022112312029e-04 -0.000000000000000e+00 
 1.047128548050882e+05  3.222208536346653e-25  1.519920939498596e-18  1.744763942655104e-04 -0.000000000000000e+00 
 1.071519305237589e+05  3.159805017237880e-25  1.485323421269484e-18  1.747574188462512e-04 -0.000000000000000e+00 
 1.096478196143167e+05  3.079062453265712e-25  1.451513438939769e-18  1.750452371228509e-04 -0.000000000000000e+00 
 1.122018454301945e+05  2.978209597504515e-25  1.418473065946432e-18  1.753397844396018e-04 -0.000000000000000e+00 
 1.148153621496864e+05  2.855359871583191e-25  1.386184783785929e-18  1.756409788012278e-04 -0.000000000000000e+00 
 1.174897554939510e+05  2.708507044525749e-25  1.354631472726129e-18  1.759487204119872e-04 -0.000000000000000e+00 
 1.202264434617393e+05  2.535521073236036e-25  1.323796402729715e-18  1.762628912969928e-04 -0.000000000000000e+00 
 1.230268770812361e+05  2.334143915580103e-25  1.293663224584233e-18  1.765833550141428e-04 -0.000000000000000e+00 
 1.258925411794146e+05  2.101985600997798e-25  1.264215961234083e-18  1.769099564646326e-04 -0.000000000000000e+00 
 1.288249551693113e+05  1.836520337475685e-25  1.235438999309861e-18  1.772425218094369e-04 -0.000000000000000e+00 
 1.318256738556385e+05  1.535082736941806e-25  1.207317080850547e-18  1.775808584984286e-04 -0.000000000000000e+00 
 1.348962882591631e+05  1.194864270517190e-25  1.179835295214167e-18  1.779247554179219e-04 -0.000000000000000e+00 
 1.380384264602862e+05  8.129098367269210e-26  1.152979071172609e-18  1.782739831614077e-04 -0.000000000000000e+00 
 1.412537544622731e+05  3.861144953329899e-26  1.126734169186438e-18  1.786282944270910e-04 -0.000000000000000e+00 
 1.445439770745904e+05 -8.877961049783753e-27  1.101086673855577e-18  1.789874245445606e-04  1.280000000000000e+02 
 1.479108388168183e+05 -6.151862057016957e-26  1.076022986541871e-18  1.793510921315308e-04 -0.000000000000000e+00 
 1.513561248436183e+05 -1.196677571165504e-25  1.051529818159599e-18  1.797189998801202e-04  1.280000000000000e+02 
 1.548816618912456e+05 -1.836987228372866e-25  1.027594182130148e-18  1.800908354705871e-04 -0.000000000000000e+00 
 1.584893192461087e+05 -2.540012261200763e-25  1.004203387497055e-18  1.804662726088658e-04  1.280000000000000e+02 
 1.621810097358903e+05 -3.309815733782688e-25  9.813450321978250e-19  1.808449721826489e-04 -0.000000000000000e+00 
 1.659586907437533e+05 -4.150628812139355e-25  9.590069964889006e-19  1.812265835291933e-04  1.280000000000000e+02 
 1.698243652461716e+05 -5.066852825894361e-25  9.371774365203448e-19  1.816107458065036e-04 -0.000000000000000e+00 
 1.737800828749346e+05 -6.063061321307351e-25  9.158447780567838e-19  1.819970894581034e-04 -0.000000000000000e+00 
 1.778279410038893e+05 -7.144001950193842e-25  8.949977103413201e-19  1.823852377602798e-04 -0.000000000000000e+00 
 1.819700858609953e+05 -8.314598416378915e-25  8.746251800991318e-19  1.827748084394926e-04  1.280000000000000e+02 
 1.862087136662836e+05 -9.579952392341336e-25  8.547163856775980e-19  1.831654153466237e-04 -0.000000000000000e+00 
 1.905460717963215e+05 -1.094534542530936e-24  8.352607713198266e-19  1.835566701739068e-04 -0.000000000000000e+00 
 1.949844599758012e+05 -1.241624096963112e-24  8.162480215685722e-19  1.839481841997558e-04 -0.000000000000000e+00 
 1.995262314968846e+05 -1.399828647349639e-24  7.976680557975541e-19  1.843395700463140e-04 -0.000000000000000e+00 
 2.041737944669495e+05 -1.569731554398650e-24  7.795110228672947e-19  1.847304434343751e-04 -0.000000000000000e+00 
 2.089296130854004e+05 -1.751935035851428e-24  7.617672959026363e-19  1.851204249204026e-04 -0.000000000000000e+00 
 2.137962089502196e+05 -1.947060408355839e-24  7.444274671891807e-19  1.855091416006749e-04 -0.000000000000000e+00 
 2.187761623949515e+05 -2.155748365940277e-24  7.274823431859363e-19  1.858962287681180e-04 -0.000000000000000e+00 
 2.238721138568301e+05 -2.378659262860779e-24  7.109229396515466e-19  1.862813315081351e-04 -0.000000000000000e+00 
 2.290867652767734e+05 -2.616473428097621e-24  6.947404768815081e-19  1.866641062206894e-04 -0.000000000000000e+00 
 2.344228815319882e+05 -2.869891497481079e-24  6.789263750538671e-19  1.870442220570151e-04 -0.000000000000000e+00 
 2.398832919019449e+05 -3.139634768151258e-24  6.634722496809259e-19  1.874213622606118e-04 -0.000000000000000e+00 
 2.454708915684988e+05 -3.426445579300569e-24  6.483699071645527e-19  1.877952254035680e-04  2.560000000000000e+02 
 2.511886431509537e+05 -3.731087704512235e-24  6.336113404527559e-19  1.881655265107595e-04 -0.000000000000000e+00 
 2.570395782768819e+05 -4.054346773018196e-24  6.191887247952034e-19  1.885319980660167e-04 -0.000000000000000e+00 
 2.630267991895336e+05 -4.397030698851139e-24  6.050944135954676e-19  1.888943908959488e-04 -0.000000000000000e+00 
 2.691534803926869e+05 -4.759970127500579e-24  5.913209343577831e-19  1.892524749287007e-04 -0.000000000000000e+00 
 2.754228703338119e+05 -5.144018886414569e-24  5.778609847261885e-19  1.896060398264859e-04 -0.000000000000000e+00 
 2.818382931264405e+05 -5.550054445175452e-24  5.647074286139429e-19  1.899548954922482e-04 -0.000000000000000e+00 
 2.884031503126556e+05 -5.978978367640565e-24  5.518532924211861e-19  1.902988724522432e-04 -0.000000000000000e+00 
 2.951209226666334e+05 -6.431716754690837e-24  5.392917613388360e-19  1.906378221176692e-04  2.560000000000000e+02 
 3.019951720401964e+05 -6.909220676291408e-24  5.270161757367588e-19  1.909716169296991e-04  2.560000000000000e+02 
 3.090295432513537e+05 -7.412466572081594e-24  5.150200276343207e-19  1.913001503933639e-04 -0.000000000000000e+00 
 3.162277660168324e+05 -7.942456621910830e-24  5.032969572514362e-19  1.916233370066929e-04 -0.000000000000000e+00 
 3.235936569296226e+05 -8.500219070171210e-24  4.918407496383005e-19  1.919411120923330e-04 -0.000000000000000e+00 
 3.311311214825853e+05 -9.086808498954295e-24  4.806453313820092e-19  1.922534315395318e-04 -0.000000000000000e+00 
 3.388441561391967e+05 -9.703306032566300e-24  4.697047673883337e-19  1.925602714648884e-04 -0.000000000000000e+00 
 3.467368504525256e+05 -1.035081946496539e-23  4.590132577369400e-19  1.928616278006538e-04  2.560000000000000e+02 
 3.548133892335693e+05 -1.103048329755995e-23  4.485651346083840e-19  1.931575158195947e-04  2.560000000000000e+02 
 3.630780547700950e+05 -1.174345867108619e-23  4.383548592812576e-19  1.934479696055448e-04 -0.000000000000000e+00 
 3.715352290971660e+05 -1.249093318277661e-23  4.283770191978811e-19  1.937330414787496e-04 -0.000000000000000e+00 
 3.801893963205545e+05 -1.327412056969250e-23  4.186263250969964e-19  1.940128013849917e-04 -0.000000000000000e+00 
 3.890451449942738e+05 -1.409426023883024e-23  4.090976082119365e-19  1.942873362572558e-04 -0.000000000000000e+00 
 3.981071705534903e+05 -1.495261664320981e-23  3.997858175327603e-19  1.945567493583922e-04 -0.000000000000000e+00 
 4.073802778041056e+05 -1.585047847038932e-23  3.906860171309212e-19  1.948211596128521e-04 -0.000000000000000e+00 
 4.168693834703281e+05 -1.678915763783770e-23  3.817933835450261e-19  1.950807009351367e-04 -0.000000000000000e+00 
 4.265795188015852e+05 -1.776998807711712e-23  3.731032032262870e-19  1.953355215621074e-04 -0.000000000000000e+00 
 4.365158322401583e+05 -1.879432428142246e-23  3.646108700423223e-19  1.955857833957939e-04 -0.000000000000000e+00 
 4.466835921509552e+05 -1.986353961525342e-23  3.563118828379301e-19  1.958316613627823e-04 -0.000000000000000e+00 
 4.570881896148669e+05 -2.097902435051066e-23  3.482018430515730e-19  1.960733427957155e-04 -0.000000000000000e+00 
 4.677351412871899e+05 -2.214218342836246e-23  3.402764523862508e-19  1.963110268418710e-04  5.120000000000000e+02 
 4.786300923226299e+05 -2.335443392060791e-23  3.325315105335339e-19  1.965449239032298e-04 -0.000000000000000e+00 
 4.897788193684375e+05 -2.461720217299006e-23  3.249629129495288e-19  1.967752551118979e-04 -0.000000000000000e+00 
 5.011872336272634e+05 -2.593192062812524e-23  3.175666486815454e-19  1.970022518442276e-04 -0.000000000000000e+00 
 5.128613839913558e+05 -2.730002429344694e-23  3.103387982443331e-19  1.972261552764747e-04 -0.000000000000000e+00 
 5.248074602497633e+05 -2.872294686062387e-23  3.032755315446849e-19  1.974472159843621e-04 -0.000000000000000e+00 
 5.370317963702432e+05 -3.020211645092251e-23  2.963731058533114e-19  1.976656935884807e-04 -0.000000000000000e+00 
 5.495408738576148e+05 -3.173895097988201e-23  2.896278638228672e-19  1.978818564470535e-04  5.120000000000000e+02 
 5.623413251903391e+05 -3.333485313573843e-23  2.830362315510371e-19  1.980959813972235e-04  5.120000000000000e+02 
 5.754399373371467e+05 -3.499120496435147e-23  2.765947166876206e-19  1.983083535456980e-04 -0.000000000000000e+00 
 5.888436553555785e+05 -3.670936204953811e-23  2.702999065845898e-19  1.985192661092931e-04  5.120000000000000e+02 
 6.025595860743470e+05 -3.849064730827341e-23  2.641484664880533e-19  1.987290203056702e-04 -0.000000000000000e+00 
 6.165950018614712e+05 -4.033634437262244e-23  2.581371377711927e-19  1.989379252943459e-04 -0.000000000000000e+00 
 6.309573444801820e+05 -4.224769060433574e-23  2.522627362071052e-19  1.991462981678762e-04 -0.000000000000000e+00 
 6.456542290346441e+05 -4.422586971302981e-23  2.465221502806777e-19  1.993544639929798e-04  5.120000000000000e+02 
 6.606934480075843e+05 -4.627200402765984e-23  2.409123395384752e-19  1.995627559012515e-04 -0.000000000000000e+00 
 6.760829753919698e+05 -4.838714641813856e-23  2.354303329757714e-19  1.997715152290445e-04 -0.000000000000000e+00 
 6.918309709189242e+05 -5.057227190439117e-23  2.300732274597977e-19  1.999810917060478e-04 -0.000000000000000e+00 
 7.079457843841253e+05 -5.282826898644682e-23  2.248381861883176e-19  2.001918436920651e-04 -0.000000000000000e+00 
 7.244359600749771e+05 -5.515593072104078e-23  2.197224371826911e-19  2.004041384615037e-04  5.120000000000000e+02 
 7.413102413009043e+05 -5.755594560304982e-23  2.147232718145554e-19  2.006183525351042e-04 -0.000000000000000e+00 
 7.585775750291703e+05 -6.002888828690147e-23  2.098380433653247e-19  2.008348720584853e-04 -0.000000000000000e+00 
 7.762471166286779e+05 -6.257521021794261e-23  2.050641656176835e-19  2.010540932271402e-04 -0.000000000000000e+00 
 7.943282347242674e+05 -6.519523022521937e-23  2.003991114783114e-19  2.012764227575929e-04 -0.000000000000000e+00 
 8.128305161640848e+05 -6.788912515257316e-23  1.958404116310630e-19  2.015022784045142e-04 -0.000000000000000e+00 
 8.317637711026561e+05 -7.065692059799257e-23  1.913856532198778e-19  2.017320895236956e-04 -0.000000000000000e+00 
 8.511380382023612e+05 -7.349848183684208e-23  1.870324785607106e-19  2.019662976808886e-04 -0.000000000000000e+00 
 8.709635899560649e+05 -7.641350502746965e-23  1.827785838817681e-19  2.022053573066350e-04  1.024000000000000e+03 
 8.912509381337294e+05 -7.940150877897895e-23  1.786217180914037e-19  2.024497363973383e-04 -0.000000000000000e+00 
 9.120108393558932e+05 -8.246182617343532e-23  1.745596815730275e-19  2.026999172629568e-04  1.024000000000000e+03 
 9.332543007969741e+05 -8.559359735282864e-23  1.705903250063912e-19  2.029563973218342e-04 -0.000000000000000e+00 
 9.549925860214186e+05 -8.879576272587406e-23  1.667115482147232e-19  2.032196899433221e-04 -0.000000000000000e+00 
 9.772372209557928e+05 -9.206705698876652e-23  1.629212990369920e-19  2.034903253389946e-04 -0.000000000000000e+00 
 9.999999999999817e+05 -9.540600391416159e-23  1.592175722249872e-19  2.037688515033965e-04 -0.000000000000000e+00 
 1.023292992280735e+06 -9.881091214229859e-23  1.555984083644769e-19  2.040558352054204e-04 -0.000000000000000e+00 
 1.047128548050880e+06 -1.022798719734797e-22  1.520618928200975e-19  2.043518630315540e-04 -0.000000000000000e+00 
 1.071519305237587e+06 -1.058107532925753e-22  1.486061547034388e-19  2.046575424823957e-04 -0.000000000000000e+00 
 1.096478196143165e+06 -1.094012046814863e-22  1.452293658639152e-19  2.049735031239895e-04  1.024000000000000e+03 
 1.122018454301943e+06 -1.130486537918905e-22  1.419297399020016e-19  2.053003977956893e-04  1.024000000000000e+03 
 1.148153621496861e+06 -1.167503090513277e-22  1.387055312044122e-19  2.056389038764209e-04 -0.000000000000000e+00 
 1.174897554939508e+06 -1.205031627208520e-22  1.355550340008924e-19  2.059897246113735e-04 -0.000000000000000e+00 
 1.202264434617390e+06 -1.243039953575148e-22  1.324765814422335e-19  2.063535905013165e-04 -0.000000000000000e+00 
 1.230268770812358e+06 -1.281493817041907e-22  1.294685446991686e-19  2.067312607569046e-04  1.024000000000000e+03 
 1.258925411794143e+06 -1.320356979712232e-22  1.265293320818740e-19  2.071235248205067e-04 -0.000000000000000e+00 
 1.288249551693110e+06 -1.359591305402217e-22  1.236573881797065e-19  2.075312039582666e-04  1.024000000000000e+03 
 1.318256738556382e+06 -1.399156860184988e-22  1.208511930209275e-19  2.079551529252832e-04 -0.000000000000000e+00 
 1.348962882591628e+06 -1.439012026136439e-22  1.181092612520949e-19  2.083962617069787e-04 -0.000000000000000e+00 
 1.380384264602859e+06 -1.479113627459257e-22  1.154301413368568e-19  2.088554573399129e-04 -0.000000000000000e+00 
 1.412537544622727e+06 -1.519417068394264e-22  1.128124147738315e-19  2.093337058154909e-04 -0.000000000000000e+00 
 1.445439770745900e+06 -1.559876481305828e-22  1.102546953333598e-19  2.098320140702119e-04 -0.000000000000000e+00 
 1.479108388168179e+06 -1.600444884393008e-22  1.077556283127737e-19  2.103514320663091e-04 -0.000000000000000e+00 
 1.513561248436179e+06 -1.641074347204258e-22  1.053138898099486e-19  2.108930549668408e-04 -0.000000000000000e+00 
 1.548816618912452e+06 -1.681716162959123e-22  1.029281860147963e-19  2.114580254095111e-04 -0.000000000000000e+00 
 1.584893192461083e+06 -1.722321025477964e-22  1.005972525184642e-19  2.120475358837212e-04 -0.000000000000000e+00 
 1.621810097358899e+06 -1.762839209776284e-22  9.831985363985615e-20  2.126628312155878e-04 -0.000000000000000e+00 
 1.659586907437529e+06 -1.803220754105982e-22  9.609478176920588e-20  2.133052111659019e-04 -0.000000000000000e+00 
 1.698243652461712e+06 -1.843415641824900e-22  9.392085672835652e-20  2.139760331462578e-04 -0.000000000000000e+00 
 1.737800828749342e+06 -1.883373981517397e-22  9.179692514738350e-20  2.146767150588331e-04 -0.000000000000000e+00 
 1.778279410038889e+06 -1.923046183656724e-22  8.972185985720433e-20  2.154087382655803e-04 -0.000000000000000e+00 
 1.819700858609949e+06 -1.962383131607327e-22  8.769455929785024e-20  2.161736506928644e-04 -0.000000000000000e+00 
 1.862087136662832e+06 -2.001336346221291e-22  8.571394694194239e-20  2.169730700778749e-04 -0.000000000000000e+00 
 1.905460717963211e+06 -2.039858141661916e-22  8.377897073305604e-20  2.178086873634488e-04  2.048000000000000e+03 
 1.949844599758008e+06 -2.077901771855817e-22  8.188860253850464e-20  2.186822702482518e-04  2.048000000000000e+03 
 1.995262314968841e+06 -2.115421565615007e-22  8.004183761619468e-20  2.195956668996047e-04 -0.000000000000000e+00 
 2.041737944669490e+06 -2.152373049680526e-22  7.823769409510756e-20  2.205508098365770e-04 -0.000000000000000e+00 
 2.089296130853999e+06 -2.188713058712023e-22  7.647521246899543e-20  2.215497199913402e-04 -0.000000000000000e+00 
 2.137962089502191e+06 -2.224399831619018e-22  7.475345510286052e-20  2.225945109571415e-04 -0.000000000000000e+00 
 2.187761623949510e+06 -2.259393092888897e-22  7.307150575185755e-20  2.236873934316586e-04 -0.000000000000000e+00 
 2.238721138568296e+06 -2.293654119738325e-22  7.142846909211346e-20  2.248306798648999e-04 -0.000000000000000e+00 
 2.290867652767729e+06 -2.327145793378993e-22  6.982347026316338e-20  2.260267893212512e-04 -0.000000000000000e+00 
 2.344228815319877e+06 -2.359832635654661e-22  6.825565442150729e-20  2.272782525657134e-04 -0.000000000000000e+00 
 2.398832919019444e+06 -2.391680830161058e-22  6.672418630496595e-20  2.285877173848503e-04 -0.000000000000000e+00 
 2.454708915684983e+06 -2.422658228740586e-22  6.522824980741213e-20  2.299579541534531e-04 -0.000000000000000e+00 
 2.511886431509531e+06 -2.452734342992350e-22  6.376704756355888e-20  2.313918616584492e-04  2.048000000000000e+03 
 2.570395782768813e+06 -2.481880322374708e-22  6.233980054338463e-20  2.328924731921136e-04 -0.000000000000000e+00 
 2.630267991895330e+06 -2.510068918157531e-22  6.094574765594289e-20  2.344629629272185e-04  2.048000000000000e+03 
 2.691534803926863e+06 -2.537274435459679e-22  5.958414536214315e-20  2.361066525873389e-04 -0.000000000000000e+00 
 2.754228703338112e+06 -2.563472672351033e-22  5.825426729630522e-20  2.378270184261590e-04  2.048000000000000e+03 
 2.818382931264398e+06 -2.588640848928512e-22  5.695540389608070e-20  2.396276985302777e-04  2.048000000000000e+03 
 2.884031503126549e+06 -2.612757525184177e-22  5.568686204058887e-20  2.415125004606946e-04 -0.000000000000000e+00 
 2.951209226666328e+06 -2.635802510375161e-22  5.444796469641394e-20  2.434854092488784e-04 -0.000000000000000e+00 
 3.019951720401957e+06 -2.657756763421562e-22  5.323805057130391e-20  2.455505957640776e-04 -0.000000000000000e+00 
 3.090295432513529e+06 -2.678602286106980e-22  5.205647377530358e-20  2.477124254693299e-04 -0.000000000000000e+00 
 3.162277660168317e+06 -2.698322009531459e-22  5.090260348914139e-20  2.499754675844613e-04 -0.000000000000000e+00 
 3.235936569296218e+06 -2.716899675491838e-22  4.977582363964125e-20  2.523445046752615e-04 -0.000000000000000e+00 
 3.311311214825845e+06 -2.734319711721455e-22  4.867553258207322e-20  2.548245426889315e-04 -0.000000000000000e+00 
 3.388441561391958e+06 -2.750567104779566e-22  4.760114278913837e-20  2.574208214569101e-04 -0.000000000000000e+00 
 3.467368504525247e+06 -2.765627268077277e-22  4.655208054658789e-20  2.601388256872025e-04 -0.000000000000000e+00 
 3.548133892335684e+06 -2.779485908133270e-22  4.552778565522307e-20  2.629842964694408e-04  4.096000000000000e+03 
 3.630780547700941e+06 -2.792128889182645e-22  4.452771113917206e-20  2.659632433170775e-04 -0.000000000000000e+00 
 3.715352290971651e+06 -2.803542094897731e-22  4.355132296039314e-20  2.690819567723287e-04 -0.000000000000000e+00 
 3.801893963205536e+06 -2.813711290677228e-22  4.259809973916678e-20  2.723470216008068e-04  4.096000000000000e+03 
 3.890451449942728e+06 -2.822621984903397e-22  4.166753248055384e-20  2.757653306041645e-04 -0.000000000000000e+00 
 3.981071705534893e+06 -2.830259289202867e-22  4.075912430672645e-20  2.793440990805571e-04 -0.000000000000000e+00 
 4.073802778041046e+06 -2.836607780082312e-22  3.987239019499542e-20  2.830908799642980e-04 -0.000000000000000e+00 
 4.168693834703270e+06 -2.841651360175006e-22  3.900685672151882e-20  2.870135796777697e-04 -0.000000000000000e+00 
 4.265795188015841e+06 -2.845373119917602e-22  3.816206181057565e-20  2.911204747304498e-04 -0.000000000000000e+00 
 4.365158322401572e+06 -2.847755199849205e-22  3.733755448931640e-20  2.954202291018361e-04 -0.000000000000000e+00 
 4.466835921509542e+06 -2.848778653635837e-22  3.653289464790500e-20  2.999219124471078e-04 -0.000000000000000e+00 
 4.570881896148658e+06 -2.848423311693489e-22  3.574765280497612e-20  3.046350191665825e-04  4.096000000000000e+03 
 4.677351412871888e+06 -2.846667644859866e-22  3.498140987834248e-20  3.095694883824167e-04  4.096000000000000e+03 
 4.786300923226287e+06 -2.843488628927032e-22  3.423375696084493e-20  3.147357248685473e-04 -0.000000000000000e+00 
 4.897788193684363e+06 -2.838861609197260e-22  3.350429510128991e-20  3.201446209826501e-04 -0.000000000000000e+00 
 5.011872336272622e+06 -2.832760164854884e-22  3.279263509039768e-20  3.258075796518799e-04  4.096000000000000e+03 
 5.128613839913545e+06 -2.825155973351234e-22  3.209839725167262e-20  3.317365384673980e-04 -0.000000000000000e+00 
 5.248074602497620e+06 -2.816018674064426e-22  3.142121123713414e-20  3.379439949462280e-04  4.096000000000000e+03 
 5.370317963702418e+06 -2.805315731162925e-22  3.076071582782680e-20  3.444430330227259e-04  4.096000000000000e+03 
 5.495408738576134e+06 -2.793012295095298e-22  3.011655873904100e-20  3.512473508362045e-04  4.096000000000000e+03 
 5.623413251903377e+06 -2.779071062813297e-22  2.948839643015864e-20  3.583712898856699e-04 -0.000000000000000e+00 
 5.754399373371452e+06 -2.763452135558284e-22  2.887589391906904e-20  3.658298656276325e-04 -0.000000000000000e+00 
 5.888436553555770e+06 -2.746112874690329e-22  2.827872460106020e-20  3.736387995982728e-04 -0.000000000000000e+00 
 6.025595860743455e+06 -2.727007753960338e-22  2.769657007213906e-20  3.818145531471934e-04 -0.000000000000000e+00 
 6.165950018614695e+06 -2.706088208999052e-22  2.712911995667963e-20  3.903743628763463e-04 -0.000000000000000e+00 
 6.309573444801803e+06 -2.683302482603170e-22  2.657607173934840e-20  3.993362778848597e-04 -0.000000000000000e+00 
 6.456542290346422e+06 -2.658595465306805e-22  2.603713060123397e-20  4.087191989281321e-04 -0.000000000000000e+00 
 6.606934480075824e+06 -2.631908531371361e-22  2.551200926009640e-20  4.185429196081028e-04 -0.000000000000000e+00 
 6.760829753919679e+06 -2.603179368663173e-22  2.500042781468512e-20  4.288281697209167e-04 -0.000000000000000e+00 
 6.918309709189222e+06 -2.572341802539370e-22  2.450211359304156e-20  4.395966608983079e-04 -0.000000000000000e+00 
 7.079457843841233e+06 -2.539325612169437e-22  2.401680100473445e-20  4.508711346904281e-04 -0.000000000000000e+00 
 7.244359600749752e+06 -2.504056340144740e-22  2.354423139693293e-20  4.626754132499823e-04 -0.000000000000000e+00 
 7.413102413009022e+06 -2.466455092325770e-22  2.308415291429003e-20  4.750344527912308e-04 -0.000000000000000e+00 
 7.585775750291681e+06 -2.426438329585862e-22  2.263632036252890e-20  4.879744000121870e-04  8.192000000000000e+03 
 7.762471166286756e+06 -2.383917647962249e-22  2.220049507570817e-20  5.015226516846272e-04 -0.000000000000000e+00 
 7.943282347242650e+06 -2.338799549191164e-22  2.177644478705644e-20  5.157079176345865e-04 -0.000000000000000e+00 
 8.128305161640823e+06 -2.290985198473212e-22  2.136394350334517e-20  5.305602873555397e-04 -0.000000000000000e+00 
 8.317637711026536e+06 -2.240370168100363e-22  2.096277138273581e-20  5.461113005180579e-04  8.192000000000000e+03 
 8.511380382023586e+06 -2.186844168856836e-22  2.057271461599652e-20  5.623940216632204e-04 -0.000000000000000e+00 
 8.709635899560623e+06 -2.130290763789079e-22  2.019356531107710e-20  5.794431193930221e-04 -0.000000000000000e+00 
 8.912509381337266e+06 -2.070587066299767e-22  1.982512138093193e-20  5.972949503989650e-04 -0.000000000000000e+00 
 9.120108393558905e+06 -2.007603419364961e-22  1.946718643454411e-20  6.159876487009612e-04 -0.000000000000000e+00 
 9.332543007969713e+06 -1.941203055441959e-22  1.911956967106627e-20  6.355612205021412e-04 -0.000000000000000e+00 
 9.549925860214157e+06 -1.871241734087040e-22  1.878208577701648e-20  6.560576451012692e-04 -0.000000000000000e+00 
 9.772372209557900e+06 -1.797567356750456e-22  1.845455482643605e-20  6.775209823445334e-04 -0.000000000000000e+00 
 9.999999999999788e+06 -1.720019555857997e-22  1.813680218393285e-20  6.999974871407526e-04 -0.000000000000000e+00 
 1.023292992280732e+07 -1.638429256970433e-22  1.782865841050987e-20  7.235357316103814e-04 -0.000000000000000e+00 
 1.047128548050877e+07 -1.552618210355731e-22  1.752995917208862e-20  7.481867354890144e-04  8.192000000000000e+03 
 1.071519305237583e+07 -1.462398491154257e-22  1.724054515060296e-20  7.740041054589481e-04 -0.000000000000000e+00 
 1.096478196143162e+07 -1.367571963695411e-22  1.696026195755143e-20  8.010441841398096e-04  8.192000000000000e+03 
 1.122018454301939e+07 -1.267929708928441e-22  1.668896004985666e-20  8.293662095316351e-04 -0.000000000000000e+00 
 1.148153621496858e+07 -1.163251409682837e-22  1.642649464788771e-20  8.590324857668447e-04 -0.000000000000000e+00 
 1.174897554939504e+07 -1.053304692717996e-22  1.617272565545417e-20  8.901085660987664e-04 -0.000000000000000e+00 
 1.202264434617387e+07 -9.378444212477415e-23  1.592751758158317e-20  9.226634491256931e-04 -0.000000000000000e+00 
 1.230268770812355e+07 -8.166119368820067e-23  1.569073946383472e-20  9.567697893260532e-04 -0.000000000000000e+00 
 1.258925411794140e+07 -6.893342442452155e-23  1.546226479290306e-20  9.925041230609585e-04 -0.000000000000000e+00 
 1.288249551693106e+07 -5.557231351720306e-23  1.524197143819576e-20  1.029947111280496e-03 -0.000000000000000e+00 
 1.318256738556379e+07 -4.154742474378467e-23  1.502974157404630e-20  1.069183800257601e-03 -0.000000000000000e+00 
 1.348962882591625e+07 -2.682660526016910e-23  1.482546160616601e-20  1.110303901757125e-03 -0.000000000000000e+00 
 1.380384264602855e+07 -1.137587675562200e-23  1.462902209788221e-20  1.153402094137224e-03 -0.000000000000000e+00 
 1.412537544622724e+07  4.840681556509545e-24  1.444031769564545e-20  1.198578345962864e-03  1.638400000000000e+04 
 1.445439770745896e+07  2.186105879842891e-23  1.425924705321623e-20  1.245938263800426e-03 -0.000000000000000e+00 
 1.479108388168175e+07  3.972544766770572e-23  1.408571275385814e-20  1.295593465938052e-03  1.638400000000000e+04 
 1.513561248436175e+07  5.847638982554312e-23  1.391962122977178e-20  1.347661983855952e-03 -0.000000000000000e+00 
 1.548816618912448e+07  7.815893202853566e-23  1.376088267790016e-20  1.402268693334222e-03  1.638400000000000e+04 
 1.584893192461079e+07  9.882079380142938e-23  1.360941097111779e-20  1.459545777142800e-03 -0.000000000000000e+00 
 1.621810097358895e+07  1.205125473048460e-22  1.346512356368755e-20  1.519633221298465e-03  1.638400000000000e+04 
 1.659586907437524e+07  1.432878101142941e-22  1.332794138972507e-20  1.582679346896286e-03 -0.000000000000000e+00 
 1.698243652461707e+07  1.672034517426476e-22  1.319778875324587e-20  1.648841379520015e-03 -0.000000000000000e+00 
 1.737800828749337e+07  1.923198144913627e-22  1.307459320820000e-20  1.718286058205724e-03 -0.000000000000000e+00 
 1.778279410038884e+07  2.187009494249575e-22  1.295828542669643e-20  1.791190285862169e-03 -0.000000000000000e+00 
 1.819700858609944e+07  2.464148680285284e-22  1.284879905341213e-20  1.867741822947889e-03 -0.000000000000000e+00 
 1.862087136662827e+07  2.755338103020637e-22  1.274607054393337e-20  1.948140026030612e-03  1.638400000000000e+04 
 1.905460717963205e+07  3.061345295041618e-22  1.265003898454497e-20  2.032596632635246e-03  1.638400000000000e+04 
 1.949844599758003e+07  3.382985943592773e-22  1.256064589066474e-20  2.121336593481169e-03 -0.000000000000000e+00 
 1.995262314968836e+07  3.721127085665097e-22  1.247783498086757e-20  2.214598952817786e-03 -0.000000000000000e+00 
 2.041737944669485e+07  4.076690479607325e-22  1.240155192307853e-20  2.312637777072467e-03 -0.000000000000000e+00 
 2.089296130853994e+07  4.450656151020449e-22  1.233174404918681e-20  2.415723131405376e-03 -0.000000000000000e+00 
 2.137962089502185e+07  4.844066108155897e-22  1.226836003396437e-20  2.524142103000998e-03 -0.000000000000000e+00 
 2.187761623949505e+07  5.258028219845052e-22  1.221134953377371e-20  2.638199869003276e-03 -0.000000000000000e+00 
 2.238721138568290e+07  5.693720243830168e-22  1.216066278015101e-20  2.758220805868591e-03  1.638400000000000e+04 
 2.290867652767723e+07  6.152393989508641e-22  1.211625012291842e-20  2.884549635577136e-03 -0.000000000000000e+00 
 2.344228815319870e+07  6.635379590967726e-22  1.207806151707718e-20  3.017552602531791e-03  1.638400000000000e+04 
 2.398832919019438e+07  7.144089863728174e-22  1.204604594725245e-20  3.157618673092459e-03 -0.000000000000000e+00 
 2.454708915684976e+07  7.680024704986726e-22  1.202015078310232e-20  3.305160747467659e-03 -0.000000000000000e+00 
 2.511886431509525e+07  8.244775492658498e-22  1.200032105865007e-20  3.460616871089214e-03  3.276800000000000e+04 
 2.570395782768807e+07  8.840029423678786e-22  1.198649866818721e-20  3.624451429586705e-03 -0.000000000000000e+00 
 2.630267991895324e+07  9.467573723209383e-22  1.197862147104539e-20  3.797156308014806e-03 -0.000000000000000e+00 
 2.691534803926856e+07  1.012929963759694e-21  1.197662229738915e-20  3.979251990987535e-03  3.276800000000000e+04 
 2.754228703338105e+07  1.082720611164210e-21  1.198042784702651e-20  4.171288575882521e-03 -0.000000000000000e+00 
 2.818382931264391e+07  1.156340302932056e-21  1.198995747335346e-20  4.373846666087971e-03 -0.000000000000000e+00 
 2.884031503126542e+07  1.234011387673004e-21  1.200512184481175e-20  4.587538105627437e-03 -0.000000000000000e+00 
 2.951209226666320e+07  1.315967766492829e-21  1.202582147675587e-20  4.813006510009157e-03 -0.000000000000000e+00 
 3.019951720401949e+07  1.402454992088872e-21  1.205194512756022e-20  5.050927541243177e-03 -0.000000000000000e+00 
 3.090295432513522e+07  1.493730253140463e-21  1.208336805400621e-20  5.302008867268555e-03 -0.000000000000000e+00 
 3.162277660168309e+07  1.590062219191007e-21  1.211995012282716e-20  5.566989737915841e-03 -0.000000000000000e+00 
 3.235936569296210e+07  1.691730718292850e-21  1.216153377761301e-20  5.846640100928181e-03 -0.000000000000000e+00 
 3.311311214825837e+07  1.799026216292655e-21  1.220794186338409e-20  6.141759172709749e-03 -0.000000000000000e+00 
 3.388441561391950e+07  1.912249063610709e-21  1.225897531497611e-20  6.453173369579518e-03 -0.000000000000000e+00 
 3.467368504525239e+07  2.031708472075943e-21  1.231441072022659e-20  6.781733496738283e-03  3.276800000000000e+04 
 3.548133892335676e+07  2.157721181669074e-21  1.237399777474920e-20  7.128311084379469e-03 -0.000000000000000e+00 
 3.630780547700933e+07  2.290609774466140e-21  1.243745665215600e-20  7.493793753725620e-03 -0.000000000000000e+00 
 3.715352290971643e+07  2.430700591776165e-21  1.250447532165722e-20  7.879079491457181e-03  3.276800000000000e+04 
 3.801893963205528e+07  2.578321209416570e-21  1.257470685463809e-20  8.285069709085033e-03 -0.000000000000000e+00 
 3.890451449942719e+07  2.733797427276553e-21  1.264776677240731e-20  8.712660966181000e-03 -0.000000000000000e+00 
 3.981071705534884e+07  2.897449731641514e-21  1.272323049936787e-20  9.162735243436986e-03 -0.000000000000000e+00 
 4.073802778041036e+07  3.069589193753408e-21  1.280063099882096e-20  9.636148664947452e-03 -0.000000000000000e+00 
 4.168693834703261e+07  3.250512775741482e-21  1.287945668234386e-20  1.013371859014491e-02 -0.000000000000000e+00 
 4.265795188015831e+07  3.440498025969873e-21  1.295914969767150e-20  1.065620902603248e-02 -0.000000000000000e+00 
 4.365158322401562e+07  3.639797160541999e-21  1.303910471385052e-20  1.120431435056085e-02  3.276800000000000e+04 
 4.466835921509531e+07  3.848630546759094e-21  1.311866833486636e-20  1.177864139027820e-02 -0.000000000000000e+00 
 4.570881896148648e+07  4.067179627429408e-21  1.319713928364279e-20  1.237968995947010e-02 -0.000000000000000e+00 
 4.677351412871877e+07  4.295579353142016e-21  1.327376950541526e-20  1.300783204493912e-02 -0.000000000000000e+00 
 4.786300923226276e+07  4.533910221998735e-21  1.334776634172135e-20  1.366328990979595e-02 -0.000000000000000e+00 
 4.897788193684352e+07  4.782190062139289e-21  1.341829592289741e-20  1.434611348884236e-02 -0.000000000000000e+00 
 5.011872336272611e+07  5.040365732046500e-21  1.348448791479811e-20  1.505615755589518e-02 -0.000000000000000e+00 
 5.128613839913534e+07  5.308304953290126e-21  1.354544173497723e-20  1.579305925425869e-02 -0.000000000000000e+00 
 5.248074602497608e+07  5.585788530670233e-21  1.360023432167080e-20  1.655621669059245e-02 -0.000000000000000e+00 
 5.370317963702407e+07  5.872503250333742e-21  1.364792949600213e-20  1.734476939203096e-02 -0.000000000000000e+00 
 5.495408738576122e+07  6.168035776424316e-21  1.368758890333742e-20  1.815758150780943e-02 -0.000000000000000e+00 
 5.623413251903364e+07  6.471867886135169e-21  1.371828445362252e-20  1.899322869046508e-02 -0.000000000000000e+00 
 5.754399373371439e+07  6.783373388876627e-21  1.373911210587143e-20  1.984998960757391e-02 -0.000000000000000e+00 
 5.888436553555757e+07  7.101817063748558e-21  1.374920676016455e-20  2.072584300340879e-02 -0.000000000000000e+00 
 6.025595860743441e+07  7.426355917969199e-21  1.374775793698685e-20  2.161847114321585e-02 -0.000000000000000e+00 
 6.165950018614683e+07  7.756043015099765e-21  1.373402584260737e-20  2.252527032529188e-02 -0.000000000000000e+00 
 6.309573444801790e+07  8.089834046229301e-21  1.370735734743678e-20  2.344336893709697e-02 -0.000000000000000e+00 
 6.456542290346409e+07  8.426596719814100e-21  1.366720134803852e-20  2.436965326458248e-02  6.553600000000000e+04 
 6.606934480075811e+07  8.765122931442453e-21  1.361312294959762e-20  2.530080094867527e-02 -0.000000000000000e+00 
 6.760829753919666e+07  9.104143548050844e-21  1.354481589889442e-20  2.623332163451699e-02 -0.000000000000000e+00 
 6.918309709189209e+07  9.442345510136414e-21  1.346211272370797e-20  2.716360399840630e-02 -0.000000000000000e+00 
 7.079457843841220e+07  9.778390828364241e-21  1.336499209321110e-20  2.808796798819027e-02 -0.000000000000000e+00 
 7.244359600749739e+07  1.011093693837952e-20  1.325358300620849e-20  2.900272080268484e-02 -0.000000000000000e+00 
 7.413102413009009e+07  1.043865778794872e-20  1.312816553468477e-20  2.990421488886648e-02 -0.000000000000000e+00 
 7.585775750291668e+07  1.076026497137941e-20  1.298916799235681e-20  3.078890607313491e-02 -0.000000000000000e+00 
 7.762471166286743e+07  1.107452820588034e-20  1.283716055518959e-20  3.165340988626246e-02  6.553600000000000e+04 
 7.943282347242635e+07  1.138029446136835e-20  1.267284551740172e-20  3.249455418852541e-02  6.553600000000000e+04 
 8.128305161640808e+07  1.167650511427678e-20  1.249704451746017e-20  3.330942636324543e-02 -0.000000000000000e+00 
 8.317637711026521e+07  1.196221058791408e-20  1.231068319726221e-20  3.409541360007899e-02 -0.000000000000000e+00 
 8.511380382023571e+07  1.223658206394817e-20  1.211477386002201e-20  3.485023512483787e-02 -0.000000000000000e+00 
 8.709635899560608e+07  1.249891999037618e-20  1.191039675943604e-20  3.557196561989615e-02 -0.000000000000000e+00 
 8.912509381337252e+07  1.274865926007442e-20  1.169868068126557e-20  3.625904948807467e-02 -0.000000000000000e+00 
 9.120108393558890e+07  1.298537108301603e-20  1.148078347131280e-20  3.691030602271320e-02  6.553600000000000e+04 
 9.332543007969697e+07  1.320876170948519e-20  1.125787312001336e-20  3.752492591625629e-02  6.553600000000000e+04 
 9.549925860214141e+07  1.341866827971176e-20  1.103110994346110e-20  3.810245986401842e-02 -0.000000000000000e+00 
 9.772372209557883e+07  1.361505216545267e-20  1.080163030764810e-20  3.864280026820371e-02 -0.000000000000000e+00 
 9.999999999999771e+07  1.379799023244520e-20  1.057053223728202e-20  3.914615722132377e-02 -0.000000000000000e+00 
